    0.122202208320628173E-94   -0.192523264461979998E+05    0.759062537208925558E+01    0.339040927602170028E+00    0.424512951604040012E+00
    0.261094768881525465E-93   -0.192585166956959438E+05    0.231941497286942067E+01    0.250031584490751080E+00    0.342931225017476748E+00
    0.174910303795332673E-90   -0.192715976526249797E+05    0.160568973606272856E+02    0.334994288978227306E+00    0.421294158895197057E+00
    0.188436831506313258E-88   -0.192810236387567602E+05    0.119198161919638341E+02    0.304691487540700245E+00    0.383080755327284805E+00
    0.100901836244486234E-85   -0.192936565865543889E+05    0.111621618916885907E+02    0.219964210538383165E+00    0.293621853654926213E+00
    0.463743066664697441E-85   -0.192967736182957960E+05    0.119435626214429202E+02    0.322662656200012443E+00    0.427797273576899784E+00
    0.835511812407662867E-84   -0.193026228827941377E+05    0.596666296426501486E+01    0.316900600342873595E+00    0.412437857313182832E+00
    0.318449863189291198E-79   -0.193237862415130185E+05    0.260119058707347417E+01    0.312699852083812013E+00    0.453403818574960482E+00
    0.295219806153171374E-78   -0.193283065886402510E+05    0.502489049705352997E+01    0.302758975104595873E+00    0.435222356032516799E+00
    0.383240501042114052E-77   -0.193335003105882570E+05    0.874256904112225541E+01    0.225687278594630142E+00    0.396949907874198260E+00
    0.800567489913732046E-75   -0.193442506338397288E+05    0.116948299055541209E+02    0.244516799883885139E+00    0.326221342724666741E+00
    0.499503995184416980E-73   -0.193525842303940553E+05    0.114868032587137847E+02    0.219709940824727779E+00    0.387879965755812961E+00
    0.951272393285468641E-73   -0.193539392667674838E+05    0.172337460313158601E+02    0.260956688168781592E+00    0.405941663456841795E+00
    0.106655616771920213E-72   -0.193542347129385234E+05    0.703343477506494397E+00    0.326906904566569845E+00    0.480053626044419701E+00
    0.108813742903473334E-72   -0.193543414446669885E+05    0.103051048381790231E+02    0.294629634704458354E+00    0.414947529886733335E+00
    0.866023886480781896E-72   -0.193585566610353089E+05    0.189885463003883643E+02    0.273064006784460578E+00    0.357456821468819186E+00
    0.980843821206742397E-72   -0.193588723292069881E+05    0.242369497040042692E+01    0.298057365773890970E+00    0.443681848682173197E+00
    0.150614947245226154E-71   -0.193597967926966594E+05    0.119554998975006121E+02    0.272448669842312363E+00    0.411385725940021985E+00
    0.706075996714072954E-70   -0.193675586221773810E+05    0.152038413926204754E+02    0.274997839159353386E+00    0.407999016348664867E+00
    0.196092428020193978E-68   -0.193742733557036991E+05    0.178115487270848938E+01    0.206649720247418928E+00    0.407707063067917375E+00
    0.282801166400777038E-68   -0.193750723382481228E+05    0.129188301864447386E+02    0.280724894303109929E+00    0.374935493303290457E+00
    0.873550863921536442E-68   -0.193773946495136115E+05    0.126194723121081580E+02    0.231036364151978590E+00    0.314523390927085700E+00
    0.452647855795920193E-67   -0.193807515825762857E+05    0.406636244281909143E+01    0.289625157608819683E+00    0.407306945245061058E+00
    0.167939935100771272E-66   -0.193834404032757520E+05    0.683358370800445414E+01    0.196405288414600365E+00    0.372277007080231925E+00
    0.201314662192532958E-66   -0.193838695955048170E+05    0.172064517608919978E+02    0.235856951136000581E+00    0.389681176212398839E+00
    0.249284471239752090E-65   -0.193889688834207227E+05    0.337591965473849898E+00    0.316127832546142962E+00    0.529232138978539268E+00
    0.309220813072523204E-64   -0.193940716421293037E+05    0.155284609516023373E+02    0.273312681352517628E+00    0.399926614575210948E+00
    0.516136245229458916E-64   -0.193951629390853122E+05    0.164623986121029908E+02    0.269770110079057435E+00    0.362929342062091820E+00
    0.560447927246107478E-63   -0.193999995070625955E+05    0.169521221754877942E+02    0.255034083792159916E+00    0.344399555502683086E+00
    0.831982017900128218E-63   -0.194008563227160630E+05    0.968803671914140629E+01    0.278142677301484065E+00    0.398525763214220063E+00
    0.117525686793693864E-62   -0.194016138517551481E+05    0.940199867304809445E+01    0.231536971709629336E+00    0.320946076236090505E+00
    0.108289583355705443E-59   -0.194153323330706698E+05    0.137237138227860971E+02    0.131814385316417759E+00    0.293582033622412197E+00
    0.215312500039835649E-57   -0.194259839030998046E+05    0.106956780222986918E+02    0.199254796599347000E+00    0.364356926559679550E+00
    0.737262235240634771E-57   -0.194285122761303646E+05    0.111217384818870926E+02    0.259693144849941715E+00    0.362160745630946579E+00
    0.105425012078299802E-55   -0.194338993957107305E+05    0.632947418093817404E+01    0.263685206403998840E+00    0.393467622389030325E+00
    0.114974235868796223E-55   -0.194341394786836754E+05    0.893667773047907588E+01    0.247114586026958155E+00    0.390009742080369648E+00
    0.612358014584840906E-54   -0.194421565336068961E+05    0.162855125077154099E+02    0.222547358250876848E+00    0.373330839818885707E+00
    0.535087378245677801E-52   -0.194511637665550588E+05    0.132255139477013639E+02    0.148124066166070850E+00    0.310984228291550480E+00
    0.444911924977727648E-51   -0.194554664959753063E+05    0.206806980310773803E+01    0.260094337898627459E+00    0.399932612054563208E+00
    0.215978144464828837E-50   -0.194586929345846656E+05    0.121087038024794129E+02    0.229146899561329886E+00    0.325558478538567897E+00
    0.230344180562638151E-50   -0.194588883960674793E+05    0.599460505646322694E+01    0.231085514654687296E+00    0.335019127961967200E+00
    0.139206741073543294E-45   -0.194809736847568347E+05    0.150224210952212278E+01    0.181828799637300392E+00    0.374188767576020709E+00
    0.114341831004793846E-43   -0.194898571564063059E+05    0.194435049530173387E+02    0.200138337430187968E+00    0.350786668112196054E+00
    0.407523678468400104E-42   -0.194970708063755010E+05    0.119964095428039048E+02    0.212303945867953481E+00    0.359472764800155886E+00
    0.211988554426573955E-41   -0.195004355097221487E+05    0.125657317398345327E+02    0.229274259983625772E+00    0.363196933095593977E+00
    0.180934842027862691E-40   -0.195047905559607971E+05    0.246972642460143321E+01    0.231684197988251073E+00    0.385624177144629599E+00
    0.503153955481443890E-40   -0.195069027410677190E+05    0.190150251823625638E+02    0.231677996657220719E+00    0.340544699094609271E+00
    0.810354615014805564E-40   -0.195079225592351686E+05    0.186046886458994698E+01    0.155858233718966482E+00    0.337455453674690986E+00
    0.296607457272700510E-39   -0.195105842713352940E+05    0.131728794877864495E+02    0.214568942590031980E+00    0.356458798792317566E+00
    0.197928538297098864E-37   -0.195190522713258288E+05    0.889099216766454603E+01    0.133106746983279123E+00    0.286266904601307104E+00
    0.450762752788660641E-37   -0.195207650082049004E+05    0.199827880093313901E+02    0.133175315606779032E+00    0.281465578883343781E+00
    0.510367115062876804E-37   -0.195210800531638852E+05    0.134749014802756903E+02    0.224618262118005063E+00    0.353525971183838550E+00
    0.125562780688082495E-36   -0.195229472411721363E+05    0.971624367028635660E+01    0.153106520207253072E+00    0.309729528290805689E+00
    0.405520780749059241E-36   -0.195253586403217014E+05    0.150103734789486136E+02    0.189066274911561666E+00    0.338422040727193618E+00
    0.189766601204795762E-33   -0.195377220631120581E+05    0.379718178759973890E+01    0.205652310403395960E+00    0.359470707711651016E+00
    0.338331457565194457E-32   -0.195435503622773540E+05    0.157678189124741746E+02    0.191431400238602639E+00    0.288563890877323814E+00
    0.519269737676144805E-31   -0.195490789939605638E+05    0.635125699144560585E+01    0.203900501981622184E+00    0.317261119687087145E+00
    0.535626804932837997E-31   -0.195492076889976088E+05    0.183137909185049281E+02    0.213289483714821509E+00    0.339510028577850065E+00
    0.542630445824843043E-31   -0.195493003373653301E+05    0.266603733686741595E+01    0.214314779980333048E+00    0.358824281644420040E+00
    0.299911117316566728E-30   -0.195527862895089893E+05    0.135066905304549039E+02    0.173173303548167817E+00    0.321945993127100039E+00
    0.423636108234324108E-30   -0.195535437335682436E+05    0.160724864939165215E+02    0.153507306999579485E+00    0.302291896503099622E+00
    0.907485525971125288E-30   -0.195551340057653688E+05    0.138756111410420182E+02    0.165249910421098767E+00    0.314466300781246488E+00
    0.142520608078329629E-29   -0.195561034605993773E+05    0.111802503727129228E+02    0.197019656670633869E+00    0.337904071417421292E+00
    0.393983755450922638E-28   -0.195628089435945949E+05    0.182214570048634208E+02    0.209030376047996569E+00    0.326667126918644968E+00
    0.924441485621809419E-28   -0.195645813704156571E+05    0.142133844908100677E+02    0.207730012335584108E+00    0.327190456441076805E+00
    0.101553091780885545E-27   -0.195648359912235828E+05    0.153870204834831767E+02    0.169519902856131693E+00    0.261050641663063132E+00
    0.142103277905281020E-27   -0.195655746026281922E+05    0.179413501885518585E+02    0.144200619714765582E+00    0.289517058833986596E+00
    0.182917453896378210E-27   -0.195661462310489405E+05    0.125266178787668476E+02    0.151760154919822504E+00    0.236341691492361505E+00
    0.194000687054304384E-27   -0.195663305511578110E+05    0.193215799144093765E+02    0.206541551791203870E+00    0.330581834718673306E+00
    0.833692860984444636E-27   -0.195693132245479865E+05    0.126373574459587683E+02    0.184421638233374263E+00    0.326963076002895647E+00
    0.430883956476436873E-26   -0.195726650088986571E+05    0.126889364705866026E+02    0.168335807828769723E+00    0.314485680507686993E+00
    0.127425577017785126E-25   -0.195749002330976546E+05    0.338399932364231759E+01    0.170958632718911346E+00    0.329863713612413179E+00
    0.283039406986326904E-24   -0.195811681772517950E+05    0.138186966882968356E+02    0.188544194295213602E+00    0.294578446221740009E+00
    0.322266772985241429E-24   -0.195814944310280989E+05    0.558476873271045893E+01    0.192030891698538625E+00    0.333369626298692268E+00
    0.542759459832735094E-24   -0.195826036707907333E+05    0.167015319324986180E+02    0.179389033157124234E+00    0.318839690718581537E+00
    0.785185176740876468E-24   -0.195834088441490931E+05    0.145493611860166503E+02    0.194512157727915469E+00    0.325102563324533023E+00
    0.307901655444300771E-23   -0.195862084026969096E+05    0.177624140542933118E+01    0.179195952366453193E+00    0.345069209142025102E+00
    0.358570751812606718E-23   -0.195865797604920008E+05    0.150741188591459974E+02    0.193374101580239405E+00    0.305016652983020720E+00
    0.435682934018620298E-23   -0.195870360046937712E+05    0.194440047528513098E+02    0.196386580722405224E+00    0.310450145785230447E+00
    0.492833327019948510E-23   -0.195873491839095768E+05    0.835244748247153268E+01    0.195451802381136658E+00    0.324259464168408229E+00
    0.163547200931514571E-22   -0.195898148819653761E+05    0.894315603938205150E+01    0.187104736369690827E+00    0.298966193129588831E+00
    0.167458205418209234E-22   -0.195899288129537454E+05    0.131499401509881686E+02    0.168441202648081878E+00    0.265313075630855266E+00
    0.283512163708515720E-22   -0.195910485220754235E+05    0.110020609993102276E+02    0.159969040350240344E+00    0.304349353752929375E+00
    0.621066399065339944E-22   -0.195926835546846596E+05    0.165007887498171790E+02    0.160735211412910417E+00    0.252664681999213769E+00
    0.410529088877889193E-21   -0.195965274091161518E+05    0.750069315127514091E+01    0.188178061160303112E+00    0.322206933119279171E+00
    0.123795217210028720E-20   -0.195988016098445223E+05    0.186762400921814766E+02    0.189802911309459810E+00    0.315485789324782218E+00
    0.514631911249680115E-20   -0.196017179228779387E+05    0.147689020940188787E+02    0.189231086452050890E+00    0.313475456049905787E+00
    0.725712765448274155E-20   -0.196024719943185664E+05    0.385111528891873389E+01    0.182757495935059328E+00    0.326082456952843103E+00
    0.401746222365621462E-19   -0.196059611637811504E+05    0.109870388631453153E+02    0.158856563722419852E+00    0.300068397934552422E+00
    0.484484759914788450E-19   -0.196064023611956691E+05    0.909336206729643060E+01    0.181156780446402377E+00    0.315135917850327019E+00
    0.611350197736581801E-19   -0.196069341958112964E+05    0.189135596136279318E+02    0.186957810076397030E+00    0.302144216900330775E+00
    0.129459340838259559E-18   -0.196085014264868478E+05    0.424394621134818045E-01    0.130209660926572407E+00    0.336031714226777467E+00
    0.205384548077338218E-18   -0.196094911275629929E+05    0.964802069877324309E+00    0.176797442720763531E+00    0.347641980813149232E+00
    0.276386433052127439E-18   -0.196101516261096549E+05    0.855122319281014498E+01    0.157806375133480448E+00    0.299813642200154717E+00
    0.811825757657093815E-18   -0.196123732642298273E+05    0.113187290049193034E+02    0.175169001088204851E+00    0.309316743879911371E+00
    0.456356576976494030E-17   -0.196158930785585253E+05    0.148502468154068588E+02    0.176715129870041288E+00    0.285872061119224696E+00
    0.551927165567948908E-17   -0.196163400284654817E+05    0.173671433006678591E+02    0.160631840968036982E+00    0.257313505425226907E+00
    0.571454793374058003E-17   -0.196164762337066713E+05    0.147625932842759351E+02    0.155450177072205237E+00    0.292748082832099854E+00
    0.245454610759092513E-16   -0.196194579238930310E+05    0.428719912811533876E+00    0.158573960965626870E+00    0.347234072232572188E+00
    0.350064083130009431E-16   -0.196202345989339592E+05    0.143981342060445154E+02    0.180031686547149045E+00    0.302015759673544437E+00
    0.110570740619533605E-15   -0.196226015143273071E+05    0.112987096196988936E+02    0.176718049459013288E+00    0.303711608825157242E+00
    0.124458855808985402E-15   -0.196229048203602288E+05    0.107623245008645618E+02    0.177676347721815314E+00    0.302268182019790999E+00
    0.356159800625849346E-15   -0.196250742956717841E+05    0.775570859322043660E+01    0.171079677102645211E+00    0.304504811070433590E+00
    0.442458022422691933E-15   -0.196255748945125852E+05    0.125907167046676349E+02    0.175548284792666764E+00    0.290896764593304269E+00
    0.464190717316910535E-15   -0.196257374609814724E+05    0.160756464469927636E+02    0.176502256910151756E+00    0.299883831535012746E+00
    0.460264226478142160E-15   -0.196257871381151090E+05    0.175737459300078029E+02    0.161852189381255396E+00    0.261759338808833064E+00
    0.603389630937126619E-15   -0.196263953296062209E+05    0.188097335538950396E+02    0.177145863150885846E+00    0.292864799885773408E+00
    0.876679878570130248E-15   -0.196272091538025234E+05    0.135485714506010737E+02    0.175333113827316589E+00    0.299539280781949913E+00
    0.863802963475375049E-15   -0.196272462260377106E+05    0.171238584732265338E+02    0.155462786408674808E+00    0.251752130476891267E+00
    0.102199255208408709E-14   -0.196276492222881498E+05    0.361650920365645945E+00    0.161660520088991178E+00    0.349228564610950087E+00
    0.114586473376816212E-14   -0.196279446997024133E+05    0.763775514358324914E+00    0.149429930117988607E+00    0.321816391238245458E+00
    0.304386893016709109E-14   -0.196299653059744523E+05    0.155725904915453501E+02    0.169579835798175788E+00    0.278012803166397759E+00
    0.366672131059688560E-14   -0.196304043096536334E+05    0.624900361207493482E+00    0.157015224453416313E+00    0.332440867744708157E+00
    0.434969296402214631E-14   -0.196308125910657363E+05    0.175443050508471075E+02    0.174936085934393637E+00    0.293250229555550135E+00
    0.820057057992057960E-14   -0.196321474546826830E+05    0.162389259160000563E+02    0.173941628621097300E+00    0.293800539828897200E+00
    0.183397285148539059E-13   -0.196338238532074574E+05    0.163111237050723261E+02    0.153470860636134743E+00    0.250479551151423507E+00
    0.273486321024816066E-13   -0.196346897135726467E+05    0.921791575083088155E+01    0.168309095351042604E+00    0.297186323736264413E+00
    0.271666014414951745E-13   -0.196347430238744491E+05    0.170848860598512466E+02    0.170765543245842949E+00    0.282914849401166180E+00
    0.482587361033276469E-13   -0.196359588676208805E+05    0.985010284166671468E+01    0.170371820370888022E+00    0.294036211708206707E+00
    0.622657648707754406E-13   -0.196365352040549187E+05    0.160445415391239123E+02    0.169544829044044942E+00    0.293534287569812591E+00
    0.736892438789507727E-12   -0.196415439310869151E+05    0.162398791456550811E+02    0.168023989647923117E+00    0.282430741732991208E+00
    0.192867043555673418E-11   -0.196435348861818347E+05    0.176191821635914216E+02    0.151213997213261286E+00    0.248994498486098337E+00
    0.200075635119775507E-11   -0.196436749416737839E+05    0.181869084385931750E+02    0.159941903362871812E+00    0.264404372668749943E+00
    0.789477067921759187E-11   -0.196464869589730224E+05    0.123738047003812106E+02    0.164871031375098620E+00    0.285471160914934075E+00
    0.268434894139108991E-10   -0.196490012710610281E+05    0.134782066928765900E+02    0.163734133094602080E+00    0.280977412193642806E+00
    0.552101642880280170E-09   -0.196551153554344055E+05    0.129841681734011960E+02    0.116301339311292939E+00    0.236489630864449296E+00
    0.724234004011483336E-09   -0.196557247868713639E+05    0.129910078945498704E+02    0.143487227512200166E+00    0.241365498769198439E+00
    0.728150266074102354E-09   -0.196558022393104584E+05    0.180187812448921427E+02    0.156750275373177483E+00    0.264273655741884994E+00
    0.740511641933220690E-09   -0.196559025738150558E+05    0.185531756651951625E+02    0.158202561872526015E+00    0.267574269030582457E+00
    0.248152318733304425E-08   -0.196583878134492406E+05    0.158331161492382257E+02    0.125377861157138948E+00    0.248337948110997075E+00
    0.461048783848085444E-08   -0.196596934023421563E+05    0.188772197515180338E+02    0.153882834326745543E+00    0.260104681662662429E+00
    0.710526513153285111E-08   -0.196606250738164963E+05    0.131670723114016575E+02    0.146482603290728014E+00    0.248451722691829247E+00
    0.357798510357447264E-07   -0.196639248381585458E+05    0.182063026785814515E+02    0.127051309843232402E+00    0.248586292192957359E+00
    0.480118672751687650E-07   -0.196645796314262443E+05    0.198571334156634762E+02    0.148289160655608515E+00    0.250944521198002590E+00
    0.685085288721071904E-07   -0.196653573181556094E+05    0.122877293936400172E+02    0.118376260850953388E+00    0.237353388782723940E+00
    0.663992459077769223E-07   -0.196653614397282909E+05    0.136139727426199446E+02    0.118136030036600656E+00    0.236537806287850927E+00
    0.791957662682488904E-07   -0.196657805806781107E+05    0.163540884348752691E+02    0.133319993707172291E+00    0.256183205203422304E+00
    0.100236336655767163E-06   -0.196663184631907861E+05    0.159182338597561195E+02    0.126403339171427820E+00    0.247513753446749973E+00
    0.946123221223942795E-06   -0.196708748139602030E+05    0.166648318941231679E+02    0.117593893844225778E+00    0.233380809175338655E+00
    0.119116654983094336E-05   -0.196714021117955599E+05    0.137949889343657759E+02    0.130229138342590450E+00    0.251306432005700131E+00
    0.136749146011276039E-05   -0.196717448682411850E+05    0.165719133522630173E+02    0.146415867830564622E+00    0.252601710004494606E+00
    0.234219277119374304E-05   -0.196728877540316207E+05    0.185279881837776728E+02    0.148772026646862676E+00    0.261974827793430620E+00
    0.289734734999108562E-05   -0.196733798367766940E+05    0.135704005238275709E+02    0.141801283542571210E+00    0.245247416390288464E+00
    0.813797131101308122E-05   -0.196755119940689001E+05    0.171775510783255285E+02    0.139068013541822189E+00    0.257999126653587041E+00
    0.112097798038800625E-04   -0.196762191520751658E+05    0.186462090821804303E+02    0.139360589569701682E+00    0.257641960345056376E+00
    0.205807905871057904E-04   -0.196775009618436670E+05    0.158920560844193517E+02    0.144727560140155115E+00    0.257630990060908616E+00
    0.246201000810772534E-04   -0.196779260385919333E+05    0.152645954035038844E+02    0.137611527046164583E+00    0.238436960706913226E+00
    0.442046871940038485E-04   -0.196791632405441924E+05    0.147382346577505139E+02    0.133799775808376958E+00    0.251838821152860604E+00
    0.465110082970512470E-04   -0.196793316235980019E+05    0.127268532864571782E+02    0.120304407545572409E+00    0.235676081091940048E+00
    0.569293101366872157E-04   -0.196798025328706608E+05    0.121808159655751851E+02    0.132143051841593057E+00    0.230486374521237991E+00
    0.663015635179141767E-04   -0.196801740058458126E+05    0.188400219036972096E+02    0.137853195362121372E+00    0.238824881849755144E+00
    0.703875867800888622E-04   -0.196803602794006511E+05    0.140046803016952417E+02    0.133825180289894624E+00    0.232925606131797025E+00
    0.762043198235640260E-04   -0.196805857485237430E+05    0.140856712438728202E+02    0.122418512132160484E+00    0.237811630386117301E+00
    0.975741068804432279E-04   -0.196811468032067714E+05    0.123084680912702353E+02    0.136283708583281676E+00    0.239432254402769829E+00
    0.100331070284275320E-03   -0.196812691963947509E+05    0.114981559864482978E+02    0.124973441406023428E+00    0.241725862720320706E+00
    0.106923887186193142E-03   -0.196814631467136460E+05    0.128598680772137541E+02    0.129169528317212595E+00    0.246288132350059641E+00
    0.125794334011329102E-03   -0.196818548754942349E+05    0.173200174309523121E+02    0.140248699669286409E+00    0.246427147912450906E+00
    0.132469883197441880E-03   -0.196820249561996425E+05    0.168240237866192430E+02    0.135639739353364930E+00    0.236175787749896671E+00
    0.138432058233003535E-03   -0.196821796715223609E+05    0.191817362218366334E+02    0.141470764454137254E+00    0.250471402266484233E+00
    0.238222337850962603E-03   -0.196833319877475151E+05    0.170207506336055410E+02    0.136663864789631689E+00    0.251285899312485128E+00
    0.355863253595939052E-03   -0.196842013386296021E+05    0.164623534859382303E+02    0.129271275600088553E+00    0.244275325960739309E+00
    0.399287576609235091E-03   -0.196844982760216953E+05    0.161747541529521364E+02    0.132372750169902353E+00    0.231355173578783990E+00
    0.436918069885963668E-03   -0.196847450702758833E+05    0.135346925090311743E+02    0.134179000865326747E+00    0.248982445435448341E+00
    0.447560264549539072E-03   -0.196848598679497736E+05    0.160374076910812313E+02    0.133980677784342639E+00    0.248410145407598648E+00
    0.490950257062978740E-03   -0.196851115978468115E+05    0.149673109079723581E+02    0.137997885608115434E+00    0.248528445867036041E+00
    0.492266766388757679E-03   -0.196851836204423562E+05    0.188017692139372841E+02    0.137885316302829047E+00    0.243372956356903813E+00
    0.530675561413553433E-03   -0.196854005472318167E+05    0.159499435820168998E+02    0.135138434137850649E+00    0.248744332547925495E+00
    0.572174817757533185E-03   -0.196856178013606477E+05    0.193514455862390413E+02    0.127467415180627347E+00    0.241129921473328679E+00
    0.657004169667861778E-03   -0.196859609596170230E+05    0.167716807578865641E+02    0.129576162728012229E+00    0.243601817105613350E+00
    0.727821807742422885E-03   -0.196862323580510129E+05    0.116118524871243807E+02    0.134558565220924048E+00    0.247835751541449767E+00
    0.781225495920635045E-03   -0.196864406398910505E+05    0.146318561088636194E+02    0.133434617233544994E+00    0.235734710237450074E+00
    0.104903863627644144E-02   -0.196870968377655408E+05    0.167279328746247131E+02    0.136566581504821233E+00    0.245745973567288445E+00
    0.118968749721422426E-02   -0.196874151374421781E+05    0.149310908195519847E+02    0.135626184167207176E+00    0.245794776460638076E+00
    0.122115818889558274E-02   -0.196875340222654850E+05    0.162238499161789491E+02    0.133308520178220563E+00    0.245721546609775743E+00
    0.131079751721034556E-02   -0.196877423609324833E+05    0.162532404740704592E+02    0.132695450347164789E+00    0.245155707765515984E+00
    0.138446606202987082E-02   -0.196879183852127317E+05    0.175306092101201862E+02    0.127929235571368427E+00    0.240627478150877039E+00
    0.163997549580537040E-02   -0.196883237853786231E+05    0.139715062978304072E+02    0.133091913311468052E+00    0.244821912057147983E+00
    0.169790842423511073E-02   -0.196884598837547856E+05    0.146699110728591204E+02    0.131821536849944826E+00    0.244050109240195212E+00
    0.168134880410082655E-02   -0.196885069487734327E+05    0.119480603285012243E+02    0.124502773398472974E+00    0.237406361206334182E+00
    0.182263552358434599E-02   -0.196887349898653374E+05    0.197753458764262220E+02    0.135431236298982322E+00    0.244077229473660395E+00
    0.179955119316514331E-02   -0.196887761640383687E+05    0.923793050408372984E+01    0.130757539745966628E+00    0.236743328827827781E+00
    0.218953469261168408E-02   -0.196892351342159272E+05    0.143189814262150747E+02    0.123657317437239983E+00    0.235428606219512560E+00
    0.220032447534976522E-02   -0.196893116324549082E+05    0.189920866307137430E+02    0.134864626304096152E+00    0.242265230518221131E+00
    0.353296742050390441E-02   -0.196903253657387104E+05    0.838695365326487874E+01    0.127094483599554553E+00    0.239433679460860915E+00
    0.345667564817733058E-02   -0.196903483707754458E+05    0.190997894920047813E+02    0.133722636762117097E+00    0.239655338639900961E+00
    0.387521442033101704E-02   -0.196906436247694473E+05    0.917279977079912534E+01    0.129624506009431734E+00    0.237285117311021310E+00
    0.567151054838097024E-02   -0.196914720004308219E+05    0.193526995823998007E+02    0.132524507215547094E+00    0.237750215229484141E+00
    0.570939813382520273E-02   -0.196915519833366270E+05    0.120798813835746763E+02    0.128694009217973970E+00    0.238887068753941278E+00
    0.616958573271258158E-02   -0.196917736861652957E+05    0.132274103089055970E+02    0.130520088868806283E+00    0.237212544283575966E+00
    0.621268978074075891E-02   -0.196918542773233348E+05    0.934870114210996306E+01    0.127344537192880913E+00    0.232086323563526875E+00
    0.609492781010908397E-02   -0.196918826699491656E+05    0.171417881901515088E+02    0.127438377299720795E+00    0.237405714238146714E+00
    0.594155150110800643E-02   -0.196918983633678217E+05    0.909585370061119747E+01    0.125882346730075645E+00    0.228767060242144993E+00
    0.576541428029807377E-02   -0.196919048434698525E+05    0.109936815932343777E+02    0.128670055053100196E+00    0.238059325563799717E+00
    0.634388156663357339E-02   -0.196921627377428631E+05    0.140340490780106908E+02    0.129797854364354981E+00    0.238327032330541755E+00
    0.619072632097808582E-02   -0.196921805276135638E+05    0.151109255570726919E+02    0.124948602233921055E+00    0.234894817666349454E+00
    0.650499284334630102E-02   -0.196923462294685778E+05    0.165572377669798811E+02    0.127688690893405760E+00    0.237232523068740875E+00
    0.640985321001286568E-02   -0.196923834288527069E+05    0.142261198221621026E+02    0.128070234306478459E+00    0.237531717708609591E+00
    0.628887670901851024E-02   -0.196924119877206249E+05    0.172063845171741470E+02    0.126507508390828027E+00    0.236093230843913204E+00
    0.617799360386525089E-02   -0.196924430765633806E+05    0.165857070702287324E+02    0.124171161981755360E+00    0.233684439755920792E+00
    0.618441249507106598E-02   -0.196925118201369987E+05    0.138956956978279589E+02    0.121861577330785620E+00    0.231246672026939493E+00
    0.621027022428998713E-02   -0.196925868315970947E+05    0.118254320736547456E+02    0.128710896416214415E+00    0.236617699309892515E+00
    0.606216885590354394E-02   -0.196926052247111365E+05    0.104418393781822729E+02    0.126453904311231352E+00    0.229411777479631596E+00
    0.600596755659073625E-02   -0.196926532632470989E+05    0.179926900063116868E+02    0.130816083584325948E+00    0.237675975540090789E+00
    0.722990969412964229E-02   -0.196930908758696496E+05    0.116435352170134720E+02    0.126286421648382746E+00    0.228300654103366085E+00
    0.704453376587390722E-02   -0.196931055933724565E+05    0.111788385901150065E+02    0.127290256553947129E+00    0.231693735132887824E+00
    0.745227007008784654E-02   -0.196932847934984165E+05    0.185982966469719884E+02    0.125182793207083837E+00    0.233971646273193556E+00
    0.742945934945337619E-02   -0.196933453289587269E+05    0.936241137107879418E+01    0.122884251889300231E+00    0.223299150657931378E+00
    0.743495710961985471E-02   -0.196934134750673729E+05    0.148037878362335746E+02    0.128071263610622516E+00    0.230537209378272934E+00
    0.720352724599543099E-02   -0.196934168977143527E+05    0.129866077535124695E+02    0.123198487955672023E+00    0.232264847824168896E+00
    0.740778788804699346E-02   -0.196935394865065609E+05    0.843987664357290335E+01    0.125141016326118626E+00    0.232235404003871437E+00
    0.718998444054048252E-02   -0.196935464674603827E+05    0.108524533145464819E+02    0.122883454289509350E+00    0.221956684267043514E+00
    0.791676588202789612E-02   -0.196938057216600755E+05    0.125211840957818392E+02    0.127463795996351492E+00    0.232210421100770503E+00
    0.790191045762333316E-02   -0.196938686318989712E+05    0.105799447587983195E+02    0.124280765229798140E+00    0.233001596695620705E+00
    0.841672796069640149E-02   -0.196940615317439770E+05    0.131237625558399991E+02    0.122301949229798881E+00    0.230697093076749127E+00
    0.877497132968402607E-02   -0.196942115631158231E+05    0.149440290660865216E+02    0.128117767543230926E+00    0.233349903409454384E+00
    0.921052817098538638E-02   -0.196943751171706972E+05    0.166381375483785945E+02    0.126672851394137892E+00    0.234205570448668965E+00
    0.899031383479240859E-02   -0.196943933849593959E+05    0.123012768243471129E+02    0.126032079475607461E+00    0.233259834737815197E+00
    0.913014752451453762E-02   -0.196944909198170571E+05    0.117790649302609935E+02    0.122076520016648565E+00    0.220324169613908438E+00
    0.109063961194230518E-01   -0.196949131216125061E+05    0.136760536577364888E+02    0.126417646797488514E+00    0.230029283539520790E+00
    0.106012760126835900E-01   -0.196949230381898633E+05    0.143133759633937014E+02    0.126241096632775551E+00    0.232775708103945433E+00
    0.104497334037391056E-01   -0.196949609090446356E+05    0.990504828306539054E+01    0.122785545537273652E+00    0.224535786790934111E+00
    0.101493201917161810E-01   -0.196949692362324568E+05    0.942915564644229676E+01    0.123749618777126411E+00    0.228973024630976241E+00
    0.100400231110776665E-01   -0.196950142482773299E+05    0.116189040757483060E+02    0.122735854197284555E+00    0.222474330222199868E+00
    0.100710162542010772E-01   -0.196950870793529248E+05    0.140497147312436770E+02    0.125807214915837795E+00    0.227936029120854755E+00
    0.106532134990403801E-01   -0.196952661459456212E+05    0.909928330613407965E+01    0.122591440593551468E+00    0.226245869323145499E+00
    0.105835673980477392E-01   -0.196953196945505588E+05    0.116905235944176216E+02    0.122810118187205330E+00    0.222974576911667555E+00
    0.103528842379331121E-01   -0.196953422864141176E+05    0.135457179863715549E+02    0.125318411063393725E+00    0.227589249585072650E+00
    0.101184388189818463E-01   -0.196953631415484597E+05    0.107106531333567094E+02    0.122764150453397086E+00    0.229676401160759269E+00
    0.987364027246102373E-02   -0.196953808266597625E+05    0.157726878702540159E+02    0.126615000751500034E+00    0.231919571776426636E+00
    0.978736212233951262E-02   -0.196954299400598757E+05    0.113971354795694246E+02    0.124503519981971733E+00    0.229731015867320920E+00
    0.977098183538740311E-02   -0.196954932566901953E+05    0.160311804795924786E+02    0.122717785703900725E+00    0.229608338848557025E+00
    0.101775372998249118E-01   -0.196956414555776428E+05    0.116408915343828667E+02    0.123140226611410525E+00    0.229633720593007240E+00
    0.996125003713974576E-02   -0.196956651612505884E+05    0.132268864967912698E+02    0.125055814766119683E+00    0.228117000336133913E+00
    0.980862831161325756E-02   -0.196957009476548956E+05    0.184180066240268232E+02    0.122986713321376451E+00    0.229596564433196093E+00
    0.102319733961244528E-01   -0.196958521243734212E+05    0.103230448474939465E+02    0.121932559768619830E+00    0.228111055958777342E+00
    0.100093729612433912E-01   -0.196958748000119340E+05    0.128268684552246981E+02    0.123994701605480540E+00    0.225721477088516309E+00
    0.990626288510633272E-02   -0.196959207571219013E+05    0.110752783232042304E+02    0.123139276954735408E+00    0.228648230552398246E+00
    0.100487468016605373E-01   -0.196960159853057630E+05    0.131783094233297113E+02    0.121868704144877091E+00    0.228235610170495207E+00
    0.985606583214078055E-02   -0.196960439302840059E+05    0.138617959897856142E+02    0.124496162029762172E+00    0.229904149171002103E+00
    0.995911101522224326E-02   -0.196961313984025655E+05    0.133556025707393200E+02    0.124079664222057059E+00    0.225966624801204219E+00
    0.970189702289937436E-02   -0.196961457323165232E+05    0.116778688442346823E+02    0.123440564055659285E+00    0.226720962672008142E+00
    0.954888593112360878E-02   -0.196961806050941959E+05    0.113988505934524991E+02    0.120388928212923407E+00    0.218981266630823512E+00
    0.948200082571401537E-02   -0.196962332134814642E+05    0.978550378485284433E+01    0.120601944371481390E+00    0.221596456559980837E+00
    0.918392487816661017E-02   -0.196962359987648088E+05    0.174249969434515535E+02    0.124111343051845832E+00    0.230012421663667865E+00
    0.963677703086245063E-02   -0.196963989295513202E+05    0.151244480577385598E+02    0.123791741482724510E+00    0.229324551011192312E+00
    0.938305877141034674E-02   -0.196964122343881281E+05    0.138855560481899580E+02    0.121798634195480912E+00    0.220192710284836224E+00
    0.975323854341916124E-02   -0.196965562882213198E+05    0.105265628484185179E+02    0.119959120420531834E+00    0.225412856108311743E+00
    0.948102325951307237E-02   -0.196965663406100903E+05    0.129204494369337333E+02    0.121266468026151625E+00    0.219987268218622134E+00
    0.951015617726267033E-02   -0.196966391433760364E+05    0.124018158913001013E+02    0.121970964417446259E+00    0.222306657853245326E+00
    0.927064891807357315E-02   -0.196966547962031618E+05    0.110148151251381030E+02    0.121463590718491471E+00    0.226385616423819158E+00
    0.897917183748814934E-02   -0.196966575714218015E+05    0.123536702039519319E+02    0.120251261092478801E+00    0.225775156257938647E+00
    0.927134066737901261E-02   -0.196967882787652052E+05    0.101849815593661077E+02    0.120508053642144314E+00    0.225072954881666121E+00
    0.913799336399476018E-02   -0.196968259710788916E+05    0.934865058065297028E+01    0.119854865862338691E+00    0.222314368898075543E+00
    0.895882481779256695E-02   -0.196968530342309859E+05    0.111857457509653262E+02    0.120826872551354006E+00    0.225725224183225492E+00
    0.875776951571737537E-02   -0.196968743052804057E+05    0.128993327194190712E+02    0.119477666744510061E+00    0.224673620430611010E+00
    0.847289688498163544E-02   -0.196968748343796178E+05    0.102710725290757470E+02    0.119587074567224241E+00    0.224411305552296270E+00
    0.842290834331679839E-02   -0.196969296664667927E+05    0.992560755342834433E+01    0.120426161594126252E+00    0.223686974293407559E+00
    0.857833704932975394E-02   -0.196970329029335808E+05    0.118209591135811110E+02    0.121774474251467937E+00    0.225798733287966513E+00
    0.832558429083037066E-02   -0.196970397558819823E+05    0.138631118434657488E+02    0.123316982021277777E+00    0.226090458641124314E+00
    0.811063008127578533E-02   -0.196970541072256856E+05    0.166866375543874632E+02    0.123863823587296570E+00    0.228347502675878999E+00
    0.789490135541803632E-02   -0.196970668570844718E+05    0.132834521505902003E+02    0.122927270987038845E+00    0.225631365502490411E+00
    0.769907110396221041E-02   -0.196970832888164732E+05    0.105713375780235914E+02    0.120776758179572244E+00    0.223827830094727176E+00
    0.763860850371067719E-02   -0.196971341870188080E+05    0.124112799424272584E+02    0.120391642963937340E+00    0.225213460707680113E+00
    0.738836669899296545E-02   -0.196971342361693642E+05    0.120429206557204758E+02    0.121530405041124986E+00    0.222780346914895233E+00
    0.719869249527249101E-02   -0.196971488882683116E+05    0.137648205853611838E+02    0.122313128686849737E+00    0.226781211952518547E+00
    0.709035398507805708E-02   -0.196971852266450151E+05    0.171407817772836175E+02    0.124336889482188476E+00    0.227993918537235274E+00
    0.693348976971060356E-02   -0.196972071492997857E+05    0.929321573238393839E+01    0.118876675360769818E+00    0.221798758492115056E+00
    0.680015977910391946E-02   -0.196972349816626738E+05    0.188863210885849178E+02    0.124525948726537258E+00    0.228541025156035360E+00
    0.658103561393854394E-02   -0.196972361403538525E+05    0.114593217234965543E+02    0.120367144974008411E+00    0.224706525625910203E+00
    0.678912291345206299E-02   -0.196973650662982400E+05    0.145239723879768832E+02    0.120604789192004999E+00    0.225292896583724200E+00
    0.658250502371001377E-02   -0.196973699201961645E+05    0.142300638221766302E+02    0.122579874267452968E+00    0.223688362799405738E+00
    0.638357217018535334E-02   -0.196973752117955810E+05    0.122606120990356988E+02    0.119819036678999888E+00    0.218558834869629237E+00
    0.618079886728422657E-02   -0.196973773178376723E+05    0.190556393407656159E+02    0.123842736171858800E+00    0.228141666588312475E+00
    0.609055954928826564E-02   -0.196974145693600367E+05    0.112159780634634547E+02    0.120177792718935153E+00    0.221006750891667991E+00
    0.594034740969939107E-02   -0.196974312913479662E+05    0.196452396100055822E+02    0.123985874649768166E+00    0.228179554146766606E+00
    0.590632592674328414E-02   -0.196974864707133383E+05    0.105229875091992593E+02    0.118489675160260821E+00    0.222331924222389787E+00
    0.572265256423607621E-02   -0.196974899543108186E+05    0.108292970401209114E+02    0.118951821118937345E+00    0.218559152187584260E+00
    0.554798035892889972E-02   -0.196974946240361496E+05    0.132416788617566468E+02    0.122045813085019411E+00    0.225125793196578883E+00
    0.549494535051962309E-02   -0.196975420800633328E+05    0.111191848358152523E+02    0.119954370494880933E+00    0.223386250648099249E+00
    0.531938583602935017E-02   -0.196975438051496749E+05    0.104920926359248146E+02    0.119540621892051321E+00    0.222415246296588265E+00
    0.530204902520679117E-02   -0.196976039428204203E+05    0.128105545660361013E+02    0.121587033110288179E+00    0.223758761961709851E+00
    0.513843221807223569E-02   -0.196976079188123404E+05    0.156368075697743603E+02    0.122349848316083920E+00    0.226337978238078108E+00
    0.504756459769565690E-02   -0.196976389011831707E+05    0.123509928719155155E+02    0.121176076488602152E+00    0.223358418281216942E+00
    0.492452186456079129E-02   -0.196976562104848199E+05    0.138107706466702034E+02    0.121498717613070739E+00    0.225260028846932414E+00
    0.482488531060387259E-02   -0.196976819967077099E+05    0.137983983066953915E+02    0.122075330936714591E+00    0.224100403519429392E+00
    0.474753502071232313E-02   -0.196977163405256870E+05    0.144440905860724591E+02    0.120119835690518928E+00    0.217835412183951860E+00
    0.461367859154151062E-02   -0.196977258071075303E+05    0.124394906677058295E+02    0.120789240147438193E+00    0.221767167622758166E+00
    0.451680060824688825E-02   -0.196977500306047004E+05    0.112008272010703891E+02    0.118998964427076775E+00    0.222462903776666110E+00
    0.448498946079711573E-02   -0.196978025617362655E+05    0.133485141412375619E+02    0.119540291762455453E+00    0.217563919892091562E+00
    0.434283969578953388E-02   -0.196978048129955387E+05    0.141395296466415310E+02    0.121492251730548007E+00    0.221708465605205518E+00
    0.428227628066428154E-02   -0.196978433921973265E+05    0.138833108108117802E+02    0.121252859263554058E+00    0.221419652704248904E+00
    0.418419055090760248E-02   -0.196978637159819773E+05    0.105164987484155876E+02    0.118657948295120663E+00    0.219583331257878100E+00
    0.407634488287693299E-02   -0.196978781575613757E+05    0.102193134641539789E+02    0.118260409022582336E+00    0.220578519669373918E+00
    0.395051648964931529E-02   -0.196978821154328180E+05    0.137046587440242789E+02    0.120133691422787139E+00    0.223931303544020466E+00
    0.388210236482980364E-02   -0.196979138431519968E+05    0.116074025278352089E+02    0.119718004047941917E+00    0.220647414755410054E+00
    0.375660882046776300E-02   -0.196979147893936461E+05    0.124490816811134266E+02    0.119687631738333092E+00    0.223140539666054849E+00
    0.365865231972880125E-02   -0.196979286125002400E+05    0.142522027621421383E+02    0.121621507464100262E+00    0.224627491679603608E+00
    0.354164879857477325E-02   -0.196979302742070504E+05    0.140574359707289140E+02    0.121484234839361771E+00    0.224509504590475473E+00
    0.342980396905972346E-02   -0.196979327623270074E+05    0.140126341412243338E+02    0.121701454473833792E+00    0.224063658281929534E+00
    0.331934077899113380E-02   -0.196979339551836747E+05    0.115307569367152158E+02    0.119145231011483388E+00    0.219067626964568163E+00
    0.323764637732871889E-02   -0.196979507827231610E+05    0.106884637065351775E+02    0.118417798526895754E+00    0.218724376464278336E+00
    0.313196559185070994E-02   -0.196979510776958123E+05    0.117836204200777868E+02    0.119103313230655275E+00    0.222347324036391569E+00
    0.303652574059636157E-02   -0.196979558508051014E+05    0.106262590460014152E+02    0.118676868109237540E+00    0.220749030417529468E+00
    0.297082368805425337E-02   -0.196979787679458241E+05    0.131968502700241572E+02    0.119413675072733427E+00    0.223030118464496496E+00
    0.289253642877183728E-02   -0.196979920236601210E+05    0.147493298424330419E+02    0.120553767985235455E+00    0.219056812655477273E+00
    0.280008600237248223E-02   -0.196979937230420255E+05    0.117253511219308990E+02    0.118973729936866765E+00    0.222120208195191182E+00
    0.271302114755905951E-02   -0.196979972151020957E+05    0.136880988895287707E+02    0.121348493877510552E+00    0.223715817032044129E+00
    0.262421174544199111E-02   -0.196979973172386672E+05    0.111012368522450622E+02    0.118484734830131611E+00    0.221386485080275364E+00
    0.257342424593389385E-02   -0.196980248975852919E+05    0.136102822774904642E+02    0.121067122981039943E+00    0.221880692284596392E+00
    0.249468145877415658E-02   -0.196980294115434444E+05    0.136822492170902485E+02    0.120005551599833171E+00    0.218754151699489086E+00
    0.243208725940187616E-02   -0.196980452557979697E+05    0.142400678410705552E+02    0.120253418549358240E+00    0.218866347431841746E+00
    0.235755038359665697E-02   -0.196980496689921747E+05    0.117325559185728210E+02    0.119413778100873350E+00    0.222081860262928643E+00
    0.231587427367203197E-02   -0.196980806639895236E+05    0.117848326804328991E+02    0.119455047154482130E+00    0.221997239641076760E+00
    0.224079688512439368E-02   -0.196980814192214530E+05    0.141488387476503910E+02    0.119782501353726978E+00    0.223360515553519434E+00
    0.218628323185142978E-02   -0.196980988286735883E+05    0.136389894307067081E+02    0.120709172521099889E+00    0.223678258706808464E+00
    0.212222508695015773E-02   -0.196981060196601793E+05    0.124815399088315644E+02    0.120231224822233626E+00    0.222320253193114326E+00
    0.207260859497180455E-02   -0.196981253721210960E+05    0.140664840300771647E+02    0.120197664452718928E+00    0.223583581364714234E+00
    0.201646642684562413E-02   -0.196981371161502830E+05    0.140299401052514412E+02    0.121305582060741865E+00    0.223306636230713451E+00
    0.244261786477821194E-02   -0.196985209338541245E+05    0.120419598591552290E+02    0.118810587384035382E+00    0.219740005678854544E+00
    0.248131785754706789E-02   -0.196985523727614127E+05    0.121182176389009975E+02    0.118607208201217063E+00    0.220355926128569024E+00
    0.211871470669109741E-02   -0.196982364124037922E+05    0.110972588753615593E+02    0.118489573412106558E+00    0.219437863306302106E+00
    0.236386841096141104E-02   -0.196984553920035396E+05    0.122934752174466251E+02    0.118988325175729603E+00    0.221019656530486941E+00
    0.219599380588584659E-02   -0.196983080625410112E+05    0.113074377475005932E+02    0.118486938791878632E+00    0.219116828383697282E+00
    0.212797911129582835E-02   -0.196982451386456160E+05    0.117995461515976903E+02    0.118882965447048586E+00    0.221337957264108098E+00
    0.207378424533283040E-02   -0.196981935432872124E+05    0.130931422248038487E+02    0.119281703861889563E+00    0.217934611655554278E+00
    0.240617130565134486E-02   -0.196984908667637428E+05    0.126213571531717417E+02    0.119189180316267296E+00    0.219233098131963899E+00
    0.267060682320505735E-02   -0.196986994045773899E+05    0.134038809069694391E+02    0.118842964349390193E+00    0.217691273680198805E+00
    0.221369837778553034E-02   -0.196983241223168807E+05    0.126140398627128860E+02    0.118731753021298209E+00    0.217432870854839422E+00
    0.273854926301187298E-02   -0.196987496497632528E+05    0.123213113531964424E+02    0.118433032967551866E+00    0.218761584930424746E+00
    0.225718746918846967E-02   -0.196983630322462195E+05    0.132911507709507521E+02    0.118723713046160528E+00    0.216740273367348024E+00
    0.220374752736504339E-02   -0.196983151118004280E+05    0.121928363418897749E+02    0.118732925915018994E+00    0.217989664001542849E+00
    0.241599856818012137E-02   -0.196984990185098577E+05    0.128602179895309749E+02    0.119266513622542480E+00    0.219060171357440936E+00
    0.219395452815871394E-02   -0.196983062044071849E+05    0.137789889585244492E+02    0.120107941526844758E+00    0.219569145263275090E+00
    0.237344936763282319E-02   -0.196984634817878286E+05    0.133463631533563500E+02    0.119710904943102409E+00    0.219505840325243895E+00
    0.263493467294536633E-02   -0.196986725099142641E+05    0.138725210116020712E+02    0.119768121060123800E+00    0.219690410367052280E+00
    0.218592731304319277E-02   -0.196982988734111495E+05    0.142497173048120818E+02    0.119580497353246440E+00    0.217727141606584240E+00
    0.268455453435332420E-02   -0.196987098227454007E+05    0.140986166440738518E+02    0.119508813843764827E+00    0.218676793184508611E+00
    0.210552542956259948E-02   -0.196982239232274551E+05    0.125384095235250381E+02    0.119912455801871487E+00    0.220739323986604674E+00
    0.244140485364423504E-02   -0.196985199404016130E+05    0.130738360526618163E+02    0.119766905136003493E+00    0.221091021975571067E+00
    0.261582051273733266E-02   -0.196986579487747986E+05    0.134177605341049819E+02    0.119524146345581811E+00    0.221316180257204564E+00
    0.287407720666233660E-02   -0.196988462564372567E+05    0.142006158815403705E+02    0.119738528949332804E+00    0.219909031250116627E+00
    0.298716850946470058E-02   -0.196989234450388467E+05    0.142523375966321542E+02    0.119452861669192348E+00    0.219107762435831077E+00
    0.229836383202038259E-02   -0.196983991881198017E+05    0.129995057738129400E+02    0.119626416964099619E+00    0.219566859406487680E+00
    0.272467633556958177E-02   -0.196987394924252403E+05    0.151723489131584657E+02    0.119524788371776658E+00    0.217682849085136354E+00
    0.209261631559307798E-02   -0.196982116233524721E+05    0.132945502485551330E+02    0.120656355158690831E+00    0.222308120354849592E+00
    0.204326928688950988E-02   -0.196981638953683723E+05    0.140208393600860397E+02    0.121217994702939535E+00    0.222556843428280970E+00
    0.208206130808921393E-02   -0.196982015099679702E+05    0.130658167727355945E+02    0.120041721548058533E+00    0.222836149639375591E+00
    0.224657696543225640E-02   -0.196983536085531814E+05    0.145877365122524250E+02    0.120620203405744308E+00    0.223426416641871128E+00
