    0.603017281056772020E-01    0.654539058304978993E-01    0.836269874463870355E+00    0.515861618508629007E+02    0.182168692361703677E+01    0.152365556365012633E+01    0.500013732310477188E+00   -0.147324795412441657E+06
    0.657682119609594995E-01    0.651654566376743544E-01    0.838459173602713381E+00    0.512939779598836623E+02    0.182019872780785019E+01    0.152420661555324433E+01    0.500049026700254529E+00   -0.147324771392415860E+06
    0.667168544951309839E-01    0.676716234509982528E-01    0.836065742306294046E+00    0.508206907567018433E+02    0.181209836592471674E+01    0.152746420224196622E+01    0.500042592748122794E+00   -0.147324568924500898E+06
    0.625661841381378592E-01    0.670261829111341439E-01    0.836385374377493607E+00    0.511107299308520311E+02    0.182290846218632052E+01    0.152414967723878836E+01    0.500040828342865340E+00   -0.147324149241651059E+06
    0.663994296518966576E-01    0.620758258439359917E-01    0.836895634243614017E+00    0.511224786152574353E+02    0.181846819661270787E+01    0.152360946250202511E+01    0.500018665976388443E+00   -0.147324035376398067E+06
    0.611526729809243330E-01    0.619107606143436059E-01    0.836475892763078877E+00    0.511868461458691399E+02    0.181485988028604805E+01    0.152410011238580889E+01    0.500033651954908009E+00   -0.147324002986449836E+06
    0.616947174177365429E-01    0.644704731769964873E-01    0.835634552084484117E+00    0.511898764983943053E+02    0.182457092544593569E+01    0.152390359003948928E+01    0.500005157427881652E+00   -0.147323624105867930E+06
    0.633717049649275416E-01    0.666582456771779713E-01    0.840741926888384228E+00    0.508311150072402853E+02    0.181449048389823031E+01    0.152448949890508012E+01    0.500006784069862764E+00   -0.147323542957680562E+06
    0.645931554746141945E-01    0.650202509192026462E-01    0.836086647876468136E+00    0.513619862677519237E+02    0.181335287112638310E+01    0.152439826787002430E+01    0.500027701551709836E+00   -0.147323122751120827E+06
    0.651059613272975818E-01    0.635384233961143602E-01    0.837550877580783171E+00    0.509905805025258942E+02    0.181307884334525760E+01    0.152676382637206887E+01    0.500034957563648685E+00   -0.147322729812850710E+06
    0.625883554103415923E-01    0.656734872968922495E-01    0.836285758396437151E+00    0.514876900808255655E+02    0.181796712496883517E+01    0.152579121813140572E+01    0.500026704748331885E+00   -0.147322723445070209E+06
    0.623128074519176817E-01    0.648576995084557267E-01    0.837041731913521936E+00    0.512503537721442157E+02    0.181713614067418505E+01    0.152255798965827460E+01    0.500020116551171845E+00   -0.147322691632973321E+06
    0.630079552667087567E-01    0.678320267431248847E-01    0.839299635956811674E+00    0.509525964110983125E+02    0.182256369238204252E+01    0.152280813498772361E+01    0.500006488131920834E+00   -0.147322561201695906E+06
    0.637356701896465150E-01    0.627868060457743571E-01    0.838999845692953050E+00    0.505540259163917298E+02    0.181748835394134356E+01    0.152544947057540581E+01    0.500003695756476851E+00   -0.147322508892721846E+06
    0.658044239153562499E-01    0.654503904262447450E-01    0.837159456397065238E+00    0.510199621626459532E+02    0.181941446795338169E+01    0.152218092395817628E+01    0.500012597279909765E+00   -0.147322463011309592E+06
    0.626749519918193138E-01    0.672585665513101560E-01    0.837119058589442799E+00    0.511820799414499419E+02    0.182043830511098648E+01    0.152314966572137789E+01    0.500042892042289244E+00   -0.147322440852179134E+06
    0.650545660302324219E-01    0.637493664129373250E-01    0.837777575599347957E+00    0.505853971206839432E+02    0.181205633124023868E+01    0.152590395481322894E+01    0.500012131528235537E+00   -0.147322206512144709E+06
    0.598803783918604726E-01    0.674872487052904785E-01    0.837145005652219831E+00    0.513165147704807509E+02    0.181633557996806982E+01    0.152520065800040872E+01    0.500012170572875503E+00   -0.147322206190476543E+06
    0.663724847447808297E-01    0.688193074894474510E-01    0.836470816237786963E+00    0.509819321989422889E+02    0.180996611611263769E+01    0.152647766312256117E+01    0.500004404828549798E+00   -0.147322197893779026E+06
    0.643145364369137607E-01    0.686973639166061772E-01    0.839599438105780083E+00    0.510715721978492070E+02    0.181669684778275342E+01    0.152409018116195227E+01    0.500004380686041583E+00   -0.147322162731562799E+06
    0.611013971341027237E-01    0.632083550200897709E-01    0.839490337078730775E+00    0.514725813696399612E+02    0.181713296049579420E+01    0.152436188443348875E+01    0.500001133416246635E+00   -0.147322129733745533E+06
    0.605833664652832976E-01    0.657568127049382722E-01    0.836172862088311764E+00    0.513526515270411039E+02    0.181136863919275437E+01    0.152651841396521215E+01    0.500008953253108346E+00   -0.147322106997061463E+06
    0.647024802811948380E-01    0.664017652550740745E-01    0.834172313865131132E+00    0.509443366188295315E+02    0.181761066131306381E+01    0.152386140646213342E+01    0.500028037602396003E+00   -0.147321952612913447E+06
    0.634671128131179124E-01    0.661622322566363247E-01    0.834677637361153080E+00    0.508766350417387301E+02    0.182075565878318391E+01    0.152320627939619135E+01    0.500030826945059959E+00   -0.147321906088015443E+06
    0.655998202867552616E-01    0.677575925367243787E-01    0.836163465150987051E+00    0.505391736723110583E+02    0.181950302360517790E+01    0.152356804701009252E+01    0.500015353323216560E+00   -0.147321849089713185E+06
    0.612516428463988002E-01    0.660959255333705697E-01    0.838203395541871066E+00    0.513500631534365226E+02    0.181628209538127683E+01    0.152630502023496595E+01    0.500009499110291245E+00   -0.147321623261141242E+06
    0.649453575377204884E-01    0.671014208660511008E-01    0.837467876884228302E+00    0.507590421354310450E+02    0.181999658335174086E+01    0.152232385534973313E+01    0.500009727438046947E+00   -0.147321580451311602E+06
    0.651678950005893792E-01    0.639377563779742059E-01    0.837514635530875129E+00    0.511445737067548976E+02    0.182145667478051587E+01    0.152268529133100938E+01    0.500018473381303563E+00   -0.147321554156554019E+06
    0.629225216213424171E-01    0.644599952443577762E-01    0.839424323157289320E+00    0.509904766077980085E+02    0.182250692405556713E+01    0.152273323035273678E+01    0.500011824813159089E+00   -0.147321540958606114E+06
    0.604262977682586550E-01    0.654658436344928013E-01    0.836824060371541334E+00    0.508154682528877331E+02    0.181632034345164417E+01    0.152572506461126189E+01    0.500036319088244863E+00   -0.147321491402578802E+06
    0.631326138300948719E-01    0.644827188336234841E-01    0.835727434231001931E+00    0.511772344795130678E+02    0.182317328931241329E+01    0.152206402805066787E+01    0.500008798934578613E+00   -0.147321406375957420E+06
    0.635778515494060392E-01    0.640051183210181007E-01    0.836999324807704559E+00    0.509679730907097408E+02    0.181147057490492336E+01    0.152787039411581804E+01    0.500008079326895616E+00   -0.147321326013887243E+06
    0.614850517511694658E-01    0.647685273886693530E-01    0.838619033856734530E+00    0.515316339859444312E+02    0.181776562187410207E+01    0.152430388410951156E+01    0.500007893316545271E+00   -0.147321325001739780E+06
    0.656132355225488434E-01    0.681380529356909875E-01    0.835897465809176010E+00    0.511165537952859665E+02    0.181064432001921527E+01    0.152748981023180463E+01    0.500008735578745367E+00   -0.147321292070082389E+06
    0.614091608189074462E-01    0.639284336139337855E-01    0.839525155020026004E+00    0.509490475437739150E+02    0.181827815131179094E+01    0.152457042375372587E+01    0.500021679764088955E+00   -0.147321157347552857E+06
    0.604674019657301665E-01    0.651257150653321154E-01    0.838355096889144891E+00    0.510301016174483095E+02    0.181584704828575849E+01    0.152600142050103038E+01    0.500022657215471789E+00   -0.147321108287517854E+06
    0.619087586149860286E-01    0.665559904735665564E-01    0.838022515755596720E+00    0.506423659076653720E+02    0.182067456784766613E+01    0.152410909834443342E+01    0.500021195644832717E+00   -0.147321062934561516E+06
    0.619087586149860286E-01    0.665559904735665564E-01    0.838022515755596720E+00    0.506423659076653720E+02    0.182067456784766613E+01    0.152410909834443342E+01    0.500021195644832717E+00   -0.147321062934561516E+06
    0.662157394875813737E-01    0.643565343260281003E-01    0.835545013205806875E+00    0.507907261766259737E+02    0.181480795843342602E+01    0.152665168727821499E+01    0.500007881930422005E+00   -0.147321058984178992E+06
    0.648312928097109081E-01    0.645941612817232808E-01    0.836618180058951166E+00    0.510343891351370260E+02    0.180947841808960441E+01    0.152688743018802908E+01    0.500009026885752439E+00   -0.147320986910411768E+06
    0.602873851964072227E-01    0.651711905293951704E-01    0.835896807084260507E+00    0.505619800001528503E+02    0.181765407803886592E+01    0.152493584587922371E+01    0.500011198075368646E+00   -0.147320799757090688E+06
    0.636354896679417609E-01    0.667445664920564424E-01    0.834354683106077299E+00    0.507968038438689575E+02    0.181454124550834162E+01    0.152424054577064227E+01    0.500003136482309873E+00   -0.147320781357339991E+06
    0.617208057141536010E-01    0.641000329201288771E-01    0.836989830001382051E+00    0.504881976087231479E+02    0.181934718578931798E+01    0.152504664716567473E+01    0.500005233582072828E+00   -0.147320774897313560E+06
    0.608174868548251937E-01    0.667349764712800303E-01    0.835941131880230115E+00    0.506896957321639121E+02    0.181432729235802004E+01    0.152445259272238287E+01    0.500006773674563365E+00   -0.147320752150170447E+06
    0.638568654914889733E-01    0.666350286750259646E-01    0.837951474266439567E+00    0.507215161805974262E+02    0.181370187691936646E+01    0.152574053973776147E+01    0.500034948298367032E+00   -0.147320729613791133E+06
    0.638568654914889733E-01    0.666350286750259646E-01    0.837951474266439567E+00    0.507215161805974262E+02    0.181370187691936646E+01    0.152574053973776147E+01    0.500034948298367032E+00   -0.147320729613791133E+06
    0.648240523491057929E-01    0.694199901787023177E-01    0.837627019167000775E+00    0.510271517858732295E+02    0.181828333908939954E+01    0.152413821566387830E+01    0.500009781008242116E+00   -0.147320724038953776E+06
    0.648240523491057929E-01    0.694199901787023177E-01    0.837627019167000775E+00    0.510271517858732295E+02    0.181828333908939954E+01    0.152413821566387830E+01    0.500009781008242116E+00   -0.147320724038953776E+06
    0.623847589958745896E-01    0.642433016140289831E-01    0.834625128318440934E+00    0.508381824444751516E+02    0.181558157153376887E+01    0.152564057842693823E+01    0.500023570536948125E+00   -0.147320661562023190E+06
    0.630627816534264918E-01    0.659576772478296797E-01    0.837304484362082935E+00    0.513078324383933548E+02    0.181915860003033503E+01    0.152527151089138635E+01    0.500023403759509155E+00   -0.147320642396711453E+06
    0.616230417514170292E-01    0.643925813607022779E-01    0.834245702152053958E+00    0.510410345973224935E+02    0.181424199750058368E+01    0.152564040616951235E+01    0.500010886113540054E+00   -0.147320639810133260E+06
    0.601364964988895107E-01    0.678623026270045726E-01    0.836419821694810883E+00    0.508346812458836368E+02    0.181725289349106389E+01    0.152429147957286437E+01    0.500006923827146843E+00   -0.147320619699709292E+06
    0.641042058550084226E-01    0.668911375596520502E-01    0.838450983597361255E+00    0.512484065514359131E+02    0.181826085249902647E+01    0.152440644261770175E+01    0.500026451391274218E+00   -0.147320582765946747E+06
    0.641253951000160249E-01    0.655498398792400128E-01    0.834384688701341082E+00    0.507978968750771500E+02    0.181880570968635924E+01    0.152549759622774039E+01    0.500010147908780400E+00   -0.147320519339719380E+06
    0.641253951000160249E-01    0.655498398792400128E-01    0.834384688701341082E+00    0.507978968750771500E+02    0.181880570968635924E+01    0.152549759622774039E+01    0.500010147908780400E+00   -0.147320519339719380E+06
    0.663762080974663743E-01    0.668441418253780950E-01    0.835950838065923518E+00    0.506456174479135868E+02    0.181889138056439004E+01    0.152517958365709205E+01    0.500008077934819051E+00   -0.147320517797735461E+06
    0.652841385732531587E-01    0.670597104713453185E-01    0.835918168819356877E+00    0.514025294685912684E+02    0.181866255393657417E+01    0.152373688134838292E+01    0.500008245620828240E+00   -0.147320502067622961E+06
    0.630583555825930120E-01    0.633922967026859657E-01    0.835287014924832594E+00    0.514885443836921510E+02    0.181734666988437898E+01    0.152484953438512538E+01    0.500001049568199019E+00   -0.147320467311111162E+06
    0.625650145761178778E-01    0.650480978566182200E-01    0.836692116331825053E+00    0.511476519174434614E+02    0.181524492641535629E+01    0.152638538424098513E+01    0.500031415535597934E+00   -0.147320226335818472E+06
    0.625650145761178778E-01    0.650480978566182200E-01    0.836692116331825053E+00    0.511476519174434614E+02    0.181524492641535629E+01    0.152638538424098513E+01    0.500031415535597934E+00   -0.147320226335818472E+06
    0.652589394844512033E-01    0.668279981497004044E-01    0.837896133454635761E+00    0.512433714603074151E+02    0.181790727269621355E+01    0.152481761637728086E+01    0.500023738925489125E+00   -0.147320213898391055E+06
    0.652589394844512033E-01    0.668279981497004044E-01    0.837896133454635761E+00    0.512433714603074151E+02    0.181790727269621355E+01    0.152481761637728086E+01    0.500023738925489125E+00   -0.147320213898391055E+06
    0.631774953225017338E-01    0.671473659624480246E-01    0.839844199274418557E+00    0.510880276340283004E+02    0.181676617209670987E+01    0.152464160916403113E+01    0.500003394046546368E+00   -0.147320182450867142E+06
    0.631774953225017338E-01    0.671473659624480246E-01    0.839844199274418557E+00    0.510880276340283004E+02    0.181676617209670987E+01    0.152464160916403113E+01    0.500003394046546368E+00   -0.147320182450867142E+06
    0.630340282442577310E-01    0.670439845021298109E-01    0.839369610937221511E+00    0.508251199627291115E+02    0.181563078983117809E+01    0.152525895996550509E+01    0.500014007516463299E+00   -0.147320170482342481E+06
    0.630340282442577310E-01    0.670439845021298109E-01    0.839369610937221511E+00    0.508251199627291115E+02    0.181563078983117809E+01    0.152525895996550509E+01    0.500014007516463299E+00   -0.147320170482342481E+06
    0.604419952417292114E-01    0.665264880400629616E-01    0.838872230989658130E+00    0.507869687655785924E+02    0.181890319825953051E+01    0.152382871241879880E+01    0.500004820918435455E+00   -0.147320134496256302E+06
    0.604419952417292114E-01    0.665264880400629616E-01    0.838872230989658130E+00    0.507869687655785924E+02    0.181890319825953051E+01    0.152382871241879880E+01    0.500004820918435455E+00   -0.147320134496256302E+06
    0.628264926913284782E-01    0.638898411407366473E-01    0.838308862256379461E+00    0.509324617786456315E+02    0.181865601062212368E+01    0.152307015691017678E+01    0.500020828738186207E+00   -0.147320057361728686E+06
    0.623477398274202635E-01    0.644548803681418286E-01    0.838506487143020784E+00    0.514439302685035642E+02    0.181703188750535793E+01    0.152455314481109250E+01    0.500009617953305674E+00   -0.147320003994756786E+06
    0.651631765439279476E-01    0.663430239949679285E-01    0.835618842593672584E+00    0.509833579914662707E+02    0.181371421988781423E+01    0.152644678161375369E+01    0.500028232678563889E+00   -0.147319988769121759E+06
    0.651631765439279476E-01    0.663430239949679285E-01    0.835618842593672584E+00    0.509833579914662707E+02    0.181371421988781423E+01    0.152644678161375369E+01    0.500028232678563889E+00   -0.147319988769121759E+06
    0.629967547483514939E-01    0.654196215167623246E-01    0.839330465387390756E+00    0.507815966263185601E+02    0.182001804912873122E+01    0.152348998873720753E+01    0.500010093761554697E+00   -0.147319920025205123E+06
    0.658292121096640537E-01    0.666172328640625977E-01    0.837464421167019468E+00    0.507240780208384408E+02    0.181834563681876027E+01    0.152441479834712901E+01    0.500020139145951337E+00   -0.147319886881380837E+06
    0.658292121096640537E-01    0.666172328640625977E-01    0.837464421167019468E+00    0.507240780208384408E+02    0.181834563681876027E+01    0.152441479834712901E+01    0.500020139145951337E+00   -0.147319886881380837E+06
    0.653772099767452181E-01    0.668993609853857779E-01    0.836811351755699206E+00    0.511426666376470749E+02    0.181696479980250358E+01    0.152458113196883516E+01    0.500031200442654811E+00   -0.147319846398074849E+06
    0.653772099767452181E-01    0.668993609853857779E-01    0.836811351755699206E+00    0.511426666376470749E+02    0.181696479980250358E+01    0.152458113196883516E+01    0.500031200442654811E+00   -0.147319846398074849E+06
    0.658547051937407313E-01    0.667983991303573166E-01    0.837233430964557934E+00    0.507011087309697785E+02    0.181981156356912943E+01    0.152457224169421068E+01    0.500009868784896283E+00   -0.147319817886562494E+06
    0.632488473028280096E-01    0.651558066452684742E-01    0.836511121488118681E+00    0.508697510780022455E+02    0.182097242369645462E+01    0.152234982219523673E+01    0.500013149819783620E+00   -0.147319817272474349E+06
    0.632488473028280096E-01    0.651558066452684742E-01    0.836511121488118681E+00    0.508697510780022455E+02    0.182097242369645462E+01    0.152234982219523673E+01    0.500013149819783620E+00   -0.147319817272474349E+06
    0.616885466402631102E-01    0.659889482601064836E-01    0.836684149569984603E+00    0.508953359367578102E+02    0.181537893044264864E+01    0.152639924272127425E+01    0.500023339871502603E+00   -0.147319810709493730E+06
    0.640131488382681274E-01    0.681941895942707738E-01    0.834548662153764331E+00    0.509676190819280066E+02    0.181378006674393188E+01    0.152531113125581297E+01    0.500003368208150167E+00   -0.147319790751862573E+06
    0.640131488382681274E-01    0.681941895942707738E-01    0.834548662153764331E+00    0.509676190819280066E+02    0.181378006674393188E+01    0.152531113125581297E+01    0.500003368208150167E+00   -0.147319790751862573E+06
    0.641172239226763252E-01    0.658176898012773626E-01    0.836588643625233441E+00    0.509794943774033129E+02    0.181152385493290091E+01    0.152622763054398991E+01    0.500025056363471609E+00   -0.147319789959202579E+06
    0.624829769173556732E-01    0.666912048662609003E-01    0.834950344036379688E+00    0.509036185660663989E+02    0.181469406780652642E+01    0.152630018851081917E+01    0.500017904944144331E+00   -0.147319772420089226E+06
    0.624829769173556732E-01    0.666912048662609003E-01    0.834950344036379688E+00    0.509036185660663989E+02    0.181469406780652642E+01    0.152630018851081917E+01    0.500017904944144331E+00   -0.147319772420089226E+06
    0.647230789489563058E-01    0.648305343946272428E-01    0.836229769349210228E+00    0.508521017324922653E+02    0.182172594997695714E+01    0.152448879300719375E+01    0.500005077717738833E+00   -0.147319721436784836E+06
    0.614363607350318502E-01    0.659297680433881955E-01    0.837827424670489318E+00    0.512170111037782902E+02    0.181519511759961305E+01    0.152621628601636594E+01    0.500012815780452313E+00   -0.147319670653307636E+06
    0.614363607350318502E-01    0.659297680433881955E-01    0.837827424670489318E+00    0.512170111037782902E+02    0.181519511759961305E+01    0.152621628601636594E+01    0.500012815780452313E+00   -0.147319670653307636E+06
    0.633959265749480944E-01    0.678071717743635310E-01    0.836862182345004646E+00    0.506419647843838590E+02    0.181684882824857996E+01    0.152359840083221210E+01    0.500003799723757081E+00   -0.147319664598057338E+06
    0.616562058102201188E-01    0.643810160291991146E-01    0.838531853368086111E+00    0.507126593479513588E+02    0.182149066065467413E+01    0.152375684165827274E+01    0.500002969579147138E+00   -0.147319658574273431E+06
    0.616562058102201188E-01    0.643810160291991146E-01    0.838531853368086111E+00    0.507126593479513588E+02    0.182149066065467413E+01    0.152375684165827274E+01    0.500002969579147138E+00   -0.147319658574273431E+06
    0.625195376562158178E-01    0.651831250944168300E-01    0.837958361450260369E+00    0.506630604749702087E+02    0.182159821687517232E+01    0.152284985114881488E+01    0.500007878644331494E+00   -0.147319642021563312E+06
    0.601486905128544372E-01    0.667855322734064172E-01    0.836820197627000439E+00    0.506961707196972569E+02    0.181602426610419432E+01    0.152517201196403418E+01    0.500005483581926091E+00   -0.147319619652762718E+06
    0.601486905128544372E-01    0.667855322734064172E-01    0.836820197627000439E+00    0.506961707196972569E+02    0.181602426610419432E+01    0.152517201196403418E+01    0.500005483581926091E+00   -0.147319619652762718E+06
    0.641815736903438017E-01    0.655862532858472319E-01    0.836854832289543271E+00    0.509524835281887292E+02    0.181952445466246004E+01    0.152528832845364026E+01    0.500021328467180504E+00   -0.147319566005305969E+06
    0.603360497257988126E-01    0.649682414691281629E-01    0.838057770886479148E+00    0.509116754145341446E+02    0.182144652352237646E+01    0.152257537851300695E+01    0.500000001028064855E+00   -0.147319553570414981E+06
    0.603360497257988126E-01    0.649682414691281629E-01    0.838057770886479148E+00    0.509116754145341446E+02    0.182144652352237646E+01    0.152257537851300695E+01    0.500000001028064855E+00   -0.147319553570414981E+06
    0.641893980340585840E-01    0.675531910219805132E-01    0.835093144927682607E+00    0.512201567497720447E+02    0.181797101934354921E+01    0.152379357694194661E+01    0.500004716397108195E+00   -0.147319520489459683E+06
    0.641893980340585840E-01    0.675531910219805132E-01    0.835093144927682607E+00    0.512201567497720447E+02    0.181797101934354921E+01    0.152379357694194661E+01    0.500004716397108195E+00   -0.147319520489459683E+06
    0.655354701341271245E-01    0.664766832507698580E-01    0.837509288040711342E+00    0.512024263361999772E+02    0.181677633943986772E+01    0.152505226061350552E+01    0.500022912585286639E+00   -0.147319497369956400E+06
    0.655354701341271245E-01    0.664766832507698580E-01    0.837509288040711342E+00    0.512024263361999772E+02    0.181677633943986772E+01    0.152505226061350552E+01    0.500022912585286639E+00   -0.147319497369956400E+06
    0.656666370743511224E-01    0.670031824426938899E-01    0.838080486303284689E+00    0.511304093517069944E+02    0.181780426134844508E+01    0.152483043401983753E+01    0.500015159862745584E+00   -0.147319482303196972E+06
    0.623817812867800484E-01    0.662132749771677104E-01    0.838285118603733226E+00    0.508321196145539957E+02    0.182073977222801386E+01    0.152397225702400640E+01    0.500014601149524118E+00   -0.147319351800945093E+06
    0.623377692696810010E-01    0.671304734745342413E-01    0.839359921029308120E+00    0.510075123066676142E+02    0.181602518982573247E+01    0.152511493318777114E+01    0.500004434993655988E+00   -0.147319341849627031E+06
    0.638790861471739413E-01    0.646508071899495468E-01    0.836176470430796126E+00    0.507661957118177867E+02    0.182145270974558882E+01    0.152240964696548775E+01    0.500000061375655447E+00   -0.147319303837385378E+06
    0.638790861471739413E-01    0.646508071899495468E-01    0.836176470430796126E+00    0.507661957118177867E+02    0.182145270974558882E+01    0.152240964696548775E+01    0.500000061375655447E+00   -0.147319303837385378E+06
    0.643547645743410973E-01    0.654479774353857180E-01    0.836438522729139544E+00    0.505506743154150726E+02    0.182036007975332215E+01    0.152420542714726670E+01    0.500004817211257002E+00   -0.147319293642077828E+06
    0.627668314783448034E-01    0.661990900629596951E-01    0.834748308126761041E+00    0.509951346161309900E+02    0.181460848365405791E+01    0.152503812943460670E+01    0.500014516008241316E+00   -0.147319227883534564E+06
    0.629264509395107835E-01    0.650993524847321842E-01    0.834888198827363315E+00    0.508260231224719021E+02    0.181793577765765546E+01    0.152377647579998632E+01    0.500012552922752040E+00   -0.147319191953595146E+06
    0.643571890262750190E-01    0.646632134542685644E-01    0.834679325467225341E+00    0.507605568835640071E+02    0.181972579678077628E+01    0.152392456541913868E+01    0.500001940213206320E+00   -0.147319188041682850E+06
    0.643571890262750190E-01    0.646632134542685644E-01    0.834679325467225341E+00    0.507605568835640071E+02    0.181972579678077628E+01    0.152392456541913868E+01    0.500001940213206320E+00   -0.147319188041682850E+06
    0.618015929361402511E-01    0.630008388658050283E-01    0.836802880211589883E+00    0.509928538617739306E+02    0.181929430941582537E+01    0.152268137363785550E+01    0.500000766900550175E+00   -0.147319152780392207E+06
    0.618015929361402511E-01    0.630008388658050283E-01    0.836802880211589883E+00    0.509928538617739306E+02    0.181929430941582537E+01    0.152268137363785550E+01    0.500000766900550175E+00   -0.147319152780392207E+06
    0.649639111411227238E-01    0.656261201465311722E-01    0.835394369557970640E+00    0.510992261312453877E+02    0.181868589806197867E+01    0.152429878909633287E+01    0.500019538455562795E+00   -0.147319054112453363E+06
    0.649639111411227238E-01    0.656261201465311722E-01    0.835394369557970640E+00    0.510992261312453877E+02    0.181868589806197867E+01    0.152429878909633287E+01    0.500019538455562795E+00   -0.147319054112453363E+06
    0.625801902330955090E-01    0.643457751554518953E-01    0.836513384860879228E+00    0.513726037570611922E+02    0.181382125004089056E+01    0.152609978921634237E+01    0.500005938019852381E+00   -0.147319019565904629E+06
    0.625801902330955090E-01    0.643457751554518953E-01    0.836513384860879228E+00    0.513726037570611922E+02    0.181382125004089056E+01    0.152609978921634237E+01    0.500005938019852381E+00   -0.147319019565904629E+06
    0.620399961076871440E-01    0.671287754083408766E-01    0.835647346299039251E+00    0.511554046017692343E+02    0.181766740156234019E+01    0.152429093196997156E+01    0.500013373298390795E+00   -0.147319018185328227E+06
    0.657853393813930265E-01    0.672807188107496928E-01    0.835918832831891612E+00    0.507450517648746313E+02    0.181709809518965382E+01    0.152526282362847798E+01    0.500012269149842314E+00   -0.147318978093010955E+06
    0.614197506189242681E-01    0.624740867192542446E-01    0.836607501264690301E+00    0.511593534624001478E+02    0.181772508035442959E+01    0.152436626972871325E+01    0.500007428258344433E+00   -0.147318972510866530E+06
    0.642179083697025227E-01    0.635602684352483127E-01    0.836129623566564728E+00    0.507211204349213887E+02    0.181693747414491336E+01    0.152418995669552215E+01    0.500008174908945557E+00   -0.147318890740019153E+06
    0.642179083697025227E-01    0.635602684352483127E-01    0.836129623566564728E+00    0.507211204349213887E+02    0.181693747414491336E+01    0.152418995669552215E+01    0.500008174908945557E+00   -0.147318890740019153E+06
    0.629999473622262912E-01    0.651557934479870676E-01    0.834843472017189558E+00    0.508376195426136803E+02    0.181590695559204640E+01    0.152509471079578018E+01    0.500016743289094512E+00   -0.147318877344494831E+06
    0.629999473622262912E-01    0.651557934479870676E-01    0.834843472017189558E+00    0.508376195426136803E+02    0.181590695559204640E+01    0.152509471079578018E+01    0.500016743289094512E+00   -0.147318877344494831E+06
    0.633761968979378587E-01    0.651196817345222334E-01    0.835745078752027748E+00    0.505167565285817375E+02    0.181884595090322732E+01    0.152433960659780254E+01    0.500002591428637122E+00   -0.147318853970670199E+06
    0.633761968979378587E-01    0.651196817345222334E-01    0.835745078752027748E+00    0.505167565285817375E+02    0.181884595090322732E+01    0.152433960659780254E+01    0.500002591428637122E+00   -0.147318853970670199E+06
    0.619919375511943926E-01    0.643040457927303438E-01    0.837178477952083000E+00    0.514581464438009064E+02    0.181646514307331475E+01    0.152483463437325373E+01    0.500002813257728218E+00   -0.147318842993906932E+06
    0.619919375511943926E-01    0.643040457927303438E-01    0.837178477952083000E+00    0.514581464438009064E+02    0.181646514307331475E+01    0.152483463437325373E+01    0.500002813257728218E+00   -0.147318842993906932E+06
    0.601877933338177268E-01    0.640465489928443710E-01    0.837119442939295411E+00    0.508464442598332198E+02    0.181963107948522329E+01    0.152306195419461932E+01    0.500000230531237877E+00   -0.147318809050290613E+06
    0.601877933338177268E-01    0.640465489928443710E-01    0.837119442939295411E+00    0.508464442598332198E+02    0.181963107948522329E+01    0.152306195419461932E+01    0.500000230531237877E+00   -0.147318809050290613E+06
    0.617365987163318794E-01    0.646781094527402733E-01    0.837940252581365730E+00    0.512014278581105771E+02    0.181649185073041552E+01    0.152486713468688895E+01    0.500019913060780086E+00   -0.147318806780618761E+06
    0.640830869389165669E-01    0.669880720295953913E-01    0.836858894679801457E+00    0.513816305867822791E+02    0.181680304113131963E+01    0.152402547646980868E+01    0.500001665271926687E+00   -0.147318801596274279E+06
    0.659827361932280032E-01    0.651450554426549477E-01    0.837466303036130677E+00    0.512489839094575999E+02    0.181851757070889919E+01    0.152427155284811078E+01    0.500003251046503783E+00   -0.147318767944018065E+06
    0.659827361932280032E-01    0.651450554426549477E-01    0.837466303036130677E+00    0.512489839094575999E+02    0.181851757070889919E+01    0.152427155284811078E+01    0.500003251046503783E+00   -0.147318767944018065E+06
    0.623331494351498441E-01    0.671761327807330055E-01    0.835634168536238287E+00    0.510076897870202473E+02    0.181694510881551130E+01    0.152535147569030283E+01    0.500017157705761162E+00   -0.147318758865431097E+06
    0.652604148705978188E-01    0.653484022435810441E-01    0.837915365038089943E+00    0.510979577781290217E+02    0.181874598571724411E+01    0.152471039342443238E+01    0.500012684578883704E+00   -0.147318727182261093E+06
    0.651894814248534654E-01    0.647055120841149300E-01    0.836505377662033256E+00    0.507862725074150063E+02    0.181544893115941464E+01    0.152543177379005668E+01    0.500016992857324150E+00   -0.147318710618289304E+06
    0.643511508563554963E-01    0.645138783903008023E-01    0.836889181836975471E+00    0.513055049292512777E+02    0.182020694170231190E+01    0.152443803179620918E+01    0.500003166099339369E+00   -0.147318691147315752E+06
    0.618381199307365473E-01    0.671189722056499821E-01    0.836196829690907473E+00    0.508353906519628964E+02    0.181363949233590271E+01    0.152630135261357980E+01    0.500007454869433876E+00   -0.147318619421174459E+06
    0.618381199307365473E-01    0.671189722056499821E-01    0.836196829690907473E+00    0.508353906519628964E+02    0.181363949233590271E+01    0.152630135261357980E+01    0.500007454869433876E+00   -0.147318619421174459E+06
    0.632591823817379856E-01    0.643484295231534636E-01    0.835850458435819954E+00    0.508197330112185526E+02    0.181639440116979833E+01    0.152519064015978811E+01    0.500022053102817110E+00   -0.147318602156180510E+06
    0.632591823817379856E-01    0.643484295231534636E-01    0.835850458435819954E+00    0.508197330112185526E+02    0.181639440116979833E+01    0.152519064015978811E+01    0.500022053102817110E+00   -0.147318602156180510E+06
    0.633340083505084250E-01    0.672761630777979625E-01    0.836404802390691593E+00    0.509381637057869483E+02    0.181695866380804150E+01    0.152607267420419546E+01    0.500011197871665480E+00   -0.147318543581171311E+06
    0.643762252962487014E-01    0.665711198839141066E-01    0.836371361068382280E+00    0.507464848425458683E+02    0.181907030756621246E+01    0.152374339839404849E+01    0.500013919221678149E+00   -0.147318470692612202E+06
    0.616502520467063497E-01    0.662142533644778791E-01    0.834902369774256137E+00    0.509497884554188616E+02    0.181773828370642354E+01    0.152423487605651431E+01    0.500004620420044676E+00   -0.147318468757174327E+06
    0.618441388109013876E-01    0.644133107889709317E-01    0.835362118987202473E+00    0.509947491529254862E+02    0.181499465880645672E+01    0.152636714204516721E+01    0.500001255564094360E+00   -0.147318441395117901E+06
    0.629605509337113900E-01    0.678892101479575960E-01    0.836891923836889706E+00    0.508225241299448172E+02    0.181646542750497764E+01    0.152600564649309711E+01    0.500005150300470325E+00   -0.147318408965875395E+06
    0.629605509337113900E-01    0.678892101479575960E-01    0.836891923836889706E+00    0.508225241299448172E+02    0.181646542750497764E+01    0.152600564649309711E+01    0.500005150300470325E+00   -0.147318408965875395E+06
    0.607829524778320390E-01    0.663510620162469644E-01    0.836924860140332516E+00    0.509622014296068144E+02    0.181867914676171338E+01    0.152506781333330865E+01    0.500003360453847856E+00   -0.147318341804867319E+06
    0.607829524778320390E-01    0.663510620162469644E-01    0.836924860140332516E+00    0.509622014296068144E+02    0.181867914676171338E+01    0.152506781333330865E+01    0.500003360453847856E+00   -0.147318341804867319E+06
    0.626420491584522704E-01    0.661010774775987187E-01    0.837512024669374133E+00    0.512003406720256606E+02    0.182000299628991535E+01    0.152299850791604086E+01    0.500003684678897664E+00   -0.147318337702979217E+06
    0.636885526961125104E-01    0.674530265082037006E-01    0.836207765842394979E+00    0.509185219977044454E+02    0.181865424648577401E+01    0.152555621706592714E+01    0.500004306552235045E+00   -0.147318293122087111E+06
    0.637947081819927458E-01    0.659236616836398615E-01    0.835901508880177113E+00    0.507668287185639002E+02    0.181642416785081506E+01    0.152465185484002075E+01    0.500020190357403638E+00   -0.147318267336289544E+06
    0.637947081819927458E-01    0.659236616836398615E-01    0.835901508880177113E+00    0.507668287185639002E+02    0.181642416785081506E+01    0.152465185484002075E+01    0.500020190357403638E+00   -0.147318267336289544E+06
    0.617681352979441711E-01    0.666089240365714264E-01    0.838579014065449213E+00    0.509936487597620527E+02    0.181616227375892336E+01    0.152509400577321763E+01    0.500007683090418875E+00   -0.147318264928843681E+06
    0.617681352979441711E-01    0.666089240365714264E-01    0.838579014065449213E+00    0.509936487597620527E+02    0.181616227375892336E+01    0.152509400577321763E+01    0.500007683090418875E+00   -0.147318264928843681E+06
    0.621927521569998615E-01    0.631265135828117940E-01    0.838400781462771638E+00    0.508924008357552964E+02    0.181921240406635842E+01    0.152447040933708533E+01    0.500000262173862065E+00   -0.147318259963391116E+06
    0.648713498309285708E-01    0.672153238610574133E-01    0.837265334418044294E+00    0.511245979516529445E+02    0.181795838685561661E+01    0.152375623113055103E+01    0.500006465586073534E+00   -0.147318249590394931E+06
    0.656866374872118741E-01    0.664573027927855831E-01    0.835533179051909158E+00    0.507229899925812404E+02    0.181658263179574009E+01    0.152472075523036255E+01    0.500003625314954903E+00   -0.147318241443324165E+06
    0.656866374872118741E-01    0.664573027927855831E-01    0.835533179051909158E+00    0.507229899925812404E+02    0.181658263179574009E+01    0.152472075523036255E+01    0.500003625314954903E+00   -0.147318241443324165E+06
    0.636835106932858858E-01    0.671475247088215432E-01    0.835163642978864695E+00    0.510622456480531426E+02    0.181580550582642508E+01    0.152438019681791270E+01    0.500003896478761534E+00   -0.147318238491704571E+06
    0.619101825060442701E-01    0.663723705901738958E-01    0.837060367679018702E+00    0.510457978844996347E+02    0.181799108981470381E+01    0.152532703813921366E+01    0.500012948126293932E+00   -0.147318219181150373E+06
    0.619101825060442701E-01    0.663723705901738958E-01    0.837060367679018702E+00    0.510457978844996347E+02    0.181799108981470381E+01    0.152532703813921366E+01    0.500012948126293932E+00   -0.147318219181150373E+06
    0.647367700088066073E-01    0.645944589477314701E-01    0.837756103585732381E+00    0.510594315339680662E+02    0.181517358048077426E+01    0.152417242933346708E+01    0.500002075534993207E+00   -0.147318213251928129E+06
    0.639881485716532888E-01    0.663096635688253111E-01    0.835328921328491569E+00    0.506246642113000576E+02    0.181574254440630622E+01    0.152570386200185104E+01    0.500002875299655813E+00   -0.147318185288482578E+06
    0.638290705318487611E-01    0.637965483612567136E-01    0.836459019213266375E+00    0.510781904851589132E+02    0.181745510839857149E+01    0.152493944672751525E+01    0.500016684559891567E+00   -0.147318173414917110E+06
    0.645964474975796038E-01    0.675456431509251082E-01    0.835253633580242294E+00    0.510944030295015494E+02    0.181771488768528799E+01    0.152536301647338823E+01    0.500003462549129640E+00   -0.147318159425410093E+06
    0.622009540756460963E-01    0.648134101870622009E-01    0.837800233129696981E+00    0.510760797973566696E+02    0.182061807733456060E+01    0.152296196816190865E+01    0.500005953736850417E+00   -0.147318150946578244E+06
    0.642673332595837254E-01    0.665554958270648811E-01    0.836813450040728490E+00    0.508470980284785483E+02    0.181769965399043443E+01    0.152378397946698252E+01    0.500014819760923768E+00   -0.147318144566537347E+06
    0.623544393277442668E-01    0.635047703248250855E-01    0.835863090218894822E+00    0.510298962675023233E+02    0.181450814711723551E+01    0.152564769345238704E+01    0.500007301243035718E+00   -0.147318141325335979E+06
    0.623544393277442668E-01    0.635047703248250855E-01    0.835863090218894822E+00    0.510298962675023233E+02    0.181450814711723551E+01    0.152564769345238704E+01    0.500007301243035718E+00   -0.147318141325335979E+06
    0.637749205432835559E-01    0.649745970323682143E-01    0.837370677102789118E+00    0.508334341895699495E+02    0.181407208414841659E+01    0.152677549343186736E+01    0.500002916877850478E+00   -0.147318130370366853E+06
    0.650942043338368914E-01    0.677176557469761770E-01    0.835466824265315156E+00    0.510956718528202813E+02    0.181348475672387899E+01    0.152614303283763286E+01    0.500000743181329921E+00   -0.147318111012083769E+06
    0.606824529265012277E-01    0.654530583424495077E-01    0.837538592225792966E+00    0.508722088249228435E+02    0.181494187981080413E+01    0.152538064171514676E+01    0.500007262354439819E+00   -0.147318107541790989E+06
    0.617880187713755746E-01    0.635823669015965348E-01    0.836049123844012199E+00    0.511265120077196045E+02    0.181572017581630973E+01    0.152492290478921300E+01    0.500007997168621099E+00   -0.147318055812408333E+06
    0.648692179230762056E-01    0.655328529479759364E-01    0.835520672242510365E+00    0.511737701308786797E+02    0.181453261694742651E+01    0.152627413102558762E+01    0.500004258172598193E+00   -0.147318036083331739E+06
    0.607562483047993443E-01    0.659651554963620601E-01    0.836728271257731748E+00    0.511875025266367913E+02    0.181879399013518861E+01    0.152383346977608936E+01    0.500000231810365348E+00   -0.147318012845501624E+06
    0.619171165675335144E-01    0.657503156027769431E-01    0.836651685077290042E+00    0.513512863936522166E+02    0.181764171936851704E+01    0.152440061577475094E+01    0.500003409099977869E+00   -0.147317960556480160E+06
    0.609034052458713934E-01    0.640111434189371276E-01    0.836895897919661014E+00    0.510948676822398937E+02    0.181592133724873772E+01    0.152430264996818909E+01    0.500004299581646494E+00   -0.147317959980657324E+06
    0.646980635591830056E-01    0.662221278022761262E-01    0.835785734902053878E+00    0.511482869474385495E+02    0.181532002881685472E+01    0.152549761292550978E+01    0.500014188323299358E+00   -0.147317938099878695E+06
    0.626254268257266239E-01    0.652631050023809028E-01    0.838548279398836138E+00    0.509515539099565729E+02    0.181920320890822906E+01    0.152407229711278336E+01    0.500009671560877278E+00   -0.147317905518471467E+06
    0.647965339728804185E-01    0.676736739656635944E-01    0.836528209254042698E+00    0.511082158304079215E+02    0.181669566970626972E+01    0.152554406133211429E+01    0.500007116490044923E+00   -0.147317789533468138E+06
    0.628382639644722435E-01    0.653682286841737736E-01    0.837169813258936246E+00    0.513204278518409822E+02    0.181755600386743055E+01    0.152415252429483705E+01    0.500007204851936393E+00   -0.147317768674000341E+06
    0.655645867282023814E-01    0.667047170722649407E-01    0.837766081347094627E+00    0.510922381654169087E+02    0.181758066444148869E+01    0.152446365341720136E+01    0.500003808611553358E+00   -0.147317747112342506E+06
    0.627944248165774738E-01    0.647739124576885428E-01    0.837765286647928820E+00    0.511569275445426968E+02    0.181521169404278027E+01    0.152633854272406055E+01    0.500000353530229980E+00   -0.147317741841395793E+06
    0.658577397067818121E-01    0.669169412693456644E-01    0.836516924767777947E+00    0.510776945941675962E+02    0.181871605077370968E+01    0.152401163023793762E+01    0.500000632370264819E+00   -0.147317726096592523E+06
    0.628766946988413150E-01    0.648690811364667635E-01    0.835986342973002339E+00    0.510325691885243842E+02    0.181320502873421163E+01    0.152607304949990485E+01    0.500008501233854430E+00   -0.147317703669360693E+06
    0.637450214782108171E-01    0.635447380619259122E-01    0.838279924483126937E+00    0.509579029848062959E+02    0.181581609096694385E+01    0.152494310972275882E+01    0.500003098044316419E+00   -0.147317702350893960E+06
    0.632857459357053509E-01    0.659011104242059470E-01    0.835992984551734430E+00    0.512020776172895395E+02    0.181789476882687961E+01    0.152501430080087985E+01    0.500011373483424615E+00   -0.147317671754297131E+06
    0.636368693560124821E-01    0.640556834244599554E-01    0.836905001764674417E+00    0.510041131571362882E+02    0.181790709530044770E+01    0.152527009354075482E+01    0.500009765783881677E+00   -0.147317664338737843E+06
    0.643295705390523054E-01    0.660998110578834147E-01    0.837207667174948211E+00    0.508728978693087726E+02    0.181619386749869816E+01    0.152399133505721096E+01    0.500007593840310349E+00   -0.147317663404485269E+06
    0.633580681136479973E-01    0.664873223054028711E-01    0.836100473051365922E+00    0.510385059196941171E+02    0.181844790052619132E+01    0.152434396167820063E+01    0.500016223737656640E+00   -0.147317661443393445E+06
    0.621041029750374479E-01    0.673680500213810068E-01    0.837018894287345105E+00    0.509947926534345299E+02    0.181585173608375050E+01    0.152459630266218760E+01    0.500005932450278023E+00   -0.147317644250107231E+06
    0.618042426177304455E-01    0.642515056825336967E-01    0.836917660566476540E+00    0.510954211470451867E+02    0.181743218545619634E+01    0.152504367412740827E+01    0.500011786409983894E+00   -0.147317626042141404E+06
    0.612111855264591137E-01    0.635586731196363802E-01    0.837000799939355611E+00    0.510791323539054645E+02    0.181740525958301946E+01    0.152441281106692750E+01    0.500006329462220012E+00   -0.147317624306813290E+06
    0.634508879023159139E-01    0.666396501819396386E-01    0.835940140987116553E+00    0.512279704952845307E+02    0.181401467239467551E+01    0.152592946059633539E+01    0.500003569290014438E+00   -0.147317551090393419E+06
    0.651345434671070783E-01    0.661584691307112865E-01    0.837848196032074055E+00    0.510897888464269911E+02    0.181408479200441786E+01    0.152595410659566477E+01    0.500002028986296976E+00   -0.147317517132836510E+06
    0.659258058566689065E-01    0.659752290975495342E-01    0.836492955482749601E+00    0.511021551318882956E+02    0.181720754064880330E+01    0.152528642583659257E+01    0.500002251912532780E+00   -0.147317462468793121E+06
    0.625840676551580738E-01    0.636867937147374136E-01    0.836526535845655062E+00    0.508146979679303215E+02    0.181672604516745584E+01    0.152510058844374874E+01    0.500007278651512843E+00   -0.147317437722522183E+06
    0.640897163863860531E-01    0.646065180232471004E-01    0.838156023122600624E+00    0.509950087855597758E+02    0.181858491017173485E+01    0.152411643864726853E+01    0.500006377580888950E+00   -0.147317418961375370E+06
    0.632124176695541273E-01    0.645014631309142605E-01    0.838412011197656293E+00    0.510500467814249319E+02    0.181830607275946887E+01    0.152441309722943497E+01    0.500004841982206849E+00   -0.147317278146305587E+06
    0.641499251981180602E-01    0.661008724196577441E-01    0.835910770828039995E+00    0.509248884830886794E+02    0.181411152494001104E+01    0.152527967667141584E+01    0.500008078427564118E+00   -0.147317270317267394E+06
    0.633119293647824849E-01    0.646836999991440148E-01    0.836483052928917559E+00    0.510561344265501091E+02    0.181764035038731686E+01    0.152370848400238512E+01    0.500007449117760627E+00   -0.147317270060139272E+06
    0.621971335326383587E-01    0.649593534889195273E-01    0.837072870739124175E+00    0.507320286307818051E+02    0.181928650164050087E+01    0.152405357131714503E+01    0.500004768526584820E+00   -0.147317231360520236E+06
    0.630470878339999541E-01    0.663864369023625389E-01    0.835946050924589734E+00    0.508183134430506627E+02    0.181612628831461254E+01    0.152435954155995490E+01    0.500005495494830088E+00   -0.147317230056710279E+06
    0.618200400638038439E-01    0.653632306780984051E-01    0.837288766044785193E+00    0.510343134469698896E+02    0.181377806054874635E+01    0.152615115352544994E+01    0.500002462010641580E+00   -0.147317223974616849E+06
    0.650823273026057275E-01    0.668476182576904776E-01    0.836488286068640008E+00    0.510844701448286358E+02    0.181667878096743651E+01    0.152553891625929094E+01    0.500005660037988631E+00   -0.147317223123135278E+06
    0.637101418244517964E-01    0.639459466882218441E-01    0.836558695607995562E+00    0.510940511647441369E+02    0.181916456343257771E+01    0.152447545179255117E+01    0.500003935799749000E+00   -0.147317223028473789E+06
    0.635366340135793128E-01    0.651287850013626546E-01    0.834967396152718644E+00    0.509782473656444850E+02    0.181558765557000212E+01    0.152485486047358343E+01    0.500000898611851596E+00   -0.147317221955765272E+06
    0.619652463753970900E-01    0.642819251007851616E-01    0.836304350197922375E+00    0.508834424232399272E+02    0.181847570675084080E+01    0.152489396733782234E+01    0.500004132065453466E+00   -0.147317210694731184E+06
    0.621521894121944626E-01    0.653892955067028186E-01    0.836046975410659421E+00    0.507462528229749807E+02    0.181679205355470130E+01    0.152444695287913401E+01    0.500005260525899664E+00   -0.147317206715756300E+06
    0.649485136552823833E-01    0.657924951960369986E-01    0.837481879899303339E+00    0.510911217981343526E+02    0.181835735231288909E+01    0.152497960495989449E+01    0.500003059032640307E+00   -0.147317197028878145E+06
    0.616573232885490874E-01    0.654818160514264447E-01    0.836116238119309907E+00    0.510444228953415688E+02    0.181391415473448037E+01    0.152583284910645389E+01    0.500001643963553621E+00   -0.147317180731064494E+06
    0.627147160525094310E-01    0.650837201339493077E-01    0.838031263245173852E+00    0.510721910512671755E+02    0.181522248025257249E+01    0.152473464874990583E+01    0.500005745748668962E+00   -0.147317105906826939E+06
    0.626566098000709559E-01    0.671621859906884472E-01    0.836115219586979874E+00    0.508858538247738252E+02    0.181823699917005355E+01    0.152429498282503251E+01    0.500003065743168884E+00   -0.147317016902296629E+06
    0.628281938620970509E-01    0.639648367309189336E-01    0.836547236271536265E+00    0.511563549342463659E+02    0.181523204798764493E+01    0.152558009159325536E+01    0.500002575292375018E+00   -0.147316999637975707E+06
    0.624570593187570161E-01    0.662694396393585933E-01    0.835742824374281712E+00    0.511856050354908874E+02    0.181657849747609346E+01    0.152518779041919417E+01    0.500001307495473890E+00   -0.147316969113603467E+06
    0.619396193806623432E-01    0.639540956450297265E-01    0.837591702882391154E+00    0.510160257289267349E+02    0.181755054792975090E+01    0.152402082327380328E+01    0.500002881262302856E+00   -0.147316893058683869E+06
    0.625951718588444450E-01    0.658308575237906285E-01    0.837140649242737345E+00    0.509271775132907081E+02    0.181807232729475388E+01    0.152462774659783684E+01    0.500011083091440045E+00   -0.147316833754331892E+06
    0.638084983988268378E-01    0.667178922380811390E-01    0.836525342350025181E+00    0.510939638115617498E+02    0.181651658170574448E+01    0.152475664429248892E+01    0.500004708105671880E+00   -0.147316460325146036E+06
    0.636482945113137355E-01    0.657480203251854245E-01    0.835969674859607270E+00    0.509035929598695205E+02    0.181715923198754536E+01    0.152527920028447239E+01    0.500006809527856033E+00   -0.147316664054669644E+06
    0.625762444620875657E-01    0.653892709331095057E-01    0.836760513149833685E+00    0.510539784806452062E+02    0.181559276837655581E+01    0.152565135432752674E+01    0.500001690659599651E+00   -0.147316152219954820E+06
    0.629900803262621600E-01    0.653281086067078742E-01    0.835385657171279661E+00    0.508947820475193780E+02    0.181734183226725654E+01    0.152515725463769547E+01    0.500001909531844535E+00   -0.147316758765577164E+06
    0.622415413616617605E-01    0.646181113531901358E-01    0.836194407914710780E+00    0.509097718220106188E+02    0.181676040623203772E+01    0.152542165205384461E+01    0.500002565469420901E+00   -0.147316669704328291E+06
    0.638404251505611114E-01    0.653581412474118911E-01    0.836225389671331643E+00    0.508429632382547396E+02    0.181874223642732669E+01    0.152403343375567624E+01    0.500000752962536987E+00   -0.147316349180686637E+06
    0.643748673848621583E-01    0.647408796493460920E-01    0.837643323782020000E+00    0.511433407481511821E+02    0.181679078650035231E+01    0.152451070972089764E+01    0.500000371855613523E+00   -0.147316651376577676E+06
    0.629400118437913464E-01    0.664823507714914358E-01    0.836607494341034652E+00    0.510963729159301749E+02    0.181646273543904346E+01    0.152551082932763271E+01    0.500000159598352201E+00   -0.147316214633802010E+06
    0.637680290613024808E-01    0.648380904507885186E-01    0.836387617427797103E+00    0.510781324839907498E+02    0.181714878403810931E+01    0.152392529321891401E+01    0.500002552827383484E+00   -0.147316782318024663E+06
    0.635700812658884784E-01    0.660375657169565700E-01    0.837534110876336335E+00    0.509165569105691063E+02    0.181397116553291515E+01    0.152532120432315432E+01    0.500003017081160905E+00   -0.147316673873866472E+06
    0.623412576704815286E-01    0.655142419918448016E-01    0.837367444307620445E+00    0.508908904409456539E+02    0.181508728589272961E+01    0.152495287158607917E+01    0.500000239654526224E+00   -0.147316168628029060E+06
    0.619998019237320910E-01    0.656244316135886074E-01    0.837517153085138633E+00    0.511468242243649556E+02    0.181617922382431440E+01    0.152467735960799078E+01    0.500002553241195913E+00   -0.147316676268548297E+06
    0.635360102822640355E-01    0.646355529233942488E-01    0.836565327145685877E+00    0.510725013886945405E+02    0.181893365050279243E+01    0.152460880982081082E+01    0.500003536674981763E+00   -0.147316640630593174E+06
