    0.555962161145839264E-86   -0.674979247803137332E+04    0.363732442118264530E+02    0.382285545554708932E+02    0.670785845307430462E+00
    0.178744999625248568E-84   -0.675683333834458244E+04    0.416676063515667963E+02    0.248326979710952109E+02    0.176947485374819036E+01
    0.386016157252678612E-83   -0.676307834656996693E+04    0.353386756777763367E+02    0.214595225453376770E+02    0.509133523369682206E+00
    0.236054782063003098E-79   -0.678061539667135457E+04    0.237395367337727059E+02    0.343577750481738704E+02    0.662210067812393222E+00
    0.625738833374886802E-78   -0.678727030521632787E+04    0.285508107945541525E+02    0.274471838501305783E+02    0.635053327312073423E+00
    0.161548606459524734E-76   -0.679387239155071165E+04    0.329581943154335022E+02    0.267369818687438965E+02    0.587723378536814445E+00
    0.215698189540451623E-56   -0.688665394345802270E+04    0.375347819924354553E+02    0.328023833036422729E+02    0.804954467569912735E+00
    0.304955837648337938E-51   -0.691047236801112922E+04    0.414283525320206536E+02    0.377247456413761171E+02    0.107262154766707374E+01
    0.404314333637486486E-50   -0.691574158951204663E+04    0.280991256963608720E+02    0.371393680014184895E+02    0.120801664676638132E+01
    0.146462342483748458E-48   -0.692302108132108151E+04    0.223117613399018708E+02    0.311951974563713570E+02    0.680018137278640022E+00
    0.228778358237846373E-48   -0.692401305195985879E+04    0.325270923357535438E+02    0.391752356247156825E+02    0.128350348508697376E+01
    0.505182301903878831E-48   -0.692569738334204067E+04    0.250114441159144079E+02    0.431145183815729425E+02    0.832702396781059728E+00
    0.174703964837235896E-46   -0.693288407082201593E+04    0.424949643592470494E+02    0.352761060004733338E+02    0.111470802967326232E+01
    0.759671789148627360E-46   -0.693592365796525428E+04    0.287432611568373737E+02    0.341513183555519788E+02    0.824303849336601613E+00
    0.361351561129468698E-44   -0.694374792804596837E+04    0.433115623240163714E+02    0.349926580170235013E+02    0.927034758534342251E+00
    0.216551604967140286E-42   -0.695203422350029541E+04    0.233274605870246887E+02    0.245478463172912598E+02    0.761314359170728205E+00
    0.293888738402880590E-42   -0.695274496825177630E+04    0.338725061879044560E+02    0.276012454002341698E+02    0.979735420661246081E+00
    0.924878751674923455E-42   -0.695513789104126681E+04    0.279757108567613848E+02    0.349116721204120637E+02    0.829356790783165154E+00
    0.237157319212392441E-40   -0.696172635354407521E+04    0.304147478938102722E+02    0.322226506471633911E+02    0.131658625699176590E+01
    0.921786677631767079E-40   -0.696454153376918930E+04    0.242289621738355727E+02    0.208170698747617848E+02    0.600084822728677025E+00
    0.148535168136460419E-38   -0.697020088999126347E+04    0.265555591091676639E+02    0.417013001541277362E+02    0.105170269356428681E+01
    0.145477846658489592E-38   -0.697025929412267124E+04    0.254417558348072355E+02    0.285675597290406103E+02    0.776358425361441173E+00
    0.932299618024945996E-38   -0.697407455496909824E+04    0.357607883214950562E+02    0.248092663288116455E+02    0.101255619499054328E+01
    0.104090760592425300E-37   -0.697439494310503869E+04    0.215500649809837341E+02    0.358454805612564087E+02    0.771964488238041646E+00
    0.294110072441772774E-36   -0.698117749504455514E+04    0.298030521157123651E+02    0.400549780669292232E+02    0.110163035163173695E+01
    0.327397198745295087E-35   -0.698609710526155959E+04    0.292884819747553955E+02    0.407719452856017881E+02    0.122078466001651043E+01
    0.502006906482357557E-34   -0.699165715498493046E+04    0.230575825239276497E+02    0.287300934117773750E+02    0.103140233431802741E+01
    0.156981029155569478E-33   -0.699403734734514546E+04    0.239110240389768762E+02    0.243343468745702260E+02    0.102427163028759693E+01
    0.844973274108056560E-33   -0.699750370741302413E+04    0.347831230197495813E+02    0.231182848483822774E+02    0.911530054849549409E+00
    0.678693356920284987E-32   -0.700177060643327604E+04    0.229665743805610632E+02    0.238103513416226100E+02    0.635569275598966366E+00
    0.513245414418405167E-31   -0.700591694603075030E+04    0.376331237591654713E+02    0.282220739388835682E+02    0.109482659832144469E+01
    0.227717097991931445E-30   -0.700899681609431445E+04    0.408859344872706387E+02    0.379239961382808275E+02    0.117811867163995343E+01
    0.299406243202441244E-30   -0.700964421062211841E+04    0.386797365891060139E+02    0.408781731696614230E+02    0.119301006644884278E+01
    0.330138969522235095E-30   -0.700993963534498107E+04    0.382119175249630771E+02    0.405108953802781784E+02    0.119927462023111331E+01
    0.350655592926879318E-30   -0.701016021702387297E+04    0.359261367441872892E+02    0.302507306016304014E+02    0.926088086524837650E+00
    0.661465154042368133E-30   -0.701152952258378900E+04    0.224273772046335402E+02    0.303742825801855432E+02    0.785566336090461226E+00
    0.459583751914912474E-29   -0.701550642054517903E+04    0.268272533905166739E+02    0.207655517066682869E+02    0.105558000864875257E+01
    0.117740625437742436E-28   -0.701748791657701986E+04    0.253665544382781434E+02    0.289857750852193732E+02    0.890281778462732043E+00
    0.170448309452991302E-26   -0.702753815287856469E+04    0.284641561889291914E+02    0.285683698118371368E+02    0.110627377426106555E+01
    0.673401130910914674E-26   -0.703038597109003513E+04    0.244125354906190601E+02    0.235140740780639241E+02    0.938689186369794037E+00
    0.156145592699220053E-25   -0.703216803662084749E+04    0.383663862789477719E+02    0.227531739310135350E+02    0.908720285880370127E+00
    0.214501960270456579E-25   -0.703290309665799577E+04    0.368363991168135811E+02    0.221185582231545546E+02    0.926780604215619697E+00
    0.615890614586194003E-25   -0.703511259765184695E+04    0.252775117357780417E+02    0.283381852871521147E+02    0.965961279428045438E+00
    0.119429430633958416E-24   -0.703653708040636593E+04    0.225830319995804523E+02    0.406860363122688540E+02    0.101543565983946849E+01
    0.110282716585760073E-23   -0.704108289371450519E+04    0.261554481974627677E+02    0.231454537855300373E+02    0.108844835160187925E+01
    0.197591041785645115E-23   -0.704234919817412629E+04    0.346200179438465838E+02    0.214342671070235653E+02    0.992167354791154144E+00
    0.498178586338211405E-23   -0.704429871651542999E+04    0.364359430677875906E+02    0.226984573266200726E+02    0.969718969893471727E+00
    0.878447508002119486E-23   -0.704553311158372890E+04    0.278818384370075343E+02    0.223010824832107311E+02    0.109946798721981809E+01
    0.974059799235939588E-23   -0.704583974467029475E+04    0.269412313042446065E+02    0.222759348495188796E+02    0.928239912456290561E+00
    0.102346450469798682E-22   -0.704603869672411020E+04    0.260553146082352320E+02    0.288551517671387963E+02    0.126049270185207640E+01
    0.186519299074045151E-22   -0.704733903888976783E+04    0.277959329639448285E+02    0.254086775612735174E+02    0.119320384580095262E+01
    0.316580517173496980E-22   -0.704849712467749305E+04    0.350221868871430146E+02    0.304150930900872609E+02    0.105131836548307089E+01
    0.118141529948258303E-21   -0.705123090627190322E+04    0.225834729321133381E+02    0.319510279993782618E+02    0.998339211904373469E+00
    0.165186716670111759E-21   -0.705200129254829244E+04    0.278970134407212313E+02    0.252627903933476610E+02    0.114570946576898591E+01
    0.228482597043063995E-21   -0.705275005973910902E+04    0.232734543270719527E+02    0.327336926222550204E+02    0.999271645809272968E+00
    0.240517185227188861E-21   -0.705295272273419414E+04    0.349587578910911603E+02    0.262769256880987605E+02    0.100821302316504413E+01
    0.551328445376310557E-21   -0.705471180109006400E+04    0.231992103896646711E+02    0.327122418151183894E+02    0.119138062640562814E+01
    0.183084035028943688E-20   -0.705721220034419639E+04    0.234278061871188790E+02    0.325245633693555192E+02    0.103720145282952525E+01
    0.136505836560646800E-19   -0.706133021476448630E+04    0.205921433489863688E+02    0.409826765412930243E+02    0.127181537484089180E+01
    0.194516643563099045E-19   -0.706213851548052389E+04    0.233792393574531054E+02    0.237493957492573102E+02    0.751847702214522018E+00
    0.174158829458552078E-18   -0.706662258559734892E+04    0.260375544653786193E+02    0.288020347392749656E+02    0.103568460239493687E+01
    0.258479981107081140E-18   -0.706751228670252749E+04    0.352448341424606326E+02    0.217933642468792641E+02    0.981826050065140676E+00
    0.470010181364452404E-17   -0.707341332910556230E+04    0.243026834726333618E+02    0.246951055526733398E+02    0.808216671054374225E+00
    0.492981071778787364E-17   -0.707360876195036417E+04    0.244411801046346753E+02    0.289429396171726410E+02    0.958394585961862444E+00
    0.230362447952385784E-16   -0.707679229843609664E+04    0.240062813787184801E+02    0.302688172814781176E+02    0.100127491037632499E+01
    0.233839292580892594E-16   -0.707692225876879911E+04    0.242789590644784958E+02    0.243793768137506817E+02    0.817433120192733842E+00
    0.226723979247897307E-16   -0.707696045723198404E+04    0.246954003422497301E+02    0.282946120968219788E+02    0.974573764950072530E+00
    0.247961062279738790E-15   -0.708184470421744754E+04    0.250318637473419017E+02    0.244018773772907878E+02    0.911295560049035780E+00
    0.264622620780239218E-15   -0.708207477024065247E+04    0.247860681989737088E+02    0.304123341212536005E+02    0.106772172621391648E+01
    0.291088690193513794E-15   -0.708236541675971148E+04    0.247890433355246707E+02    0.309316315937981834E+02    0.109933818756254054E+01
    0.356091070536449267E-15   -0.708286853379214517E+04    0.234485630499421198E+02    0.296163739621479110E+02    0.924036382839014014E+00
    0.561473052960948065E-15   -0.708387928832736816E+04    0.265823364986745219E+02    0.261597637127562450E+02    0.117542955623713663E+01
    0.615513452042102913E-15   -0.708416307436535681E+04    0.254925758801259441E+02    0.242823595697004500E+02    0.927948709811627026E+00
    0.636973549993147388E-15   -0.708433161702751750E+04    0.264216525337221420E+02    0.264055798535085202E+02    0.117193062955595795E+01
    0.133442178105831880E-14   -0.708591066747205787E+04    0.239498236917340925E+02    0.290386315856270656E+02    0.946217433278229048E+00
    0.365177577750048034E-14   -0.708802409844894555E+04    0.269200166886089107E+02    0.268226600564827322E+02    0.113751743747807144E+01
    0.356682869800532483E-14   -0.708807702508383863E+04    0.258035917964884725E+02    0.246566048838116423E+02    0.970804541869756843E+00
    0.353504892041260336E-14   -0.708815912559785829E+04    0.358734657384684965E+02    0.203479195489002898E+02    0.969834853096293248E+00
    0.347545143406117411E-14   -0.708822512008093236E+04    0.259573773853782050E+02    0.242857905791409934E+02    0.104709314813003895E+01
    0.376066137750776555E-14   -0.708848286100202222E+04    0.256728454230136798E+02    0.242142906488275429E+02    0.978609575077929672E+00
    0.380076323450452126E-14   -0.708860407511710855E+04    0.353138150701308859E+02    0.207195689676570787E+02    0.974565426670227608E+00
    0.400865357037128480E-14   -0.708881058215550547E+04    0.256938094477741465E+02    0.241439801812014174E+02    0.103333420295391076E+01
    0.384036468090466322E-14   -0.708882480598376060E+04    0.264981684021167290E+02    0.269948484401935964E+02    0.112764281247132980E+01
    0.417879817091013596E-14   -0.708909371869415736E+04    0.257207517320554757E+02    0.249021066342618589E+02    0.997853137494582598E+00
    0.101991431669239628E-13   -0.709097827874864652E+04    0.246186603054104545E+02    0.226156469075522466E+02    0.795048836987605090E+00
    0.114443501014161559E-13   -0.709130866365619659E+04    0.249377413004940784E+02    0.246700294943819571E+02    0.861033722220206355E+00
    0.259681440736538996E-13   -0.709304741243936769E+04    0.240043497258855467E+02    0.249291890710374169E+02    0.867158794816005218E+00
    0.362029611374540239E-13   -0.709381195315133573E+04    0.240103572461370689E+02    0.245221425540245299E+02    0.869929997409695122E+00
    0.577546989884675979E-13   -0.709484608074932385E+04    0.240667459067071690E+02    0.243448928851996875E+02    0.873760013699419580E+00
    0.134345958641856952E-12   -0.709663450782918699E+04    0.241602875777222010E+02    0.228440037246728238E+02    0.814945772643615896E+00
    0.456294680057153700E-12   -0.709917994897959761E+04    0.246629171689360547E+02    0.240743004918799706E+02    0.890992181864987076E+00
    0.529698704976677237E-12   -0.709957828804905512E+04    0.244767661349495853E+02    0.225786072846231889E+02    0.826416078677606247E+00
    0.625443161720370476E-12   -0.710001059223605989E+04    0.243740278337130221E+02    0.226387306427798869E+02    0.828178896921789698E+00
    0.848764859808954165E-12   -0.710072123569479845E+04    0.245018013091288864E+02    0.244557590465365564E+02    0.897669529814555611E+00
    0.998722757644447774E-12   -0.710114662576212322E+04    0.243274834266497386E+02    0.225140966226318540E+02    0.832918437214384078E+00
    0.131404899486716807E-11   -0.710179540829192592E+04    0.243771239582534562E+02    0.242255769076147516E+02    0.902529844616866361E+00
    0.166837429386822639E-11   -0.710237288123070630E+04    0.249263281898688831E+02    0.223517349554605964E+02    0.838222392281821493E+00
    0.356713685593462859E-11   -0.710399270842532860E+04    0.243142770356786997E+02    0.225304871019920085E+02    0.845564743921081718E+00
    0.402109397682626864E-11   -0.710433228987786970E+04    0.250412206570700491E+02    0.237623016485673695E+02    0.939620728702441621E+00
    0.453553367882912878E-11   -0.710467306739287233E+04    0.256228567469735502E+02    0.237230816202152788E+02    0.942685090627158662E+00
    0.498843132449183276E-11   -0.710496342487259608E+04    0.241603199651692506E+02    0.227940176108876251E+02    0.850171360941342824E+00
    0.704886069557459091E-11   -0.710575491388017326E+04    0.252865910525218389E+02    0.231188072853315632E+02    0.953417155456341647E+00
    0.914633278101630497E-11   -0.710637588789955316E+04    0.242138250279201941E+02    0.227974052917915841E+02    0.857191248210475987E+00
    0.112498381096781636E-10   -0.710688988935616544E+04    0.243107918385993536E+02    0.225690398644368031E+02    0.859849533488127205E+00
    0.107324407362101494E-10   -0.710689572387797580E+04    0.254735632196248929E+02    0.234266442883050807E+02    0.967235667960205658E+00
    0.118784877775599242E-10   -0.710719863990833528E+04    0.254212211779470287E+02    0.238606823488707072E+02    0.971611098584315824E+00
    0.118132510953832225E-10   -0.710728762563075816E+04    0.245543874500831691E+02    0.226081457251586997E+02    0.861948104356630718E+00
    0.126997080802133744E-10   -0.710753233989435375E+04    0.248742719598421687E+02    0.224613810517096688E+02    0.863258194476416496E+00
    0.121153292516221765E-10   -0.710753812494174599E+04    0.253630074377565222E+02    0.235114189290971893E+02    0.977077085721109295E+00
    0.125563149820051239E-10   -0.710770962932925158E+04    0.253595166350026560E+02    0.237027157959280679E+02    0.980141037770843715E+00
    0.124811762487055793E-10   -0.710779762509796819E+04    0.249179042254443672E+02    0.225303750812683958E+02    0.864695323549186323E+00
    0.133389628377878447E-10   -0.710803056045791891E+04    0.247183239705034339E+02    0.224474529123929010E+02    0.865972188323756220E+00
    0.127782567119944552E-10   -0.710804467194383869E+04    0.254354376733060157E+02    0.232151382958050263E+02    0.986992780634669553E+00
    0.124950867567745167E-10   -0.710809985289473752E+04    0.256403451666691957E+02    0.237627396338156345E+02    0.988272243628001923E+00
    0.121249335143777098E-10   -0.710813970978648922E+04    0.256061629450074015E+02    0.236213479401467410E+02    0.989231575760401993E+00
    0.116628873296025414E-10   -0.710816200543390005E+04    0.246722252852098869E+02    0.225170858030647558E+02    0.866699080699346647E+00
    0.124923843674711404E-10   -0.710839942029564736E+04    0.219590042470827100E+02    0.252052438949663227E+02    0.938652127335651287E+00
    0.131587509771725915E-10   -0.710860335590126033E+04    0.256339420902523507E+02    0.235904656715134244E+02    0.100464750790630997E+01
    0.133490006589202278E-10   -0.710873206492964255E+04    0.256628673552076734E+02    0.237125377130648189E+02    0.102228502638789731E+01
    0.127033112436522425E-10   -0.710873290725422794E+04    0.255687209634269799E+02    0.238229273093789153E+02    0.101555487909182407E+01
    0.120974435846696273E-10   -0.710873517019214705E+04    0.257232482776463556E+02    0.239137791995299445E+02    0.101611338035042298E+01
    0.166088822392137206E-10   -0.710946905713339765E+04    0.247625610716235798E+02    0.224952584174194143E+02    0.874197224455702471E+00
    0.175707121747842662E-10   -0.710968164874946342E+04    0.242462578562861566E+02    0.226644202753288404E+02    0.875467104203614732E+00
    0.197878807058845708E-10   -0.711001932120904985E+04    0.241402868170148679E+02    0.247483434873924004E+02    0.948426802442920769E+00
    0.203509481920995503E-10   -0.711017543688959177E+04    0.245251553250261338E+02    0.224960156643530880E+02    0.878476844486168473E+00
    0.204164821897398721E-10   -0.711028186692979580E+04    0.242525876771704532E+02    0.247207060102879446E+02    0.950289662866548479E+00
    0.198935575312148467E-10   -0.711032997375390187E+04    0.247624081162018754E+02    0.245319824403644446E+02    0.950635224602193185E+00
    0.210476351703267432E-10   -0.711054275830030292E+04    0.247887763449500333E+02    0.246113340886319847E+02    0.952180037184781725E+00
    0.375220175967907572E-10   -0.711179903767276119E+04    0.247669136292347609E+02    0.224796791904756930E+02    0.889052030297791229E+00
    0.364223280702675277E-10   -0.711183954586978962E+04    0.245407660361499111E+02    0.225886585037524021E+02    0.889331050494344133E+00
    0.355272815401527332E-10   -0.711188978367043273E+04    0.241515972830124426E+02    0.226587460865734123E+02    0.889678232804976599E+00
    0.458156850577407677E-10   -0.711249843488157421E+04    0.243926647812294917E+02    0.226683773631046179E+02    0.893990297492903152E+00
    0.447887612532125128E-10   -0.711255309636570382E+04    0.247325662045920396E+02    0.224640205790000174E+02    0.894387626870395969E+00
    0.474442405133776189E-10   -0.711276829215471389E+04    0.249913847731852421E+02    0.224755135989013226E+02    0.895969089811412989E+00
    0.472548870173283694E-10   -0.711286029403463181E+04    0.242152090785128564E+02    0.225854476760249021E+02    0.896653828682704934E+00
    0.500378442493746486E-10   -0.711307474108781844E+04    0.241357827954511350E+02    0.226847044840518279E+02    0.898270780219810439E+00
    0.596811846272191145E-10   -0.711352721549027319E+04    0.245961684427029823E+02    0.225134071985879025E+02    0.901784693350812239E+00
    0.612669183942628339E-10   -0.711367966193950360E+04    0.243150495055590916E+02    0.225755717244689471E+02    0.903002104098678982E+00
    0.716774981107968186E-10   -0.711409353560851196E+04    0.244357283272723471E+02    0.225571224343367476E+02    0.906400656605562460E+00
    0.707226505105242876E-10   -0.711416671367270374E+04    0.244415833779045890E+02    0.225443976345781429E+02    0.907016663087650166E+00
    0.711655585749863684E-10   -0.711427919982658204E+04    0.247654512369037008E+02    0.224954593642067096E+02    0.907972947575788281E+00
    0.756207516904514122E-10   -0.711450064335713068E+04    0.247785950569781299E+02    0.224868258497929681E+02    0.909890178886658574E+00
    0.785648589606552365E-10   -0.711467703090446776E+04    0.241769112861151676E+02    0.226761786304456763E+02    0.911452053676206742E+00
    0.794943714075023713E-10   -0.711480055431806977E+04    0.248676598891980731E+02    0.224773379740829995E+02    0.912565244041021906E+00
    0.782212850935305407E-10   -0.711486826547639612E+04    0.248663244640911358E+02    0.225156910361532852E+02    0.913182532079842013E+00
    0.765856634756912280E-10   -0.711492600167624914E+04    0.242371511900216383E+02    0.226787204886342231E+02    0.913712956860395553E+00
    0.755709574689123852E-10   -0.711499932597739826E+04    0.245909287482254300E+02    0.225879398946761327E+02    0.914392125839310843E+00
    0.731501431996881846E-10   -0.711503421004973552E+04    0.245202543443029768E+02    0.225947414375624227E+02    0.914717459495521967E+00
    0.721280644824929466E-10   -0.711510606830440884E+04    0.247379565906154895E+02    0.224851160853653766E+02    0.915392225121752778E+00
    0.686950170950290728E-10   -0.711510853521003264E+04    0.242049260472831982E+02    0.227156737304874845E+02    0.915415501970487044E+00
    0.662880108927845779E-10   -0.711513719997889348E+04    0.246377126062526521E+02    0.226094071066475557E+02    0.915686518425461893E+00
    0.644383699264476963E-10   -0.711518060040357159E+04    0.243659296394988800E+02    0.225971082328809061E+02    0.916098803417295326E+00
    0.647065036141217177E-10   -0.711528890531155957E+04    0.244804992760219768E+02    0.226579995327815702E+02    0.917138117449939227E+00
    0.636547593867545593E-10   -0.711535613007266966E+04    0.247632425614085818E+02    0.224617947664961335E+02    0.917790951532644450E+00
    0.616345461318963642E-10   -0.711539162693391609E+04    0.242283959128081534E+02    0.226529535053868898E+02    0.918138126110412012E+00
    0.612527487380575544E-10   -0.711547919933112098E+04    0.240940901622087367E+02    0.227400873342743850E+02    0.919002069762512641E+00
    0.593437897218708353E-10   -0.711551587683430171E+04    0.243662746779223696E+02    0.226811650443491928E+02    0.919367130265976495E+00
    0.576954782880686910E-10   -0.711555953948867682E+04    0.247633848422210185E+02    0.225085448010704674E+02    0.919804251764305691E+00
    0.550163664926248453E-10   -0.711556444330669274E+04    0.242872726129192351E+02    0.226503174152669260E+02    0.919853520095375909E+00
    0.562808880001488672E-10   -0.711570989190032469E+04    0.245887814833085976E+02    0.225391290363277790E+02    0.921331270620165954E+00
    0.549632393028828238E-10   -0.711576251105048959E+04    0.243618252870171617E+02    0.226006843574071539E+02    0.921873950377991025E+00
    0.541070496613656902E-10   -0.711583111085024575E+04    0.245090986696459012E+02    0.226230208580267025E+02    0.922588143764789814E+00
    0.535353025522236434E-10   -0.711590986447373052E+04    0.243809130905249454E+02    0.226255565189189092E+02    0.923417684730101551E+00
    0.516006301125401809E-10   -0.711593624964736591E+04    0.247904272105600256E+02    0.224938362674667793E+02    0.923697976243406549E+00
    0.511438823243227024E-10   -0.711601846764475704E+04    0.245265214708695538E+02    0.225499944344423717E+02    0.924579223893240321E+00
    0.506461555352362411E-10   -0.711609890853007710E+04    0.245329310856757736E+02    0.225486260998326493E+02    0.925453271641218156E+00
    0.494045430751551852E-10   -0.711614926664967152E+04    0.245872461573792904E+02    0.225567507670493477E+02    0.926006624034403258E+00
    0.506314188345425733E-10   -0.711629832649793843E+04    0.247889718470645981E+02    0.225139862451775663E+02    0.927673767378132008E+00
    0.484888516504596796E-10   -0.711631184969686092E+04    0.247242786780715420E+02    0.225288433289417505E+02    0.927827258519801967E+00
    0.529279663034232843E-10   -0.711658704560507613E+04    0.247029107882297083E+02    0.225491703380537665E+02    0.931038537530197940E+00
    0.590504569936038561E-10   -0.711690596644299148E+04    0.248279932908647503E+02    0.225307957677192476E+02    0.934995979252915554E+00
    0.618066514889913378E-10   -0.711709720385546007E+04    0.246774756403837365E+02    0.225503827241865622E+02    0.937512337898183556E+00
    0.618264454536460921E-10   -0.711719784426536080E+04    0.247279616317225077E+02    0.225560081715373073E+02    0.938886249712031939E+00
    0.605184777848250566E-10   -0.711725507935224778E+04    0.247969250420198826E+02    0.225366170150486838E+02    0.939684269264958849E+00
    0.263166374513603939E-08   -0.712489992493532554E+04    0.370880060289841680E+02    0.202736694046145551E+02    0.981030918238989247E+00
    0.375582204794465691E-01   -0.715794749810374833E+04    0.300581515444115155E+02    0.221767342341950844E+02    0.952630795838807609E+00
    0.361267261094546654E-01   -0.715796977940720080E+04    0.300748842449778166E+02    0.221980347191807823E+02    0.952730642099333003E+00
    0.360460227000684863E-01   -0.715806530661411216E+04    0.301717695486542716E+02    0.220753327295810884E+02    0.953159499950287481E+00
    0.344540516042060388E-01   -0.715807496675105449E+04    0.304698143685831084E+02    0.220726288105426605E+02    0.953202939355137002E+00
    0.332459067046883272E-01   -0.715810357685926101E+04    0.302889485072047080E+02    0.221662057176460863E+02    0.953331668316973135E+00
    0.322820702097691772E-01   -0.715814473750194156E+04    0.304509653075246973E+02    0.220348236071873202E+02    0.953517070224332297E+00
    0.307636490417199614E-01   -0.715814838108755794E+04    0.303654032562108398E+02    0.221507726225094359E+02    0.953533493833788159E+00
    0.294305715301147151E-01   -0.715815978151754643E+04    0.301602959762133906E+02    0.221752105215065853E+02    0.953584893648190435E+00
    0.281347998065078139E-01   -0.715816972802826422E+04    0.303342277438989498E+02    0.220640724327074267E+02    0.953629753145074033E+00
    0.270460693449037053E-01   -0.715819079692148443E+04    0.302683172554588964E+02    0.220966433422431408E+02    0.953724821947285029E+00
    0.257482553361088294E-01   -0.715819244729521961E+04    0.303087557557206324E+02    0.220351726277692670E+02    0.953732271538138110E+00
    0.268199578279304032E-01   -0.715837400616434752E+04    0.303710833373489280E+02    0.220130636604176608E+02    0.954554181151542447E+00
    0.268078031580754814E-01   -0.715847309956896970E+04    0.302494715598336938E+02    0.220052701112243447E+02    0.955004772891104414E+00
    0.260326009355155499E-01   -0.715851441282287215E+04    0.303783819505255437E+02    0.220884661484023397E+02    0.955193051701030860E+00
    0.248103899564333930E-01   -0.715851823858404987E+04    0.300761690201433680E+02    0.220929763410542748E+02    0.955210499460267037E+00
    0.236127693020234015E-01   -0.715851928882911488E+04    0.302393229234998202E+02    0.221012263804112905E+02    0.955215289350601848E+00
    0.229758911673820822E-01   -0.715856460446558322E+04    0.300053421594580279E+02    0.222128363363980696E+02    0.955422127006180566E+00
    0.221292763417976074E-01   -0.715858951645987145E+04    0.302917030248162149E+02    0.220081687504632377E+02    0.955535962763677027E+00
    0.211841050199630641E-01   -0.715860221582797749E+04    0.301944845419409731E+02    0.220230108559891740E+02    0.955594027701296755E+00
    0.201582039306617070E-01   -0.715860293625045233E+04    0.303183251411873051E+02    0.220862113618020928E+02    0.955597322403043070E+00
    0.193024885546110650E-01   -0.715861618160997023E+04    0.302500582505194089E+02    0.220062287306208617E+02    0.955657910591868665E+00
    0.184422890342877989E-01   -0.715862500624267523E+04    0.305225607027533812E+02    0.220023032151333986E+02    0.955698291498315755E+00
    0.177207197941094755E-01   -0.715864518268303982E+04    0.302181217087015419E+02    0.221592417620018622E+02    0.955790660477100040E+00
    0.168781378537131016E-01   -0.715864775188618478E+04    0.303389263960978006E+02    0.220871435160925742E+02    0.955802426598015953E+00
    0.160624902841358420E-01   -0.715864868706901871E+04    0.304793565234973300E+02    0.220460944192685062E+02    0.955806709726855219E+00
    0.154985326283917039E-01   -0.715867720425408152E+04    0.302908170783691730E+02    0.220551820273360093E+02    0.955937380350682431E+00
    0.147917842519118044E-01   -0.715868385737050721E+04    0.302326896938899594E+02    0.220959273834352352E+02    0.955967883574975197E+00
    0.141088269492974667E-01   -0.715868931480603624E+04    0.306686803134650461E+02    0.220980603683131669E+02    0.955992909555882342E+00
    0.134874723483734867E-01   -0.715869923611429658E+04    0.306806681944776756E+02    0.220808757953025534E+02    0.956038416694590110E+00
    0.128362127505869273E-01   -0.715870025414873362E+04    0.307352068283690905E+02    0.220891900351611810E+02    0.956043086936315900E+00
    0.122266854097904994E-01   -0.715870295533684566E+04    0.302416009708206843E+02    0.220873345916853623E+02    0.956055480054709750E+00
    0.116631679870556181E-01   -0.715870858523551033E+04    0.304278573962173517E+02    0.220628809911508483E+02    0.956081312901881919E+00
    0.112616429990085483E-01   -0.715873851860690866E+04    0.302635335678094357E+02    0.221071189098313781E+02    0.956218741472146805E+00
    0.107355955213471362E-01   -0.715874284336253277E+04    0.306614278307625554E+02    0.221172951980038590E+02    0.956238608370706067E+00
    0.102798422544463953E-01   -0.715875608338348775E+04    0.303509859086911504E+02    0.220611582596399920E+02    0.956299446270047482E+00
    0.979202967944016456E-02   -0.715875885106697388E+04    0.301887152484577364E+02    0.220598018413107759E+02    0.956312167198232754E+00
    0.933947511438223271E-02   -0.715876421365958140E+04    0.302270326205083464E+02    0.220246672242922443E+02    0.956336817843429721E+00
    0.890327750550839320E-02   -0.715876855248945230E+04    0.302965437542962057E+02    0.221087260725675669E+02    0.956356766197058006E+00
    0.852315506093924945E-02   -0.715878128672268485E+04    0.302050193844484554E+02    0.221057604298881643E+02    0.956415328443450674E+00
    0.813894162333077612E-02   -0.715878903385317972E+04    0.302686050925992092E+02    0.220440543638936255E+02    0.956450967910091210E+00
    0.774643177815117958E-02   -0.715879017819670389E+04    0.303136716205904548E+02    0.221133202565619094E+02    0.956456233144305945E+00
    0.742839199774232833E-02   -0.715880633238363407E+04    0.304145089233579853E+02    0.220568327924136049E+02    0.956530579687218663E+00
    0.711431307351198007E-02   -0.715881993091475033E+04    0.303871582980239907E+02    0.220512064830384737E+02    0.956593194509428257E+00
    0.681580578664444780E-02   -0.715883420214422131E+04    0.303450690336867197E+02    0.220802797132897908E+02    0.956658936641419655E+00
    0.649940108580397344E-02   -0.715883913361748728E+04    0.303750248048093070E+02    0.220805261308386775E+02    0.956681661404982342E+00
    0.621701343807300535E-02   -0.715885029282704454E+04    0.302820890003276553E+02    0.220945711321364158E+02    0.956733097175908487E+00
    0.593653208604983523E-02   -0.715885796383143679E+04    0.306474254390523200E+02    0.220592499651898812E+02    0.956768465614497687E+00
    0.566419869224072010E-02   -0.715886404442470757E+04    0.308019082191504054E+02    0.220602431330170923E+02    0.956796507633057347E+00
    0.541037887852120498E-02   -0.715887235180027528E+04    0.307202026836887114E+02    0.220692604367164655E+02    0.956834828203977472E+00
    0.517112647290869296E-02   -0.715888189465592404E+04    0.307390499167967981E+02    0.220413763934458231E+02    0.956878860486398586E+00
    0.496668635029389339E-02   -0.715890121932830971E+04    0.306813039155576774E+02    0.220707379371350179E+02    0.956968069450444325E+00
    0.472481664931652216E-02   -0.715890137106509610E+04    0.306206612191467507E+02    0.220701266404774046E+02    0.956968770162243687E+00
    0.451567688900735096E-02   -0.715891082374482176E+04    0.308358979702312297E+02    0.220495447624984564E+02    0.957012427741076532E+00
    0.435091876118295483E-02   -0.715893648761799886E+04    0.308249373763961785E+02    0.220534955045140819E+02    0.957131025264382873E+00
    0.415700710865218610E-02   -0.715894530429409133E+04    0.307537204483004487E+02    0.220734199228804826E+02    0.957171791940171879E+00
    0.396067296679711734E-02   -0.715894854145734280E+04    0.307059378317179288E+02    0.220617322039816806E+02    0.957186762766653598E+00
    0.452152976575355241E-02   -0.715921424757803743E+04    0.309036997547786996E+02    0.220044509250682268E+02    0.958421043464429578E+00
    0.404192615755970958E-02   -0.715898998951741942E+04    0.309016913599913501E+02    0.220274575573655227E+02    0.957378589170230443E+00
    0.405403432295947143E-02   -0.715899597184623963E+04    0.307922342103222846E+02    0.220272814226137292E+02    0.957406297109255955E+00
    0.420642364542982844E-02   -0.715906977240991819E+04    0.309365369906677969E+02    0.220378651891310469E+02    0.957748570428547219E+00
    0.405109490443108285E-02   -0.715899452120007481E+04    0.307125178244033883E+02    0.220356470905096451E+02    0.957399577802047763E+00
    0.401675063714225164E-02   -0.715897749337049117E+04    0.308139044655713867E+02    0.220691231311367773E+02    0.957320727800400229E+00
    0.400746031448935211E-02   -0.715897286222265120E+04    0.307500833428418119E+02    0.220407237878326079E+02    0.957299290114396739E+00
    0.427663585565536512E-02   -0.715910288018834217E+04    0.308323875512628440E+02    0.220035975972936768E+02    0.957902389330344772E+00
    0.421137618383957048E-02   -0.715907212577496921E+04    0.309792530361886485E+02    0.220287770871515249E+02    0.957759498416664967E+00
    0.425538466832780637E-02   -0.715909291714091887E+04    0.307420948549298458E+02    0.220290749496807408E+02    0.957856083066873976E+00
    0.431540129802300207E-02   -0.715912092745918926E+04    0.309292391752251064E+02    0.220054297666041414E+02    0.957986307932812142E+00
    0.400017106571883257E-02   -0.715896922107063619E+04    0.308674435575450019E+02    0.220325988812682674E+02    0.957282437475006076E+00
    0.434613863036158437E-02   -0.715913512237677787E+04    0.308441889664863780E+02    0.220378602103637817E+02    0.958052348357735228E+00
    0.426417376155189490E-02   -0.715909704369109841E+04    0.307641851734494409E+02    0.220211913040851250E+02    0.957875260522970673E+00
    0.425756705978725617E-02   -0.715909394258618249E+04    0.308115725782585983E+02    0.220379151769450203E+02    0.957860848384002206E+00
    0.435592797215761298E-02   -0.715913962215659922E+04    0.309275678620145484E+02    0.220057852981738762E+02    0.958073289730741573E+00
    0.412779449968397535E-02   -0.715903203330713950E+04    0.307465674850482102E+02    0.220386229228412844E+02    0.957573439538331295E+00
    0.416043570107487142E-02   -0.715904778642661404E+04    0.308040066152121419E+02    0.220449531600913318E+02    0.957646516326570274E+00
    0.412009123013296324E-02   -0.715902829743007078E+04    0.308101978924039841E+02    0.220318196124871939E+02    0.957556114975772643E+00
    0.437019644072667978E-02   -0.715914616273778302E+04    0.308582316793657370E+02    0.220250082939947625E+02    0.958103734116394601E+00
