 F
        3342       18510           3          50
    0.574563832457005174E+04    0.580565320566084938E+04
 T
   2
    0.200000000000000000E+01    0.300000000000000000E+01    0.479999999999999982E+00    0.520000000000000018E+00
   0
   0
 T T     0           0
    0.000000000000000000E+00   -0.100000000000000002+101    0.000000000000000000E+00
 T F     1          24
    0.581824413814188004E-28    0.574563832457005174E+04    0.580565320566084938E+04
 T F     1          26
    0.338904916360629803E-29    0.570622965114217095E+04    0.576979013693449997E+04
