    0.109681427478790283E+02    0.925377070903778076E+01    0.426532983779907227E+01   -0.785707235336303711E-01   -0.510364386503405154E+09   -0.340101220333519727E+01    1
    0.131643211841583252E+02    0.772128343582153320E+01   -0.965177774429321289E+01    0.548771142959594727E+00   -0.175959367298205150E+06   -0.343434553666853093E+01    1
    0.402380108833312988E+01    0.680041015148162842E+01   -0.941431164741516113E+01    0.324903845787048340E+00   -0.161532248673793714E+06   -0.346767887000186459E+01    1
    0.521742820739746094E+01    0.679426074028015137E+01   -0.898847460746765137E+01   -0.710195541381835938E+00   -0.157003467957677960E+06   -0.350101220333519692E+01    1
    0.355092287063598633E+01    0.204473316669464111E+01   -0.862815976142883301E+01    0.622520565986633301E+00   -0.144157055171229265E+06   -0.353434553666853013E+01    1
    0.327133774757385254E+01    0.312320411205291748E+01   -0.750053167343139648E+01    0.960451841354370117E+00   -0.126449824826551107E+06   -0.356767887000186423E+01    1
    0.241478204727172852E+01    0.766463935375213623E+01   -0.666924476623535156E+01   -0.755394458770751953E+00   -0.113387478770514164E+06   -0.360101220333519745E+01    1
    0.417126655578613281E+01    0.598353743553161621E+00   -0.654412984848022461E+01    0.347120285034179688E+00   -0.108106219321648663E+06   -0.363434553666853066E+01    1
    0.378742933273315430E+01    0.457717597484588623E+01   -0.589396715164184570E+01    0.281681776046752930E+00   -0.102627895187813570E+06   -0.366767887000186432E+01    1
    0.192013835906982422E+02    0.147367715835571289E+00   -0.585948348045349121E+01    0.249685525894165039E+00   -0.100259744077041309E+06   -0.370101220333519754E+01    1
    0.114044272899627686E+02    0.799660861492156982E+01   -0.524330735206604004E+01    0.637840390205383301E+00   -0.989844947631622199E+05   -0.373434553666852986E+01    1
    0.910256624221801758E+01    0.400002717971801758E+01   -0.398311734199523926E+01   -0.460909724235534668E+00   -0.745746544302395632E+05   -0.376767887000186352E+01    1
    0.880191922187805176E+01    0.568302333354949951E+01   -0.383758187294006348E+01   -0.595261096954345703E+00   -0.729745838790463167E+05   -0.380101220333519718E+01    1
    0.143884563446044922E+02    0.298166513442993164E+01   -0.309085965156555176E+01   -0.981050252914428711E+00   -0.595353179508315588E+05   -0.383434553666853084E+01    1
    0.654018998146057129E+01    0.661313951015472412E+01   -0.214008927345275879E+01    0.947519183158874512E+00   -0.438838608215430140E+05   -0.386767887000186361E+01    1
    0.399319291114807129E+01    0.844756901264190674E+01   -0.197764754295349121E+01    0.563473582267761230E+00   -0.408656221669111692E+05   -0.390101220333519683E+01    1
    0.579950094223022461E+01    0.179670989513397217E+01   -0.202229976654052734E+01    0.934400320053100586E+00   -0.379892546679731822E+05   -0.393434553666853137E+01    1
    0.183020544052124023E+02    0.848209500312805176E+01   -0.149603605270385742E+01   -0.224283576011657715E+00   -0.349230231140664328E+05   -0.396767887000186414E+01    1
    0.118477940559387207E+02    0.418537735939025879E+01   -0.148113727569580078E+01    0.221231698989868164E+00   -0.322555049028644717E+05   -0.400101220333519692E+01    1
    0.195122146606445312E+02    0.724871635437011719E+01    0.751588344573974609E+00   -0.606591939926147461E+00   -0.290831168736740219E+05   -0.403434553666852835E+01    1
    0.135147321224212646E+02    0.950729370117187500E+01   -0.891593694686889648E+00   -0.154466152191162109E+00   -0.244635494384200574E+05   -0.406767887000186334E+01    1
    0.938454866409301758E+00    0.124182105064392090E+00   -0.175649046897888184E+01   -0.265372633934020996E+00   -0.226181529571608480E+05   -0.410101220333519656E+01    1
    0.823476791381835938E+01    0.216125845909118652E+00   -0.264215469360351562E-01   -0.437213778495788574E+00   -0.219736289917404065E+05   -0.413434553666853066E+01    1
    0.202268004417419434E+01    0.845718085765838623E+01   -0.638767480850219727E+00    0.462511897087097168E+00   -0.185814401649195679E+05   -0.416767887000186299E+01    1
    0.436049580574035645E+01    0.226992011070251465E+01   -0.775032043457031250E+00   -0.463583707809448242E+00   -0.176072086229115266E+05   -0.420101220333519709E+01    1
    0.179435372352600098E+01    0.574343979358673096E+01    0.426363587379455566E+01   -0.212574601173400879E+00   -0.142325639731800438E+05   -0.423434553666853031E+01    1
    0.731241703033447266E-01    0.772596538066864014E+01   -0.292323827743530273E+00   -0.610217332839965820E+00   -0.122597856328032085E+05   -0.426767887000186441E+01    1
    0.164463245868682861E+02    0.649502635002136230E+01    0.777363777160644531E-01    0.263342738151550293E+00   -0.676367584529884607E+04   -0.430101220333519496E+01    1
    0.105446660518646240E+02    0.462412953376770020E+01    0.110432028770446777E+01    0.629346370697021484E-01   -0.673163394384101775E+04   -0.433434553666852906E+01    1
    0.749879717826843262E+01    0.149618268013000488E+01    0.490476131439208984E+01    0.742255449295043945E-01   -0.585296043711564198E+04   -0.436767887000186317E+01    1
    0.930804610252380371E+01    0.587756514549255371E+01    0.389370799064636230E+01    0.836038589477539062E-01   -0.497721009786397553E+04   -0.440101220333519549E+01    1
    0.315231800079345703E+01    0.367415130138397217E+01    0.231471061706542969E+00    0.804654240608215332E+00   -0.445730117727585730E+04   -0.443434553666852871E+01    1
    0.123765623569488525E+02    0.766433715820312500E+01    0.220643520355224609E+01    0.990394115447998047E+00   -0.293597581645530363E+04   -0.446767887000186370E+01    1
    0.138021361827850342E+02    0.485312759876251221E+01    0.517453670501708984E+01    0.976217865943908691E+00   -0.289359049956568106E+04   -0.450101220333519869E+01    1
    0.138028979301452637E+02    0.261887669563293457E+01    0.123238444328308105E+01    0.939876317977905273E+00   -0.284447668777613535E+04   -0.453434553666853013E+01    1
    0.140579783916473389E+02    0.600584268569946289E+01    0.151804804801940918E+01    0.934024214744567871E+00   -0.283149806314503121E+04   -0.456767887000186246E+01    1
    0.164411032199859619E+02    0.167374074459075928E+01    0.718388199806213379E+01    0.948342442512512207E+00   -0.282657914732050949E+04   -0.460101220333519567E+01    1
    0.405350923538208008E+01    0.452569723129272461E+01    0.343816041946411133E+01    0.936634778976440430E+00   -0.279842406508644081E+04   -0.463434553666852889E+01    1
    0.527178764343261719E+01    0.245611071586608887E+00    0.794317960739135742E+01    0.880972862243652344E+00   -0.265914137430940991E+04   -0.466767887000186210E+01    1
    0.194165360927581787E+02    0.999262213706970215E+01    0.248299479484558105E+01   -0.977567791938781738E+00   -0.256877598089943422E+04   -0.470101220333519709E+01    1
    0.156918287277221680E+02    0.394864737987518311E+01    0.786436200141906738E+01   -0.959635734558105469E+00   -0.252815794708347448E+04   -0.473434553666853031E+01    1
    0.530591130256652832E+01    0.466723799705505371E+01    0.241679668426513672E+01    0.828053593635559082E+00   -0.252615807527559855E+04   -0.476767887000186263E+01    1
    0.147645390033721924E+02    0.656745195388793945E+01    0.917089223861694336E+01    0.824952840805053711E+00   -0.251379265401257499E+04   -0.480101220333519674E+01    1
    0.180478239059448242E+02    0.960366964340209961E+01    0.856192708015441895E+01    0.806256055831909180E+00   -0.246402122270314931E+04   -0.483434553666853084E+01    1
    0.152546501159667969E+02    0.996786177158355713E+01    0.700431466102600098E+01   -0.900315523147583008E+00   -0.237160231133905745E+04   -0.486767887000186406E+01    1
    0.600897312164306641E+01    0.301702499389648438E+01    0.369162917137145996E+01    0.768370389938354492E+00   -0.236136493281902585E+04   -0.490101220333519638E+01    1
    0.804108858108520508E+01    0.185199141502380371E+01    0.685362815856933594E+01   -0.861164331436157227E+00   -0.226545035793351099E+04   -0.493434553666853049E+01    1
    0.108151459693908691E+02    0.857076644897460938E+01    0.835612535476684570E+01    0.142535090446472168E+00   -0.222342430530453203E+04   -0.496767887000186192E+01    1
    0.598705530166625977E+01    0.832824409008026123E+01    0.337255954742431641E+01    0.706665515899658203E+00   -0.218913149498321854E+04   -0.500101220333519514E+01    1
    0.165296232700347900E+02    0.431255400180816650E+01    0.309595346450805664E+01    0.681460499763488770E+00   -0.211649281932845315E+04   -0.503434553666852924E+01    1
    0.173645198345184326E+02    0.688596963882446289E+00    0.498696327209472656E+01   -0.793185234069824219E+00   -0.207668187245331046E+04   -0.506767887000186334E+01    1
    0.180920994281768799E+02    0.246958911418914795E+01    0.973792672157287598E+01    0.664851307868957520E+00   -0.206755318986698876E+04   -0.510101220333519745E+01    1
    0.120530486106872559E+02    0.662267208099365234E-02    0.613654851913452148E+00   -0.743261337280273438E+00   -0.193480325232181167E+04   -0.513434553666853066E+01    1
    0.197782993316650391E+02    0.696146488189697266E+00    0.494613885879516602E+01    0.595981240272521973E+00   -0.186330940182871473E+04   -0.516767887000186299E+01    1
    0.110850179195404053E+02    0.717597603797912598E+01    0.792070865631103516E+01    0.590586185455322266E+00   -0.184709656412905360E+04   -0.520101220333519798E+01    1
    0.103485786914825439E+02    0.777884960174560547E+01    0.722097635269165039E+01   -0.703489542007446289E+00   -0.182340971723227244E+04   -0.523434553666853031E+01    1
    0.156548058986663818E+02    0.997509777545928955E+01    0.386183023452758789E+01   -0.689518332481384277E+00   -0.178433639622964915E+04   -0.526767887000186175E+01    1
    0.495595097541809082E+01    0.367019593715667725E+01    0.455496907234191895E+01   -0.642916202545166016E+00   -0.165618817286305716E+04   -0.530101220333519674E+01    1
    0.119604837894439697E+02    0.662198007106781006E+01    0.500115275382995605E+01    0.499012470245361328E+00   -0.157119688832535826E+04   -0.533434553666853084E+01    1
    0.125988184040510127E+02    0.925764547750364741E+01    0.375359341313271422E+01   -0.381815073467074440E+00   -0.156260808482450648E+04   -0.536767887000186228E+01    1
    0.101999175548553467E+02    0.428342878818511963E+01    0.828171133995056152E+01    0.490721464157104492E+00   -0.154651965373593657E+04   -0.540101220333519727E+01    1
    0.425637602806091309E+01    0.515656054019927979E+01    0.439487218856811523E+01   -0.593785881996154785E+00   -0.152995664556742736E+04   -0.543434553666853226E+01    1
    0.132918551921458961E+01    0.362775034452703071E+01    0.465150266467554374E+01   -0.385579203697766992E+00   -0.152899563841834879E+04   -0.546767887000186459E+01    1
    0.867171115880414511E+01    0.549956683066028162E+01    0.365099772867418793E+01   -0.586365479497421682E+00   -0.151254419004693432E+04   -0.550101220333519603E+01    1
    0.125899646886626382E+02    0.901744050555499221E+01    0.253449579178184337E+01   -0.417922011565444951E+00   -0.150326767347368786E+04   -0.553434553666853102E+01    1
    0.185865996833599922E+02    0.619233181602830562E+01    0.909887174384945752E+01   -0.580315127075596293E+00   -0.149786733901268212E+04   -0.556767887000186423E+01    1
    0.163984289176661626E+02    0.140088019326690127E+01    0.578920877309030502E+01   -0.393808516348453708E+00   -0.148330481163353102E+04   -0.560101220333519656E+01    1
    0.156986618041992188E+02    0.631329119205474854E+01    0.740252375602722168E+01   -0.396658301353454590E+00   -0.146953756956909024E+04   -0.563434553666853066E+01    1
    0.124718928337097168E+02    0.485720336437225342E+01    0.957050204277038574E+01    0.463410258293151855E+00   -0.146638894260786219E+04   -0.566767887000186210E+01    1
    0.929262995719909668E+01    0.689396262168884277E+01    0.596511483192443848E+01   -0.398882985115051270E+00   -0.145950783700994589E+04   -0.570101220333519709E+01    1
    0.196761214733123779E+02    0.340043187141418457E+01    0.690958499908447266E+00    0.317637324333190918E+00   -0.145763644529232374E+04   -0.573434553666853208E+01    1
    0.164148139953613281E+02    0.190504670143127441E+01    0.776733279228210449E+01   -0.555846691131591797E+00   -0.144408296384246978E+04   -0.576767887000186175E+01    1
    0.146003878116607666E+02    0.400777101516723633E+01    0.324523687362670898E+01   -0.555108547210693359E+00   -0.144373630539262786E+04   -0.580101220333519674E+01    1
    0.327482808698976724E+01    0.151513598273811190E+01    0.534157260339887330E+01   -0.405732393340903608E+00   -0.143148194321974916E+04   -0.583434553666853084E+01    1
    0.884221076965332031E+01    0.873886466026306152E+01    0.334637165069580078E+01   -0.410832166671752930E+00   -0.142877783359881278E+04   -0.586767887000186494E+01    1
    0.114139336955881774E+02    0.248530070936065606E+01    0.310014394455770237E+01   -0.539686987559717779E+00   -0.141355009954847628E+04   -0.590101220333519905E+01    1
    0.115646439236726479E+02    0.107298909311785673E+01    0.693116476977600726E+01    0.440382332229879880E+00   -0.140082014002478445E+04   -0.593434553666853049E+01    1
    0.112801706790924072E+02    0.890843927860260010E+01    0.842243075370788574E+01   -0.415027379989624023E+00   -0.140038349255769936E+04   -0.596767887000186370E+01    1
    0.423098213483633148E-01    0.684915511491017348E+01    0.471115447720859493E+01   -0.529497568214095549E+00   -0.139460391694230270E+04   -0.600101220333519692E+01    1
    0.794344820094540083E+01    0.110376695035121752E+01    0.574730388038222451E+01    0.436643124161181229E+00   -0.139040617992683656E+04   -0.603434553666853013E+01    1
    0.101411235332489014E+02    0.417601585388183594E+01    0.215861439704895020E+01   -0.503859400749206543E+00   -0.138332295524474466E+04   -0.606767887000186334E+01    1
    0.163909184932708740E+02    0.678835511207580566E+01    0.372767329216003418E+01   -0.517511129379272461E+00   -0.137694391518544671E+04   -0.610101220333519567E+01    1
    0.257377650260611546E+01    0.173297777262554153E+01    0.591195415888512876E+01    0.429702741077850225E+00   -0.137128287401210900E+04   -0.613434553666852977E+01    1
    0.765215396881103516E+01    0.413507759571075439E+01    0.712031126022338867E+01   -0.511687755584716797E+00   -0.136742373808548155E+04   -0.616767887000186565E+01    1
    0.119612913201340465E+02    0.376856431265451031E+01    0.594419397660423954E+01   -0.429693550176626471E+00   -0.136539214862566882E+04   -0.620101220333519709E+01    1
    0.106545686721801758E+00    0.957705974578857422E+00    0.541343212127685547E+01   -0.496489167213439941E+00   -0.134974552789835843E+04   -0.623434553666852942E+01    1
    0.183487498760223389E+02    0.374464929103851318E+01    0.306036233901977539E+01   -0.492057204246520996E+00   -0.134926340524599755E+04   -0.626767887000186263E+01    1
    0.947080969810485840E+01    0.587039709091186523E+01    0.382928013801574707E+01    0.421086072921752930E+00   -0.134801150053945116E+04   -0.630101220333519585E+01    1
    0.161222089043135277E+02    0.871633821332389402E+01    0.255473142808603981E+01    0.417363299914038199E+00   -0.134176330576591363E+04   -0.633434553666852995E+01    1
    0.217312733516070988E+01    0.748536224492162283E+01    0.430628633192701926E+01   -0.484887201049118088E+00   -0.134100526396871169E+04   -0.636767887000186406E+01    1
    0.111067605018615723E+02    0.757254600524902344E+01    0.776570081710815430E+01   -0.477558374404907227E+00   -0.133638273269800084E+04   -0.640101220333519727E+01    1
    0.617493541425279702E+01    0.619145367517791456E+01    0.566675728134918089E+01   -0.456214510011779262E+00   -0.133616889283478986E+04   -0.643434553666853137E+01    1
    0.463128282483685272E+01    0.223326465206870139E+01    0.441667078830636761E+01   -0.461409376872407462E+00   -0.133472880028369991E+04   -0.646767887000186636E+01    1
    0.572125909879575989E+01    0.601053247566570104E+01    0.954225543696905021E+01   -0.471139740219771341E+00   -0.133446054122494479E+04   -0.650101220333519869E+01    1
    0.672107110245863204E+01    0.769731629107135795E+01    0.662664850893460056E+01   -0.461646832960876274E+00   -0.133445551485339342E+04   -0.653434553666853191E+01    1
    0.146333763012628069E+02    0.726823322020946794E+01    0.807134329693197117E+01   -0.464706228477410499E+00   -0.133405924128380866E+04   -0.656767887000186334E+01    1
    0.189527443771764510E+02    0.546652811839669539E+01    0.325875940549189735E+01    0.408383582499723730E+00   -0.131472259638945661E+04   -0.660101220333519567E+01    1
    0.871408552667399583E+01    0.800123970234702675E+01    0.825954617215601417E+01    0.407845615083482826E+00   -0.131312855875478544E+04   -0.663434553666853066E+01    1
    0.134077620506286621E+02    0.160308480262756348E+00    0.561075329780578613E+01    0.405341863632202148E+00   -0.130670090904039171E+04   -0.666767887000186388E+01    1
    0.181430551476238797E+02    0.313340600526403401E+01    0.450279217637971563E+01    0.212906146243867944E+00   -0.129796921616407508E+04   -0.670101220333519709E+01    1
    0.101128228614502156E+02    0.959797116436953246E+01    0.139975384253008173E+01    0.339643951191599403E+00   -0.129151919847801832E+04   -0.673434553666853208E+01    1
    0.168155699451705303E+02    0.694761061067330488E+01    0.496791608867961365E+01    0.217811667265666919E+00   -0.127058933914777299E+04   -0.676767887000186530E+01    1
    0.328928722734886936E+01    0.635679604135923970E+01    0.171732111431268208E+01    0.224447677177576521E+00   -0.126154436443112058E+04   -0.680101220333519674E+01    1
    0.694623122696585715E-01    0.162191002106549931E+01    0.964572173419634638E+01    0.370936820605074935E+00   -0.122484645062454661E+04   -0.683434553666852995E+01    1
    0.863582511994802360E+01    0.861524358008767699E+01    0.859034070904860414E+01    0.228999808707631480E+00   -0.121890193172748150E+04   -0.686767887000186406E+01    1
    0.656019283554523458E+01    0.199517866277880129E+01    0.764077280020354976E+01    0.360514697171592235E+00   -0.120301805498458862E+04   -0.690101220333519727E+01    1
    0.293068238302833395E+01    0.783705242326030227E+01    0.653966135522317060E+01    0.233318873902518042E+00   -0.120247357330050386E+04   -0.693434553666853049E+01    1
    0.133417903424997242E+02    0.984562542322066037E+01    0.868085301888637062E+01    0.358739735793283110E+00   -0.119946928722173675E+04   -0.696767887000186459E+01    1
    0.125633960944208933E+02    0.841174586684952530E+01    0.648757645227593827E+01    0.355814259385115239E+00   -0.119373318073350811E+04   -0.700101220333519780E+01    1
    0.761515452901726775E+01    0.244074320640958220E+01    0.929566160112397100E+01    0.355475081064287934E+00   -0.119307956892343259E+04   -0.703434553666853102E+01    1
    0.779803001426745279E+01    0.255213222416321273E+01    0.666828107606303888E+01    0.353024293795181743E+00   -0.118840340722790552E+04   -0.706767887000186512E+01    1
    0.718911575891490173E+01    0.596393458744752891E+01    0.550001523597111408E+01    0.238010671482810743E+00   -0.118664183349875589E+04   -0.710101220333519745E+01    1
    0.262420029702404989E+01    0.397251247580181310E+01    0.370115912911720635E+01    0.348733206916756799E+00   -0.118050314961019285E+04   -0.713434553666853066E+01    1
    0.105488995139709267E+02    0.462653078679447205E+01    0.545919926702742586E+01    0.241892448424049888E+00   -0.117506332288560816E+04   -0.716767887000186477E+01    1
    0.561673135899120179E+01    0.933535809862948440E+01    0.181900499978190133E+01    0.255509392065543572E+00   -0.117460572158548962E+04   -0.720101220333519887E+01    1
    0.703822003828466070E+01    0.706805374532641473E+01    0.467873251037602955E+01    0.342065296646926864E+00   -0.116883401558604760E+04   -0.723434553666853208E+01    1
    0.140159267634072844E+02    0.211342406842533415E+00    0.160593247587335952E+01    0.334970596166670020E+00   -0.115844829691385939E+04   -0.726767887000186530E+01    1
    0.146684432029724121E+02    0.839716434478759766E+01    0.196614027023315430E+01    0.256792783737182617E+00   -0.115089773156501315E+04   -0.730101220333519763E+01    1
    0.181477173623658281E+02    0.616431029689198517E+01    0.288348959080737544E+01    0.330197944652880881E+00   -0.115051895096712155E+04   -0.733434553666852995E+01    1
    0.169717532953267138E+02    0.522687038585670649E+01    0.888907387571053675E+01    0.329074156403877049E+00   -0.114897366907732339E+04   -0.736767887000186406E+01    1
    0.397807626662545211E+01    0.339870417064804009E+01    0.187680151645823479E+01    0.319948483340965373E+00   -0.114832501297151703E+04   -0.740101220333519549E+01    1
    0.332754243205256373E+01    0.890201097161890864E+01    0.382587387729098438E+01    0.325584815331958266E+00   -0.114422177632033868E+04   -0.743434553666852960E+01    1
    0.163774907337187763E+02    0.523969850321238262E+01    0.930749234049197938E+01    0.324651494121793061E+00   -0.114312063195178189E+04   -0.746767887000186281E+01    1
    0.169150982601770861E+01    0.265029163579760940E+01    0.302274824094070205E+01    0.256787181216301175E+00   -0.114142884125720911E+04   -0.750101220333519603E+01    1
    0.902711392103067212E+01    0.941897884426454501E+00    0.144218884372488709E+01    0.314051775174520875E+00   -0.113921230977863183E+04   -0.753434553666853013E+01    1
    0.340143829284042187E+01    0.249309497995478369E+01    0.840463847538801190E+01    0.258834144277307221E+00   -0.113852475609390558E+04   -0.756767887000186423E+01    1
    0.251228297956722813E+01    0.229567127995996945E+01    0.597214694589230533E+01    0.259050842461236108E+00   -0.113818673563936909E+04   -0.760101220333519745E+01    1
    0.570242836237298256E+01    0.780464168059282226E+01    0.204855900003412827E+01    0.299628871404699515E+00   -0.113397827910022306E+04   -0.763434553666853066E+01    1
    0.702858906035196096E+01    0.725763037185282656E+01    0.891297563989989783E+01    0.314619060284918373E+00   -0.113180054925027821E+04   -0.766767887000186299E+01    1
    0.112667429582338166E+02    0.441505066229791598E+01    0.933054808508383715E+01    0.263764178427085882E+00   -0.113165494702575302E+04   -0.770101220333519709E+01    1
    0.163924002886464706E+02    0.800689731563318574E+01    0.226943975479238702E+01    0.307723576046240677E+00   -0.112966294028408606E+04   -0.773434553666853120E+01    1
    0.487250447273254395E+01    0.384511947631835938E+01    0.321694970130920410E+01    0.265017032623291016E+00   -0.112961164967306127E+04   -0.776767887000186441E+01    1
    0.188021917550346771E+02    0.508016241926900491E+01    0.693527650110986471E+01    0.309894073320922558E+00   -0.112749463039329908E+04   -0.780101220333519851E+01    1
    0.691379383347916576E+01    0.827240208784719933E+01    0.936632198906539770E+01    0.309888682472381438E+00   -0.112749093897480338E+04   -0.783434553666853173E+01    1
    0.862508778398453124E+01    0.390888754649852554E+01    0.965896956304197118E+01    0.309103261497816639E+00   -0.112684376536940363E+04   -0.786767887000186494E+01    1
    0.145288624736592098E+01    0.840709034959380985E+00    0.153105943605395645E+01    0.278765811412704956E+00   -0.112677035453124950E+04   -0.790101220333519638E+01    1
    0.130071827532407589E+02    0.341592373766595170E+01    0.998671781148532389E+01    0.308951056123750734E+00   -0.112672066168993820E+04   -0.793434553666853137E+01    1
    0.162487939864329221E+02    0.597528219690440210E+01    0.226308434377669698E+01    0.305582163179968447E+00   -0.112655488973256388E+04   -0.796767887000186548E+01    1
    0.444601691164547042E+01    0.235558305198928863E+01    0.378970943649875736E+01    0.306058251602482345E+00   -0.112446263374503110E+04   -0.800101220333519869E+01    1
    0.180896754966407336E+02    0.491271930611183816E+01    0.506750649321135782E+01    0.270893624636127539E+00   -0.112429250403561491E+04   -0.803434553666853191E+01    1
    0.878950269407517304E+01    0.303497842874850221E+01    0.735521160092506676E+01    0.304616194230671322E+00   -0.112353697686287410E+04   -0.806767887000186334E+01    1
    0.199815730405364747E+02    0.621865623789756050E+01    0.427643059703865447E+01    0.271835030171044822E+00   -0.112340261460755778E+04   -0.810101220333519656E+01    1
    0.777683424131573542E+01    0.357425406787984024E+01    0.239008790767437063E+01    0.272297429186346696E+00   -0.112282236492007746E+04   -0.813434553666852977E+01    1
    0.127220719703587051E+02    0.952834213568424460E+01    0.416668470068502472E+01    0.303080932267768111E+00   -0.112236662581469545E+04   -0.816767887000186299E+01    1
    0.543851264333095052E+01    0.371401788814660705E+01    0.795316914489430005E+01    0.302687772147994139E+00   -0.112232723375462228E+04   -0.820101220333519620E+01    1
    0.163018834718479226E+02    0.507317613976019022E+01    0.470282217679284287E+01    0.273716583470112074E+00   -0.112215326480883255E+04   -0.823434553666853120E+01    1
    0.975112550239691700E+01    0.165634199298735041E+01    0.790303327579981030E+01    0.302103723748490038E+00   -0.112198671179627627E+04   -0.826767887000186441E+01    1
    0.958094541859922089E+01    0.198634177181083826E+01    0.983684110343413920E+01    0.274853376300641772E+00   -0.112149004759043828E+04   -0.830101220333519763E+01    1
    0.169176050457013574E+02    0.312381016479877793E+01    0.520885780655275177E+01    0.301227510618269800E+00   -0.112148676520532649E+04   -0.833434553666853084E+01    1
    0.172075037461258873E+02    0.162589703237445504E+01    0.620520352818203591E+01    0.301097109424679488E+00   -0.112142738356696645E+04   -0.836767887000186406E+01    1
    0.118811698693426990E+02    0.304417446467559794E+01    0.803940939931409559E+01    0.275358936847619251E+00   -0.112118771366762530E+04   -0.840101220333519727E+01    1
    0.102615667435645719E+02    0.301930102058070515E+01    0.938658241775732094E+01    0.300355831014068375E+00   -0.112104076653931884E+04   -0.843434553666853049E+01    1
    0.129544176638960096E+02    0.274600313193456236E+01    0.280505179757684964E+01    0.274926504433774310E+00   -0.112081781941454847E+04   -0.846767887000186548E+01    1
    0.459379474926717002E+01    0.462815145656303617E+01    0.830703388664007747E+01    0.299754981079286331E+00   -0.112074121887452679E+04   -0.850101220333519692E+01    1
    0.904964686690254183E+01    0.980174724383656581E+01    0.473791887719620064E+01    0.299670900037841470E+00   -0.112061934176519208E+04   -0.853434553666853191E+01    1
    0.739387981055300347E+01    0.896422594800809058E+01    0.237745276629125257E+01    0.288382305373109604E+00   -0.112057292733802183E+04   -0.856767887000186334E+01    1
    0.197516444799668278E+01    0.821379957818864348E+01    0.322193026795271464E+01    0.298945273713971504E+00   -0.112032349667922995E+04   -0.860101220333519656E+01    1
    0.187243218395033004E+02    0.530223553628724176E+01    0.687069998435709905E+01    0.298545236222928168E+00   -0.112017774668593847E+04   -0.863434553666853155E+01    1
    0.173951256275177002E+02    0.776582062244415283E+01    0.329810261726379395E+01    0.299354195594787598E+00   -0.111996771292778431E+04   -0.866767887000186477E+01    1
    0.150220292028527922E+02    0.593385606473753491E+01    0.440549647338494310E+01    0.278351739419913979E+00   -0.111954706229563999E+04   -0.870101220333519620E+01    1
    0.192750114876363909E+02    0.652184136354755495E+01    0.747227270998845228E+01    0.278833771598194780E+00   -0.111946374670505747E+04   -0.873434553666852942E+01    1
    0.299785936075695059E+01    0.238951136370512751E+01    0.651750921303918318E+01    0.278880298566856366E+00   -0.111944429540970896E+04   -0.876767887000186441E+01    1
    0.110967974045889051E+02    0.294662689923090360E+00    0.336853048810294098E+01    0.279015206335360144E+00   -0.111935909618822052E+04   -0.880101220333519763E+01    1
    0.120687497368289485E+02    0.829209749589319678E+01    0.674379725466114621E+01    0.279283858931858253E+00   -0.111928274454634266E+04   -0.883434553666853084E+01    1
    0.139804648256321009E+02    0.788784802915193151E+01    0.780483845881746774E+01    0.296177590227761467E+00   -0.111923760354138085E+04   -0.886767887000186228E+01    1
    0.162103344883848912E+02    0.732129570096216131E+01    0.274767762929940140E+01    0.276679483557040529E+00   -0.111917080345730346E+04   -0.890101220333519549E+01    1
    0.192752959678447162E+02    0.123121390295522826E+01    0.609635002389324399E+01    0.279795233883356920E+00   -0.111909279390491406E+04   -0.893434553666853049E+01    1
    0.297921030137279663E+01    0.688325661226911656E+01    0.353103506553992830E+01    0.279058987661209290E+00   -0.111897724389348673E+04   -0.896767887000186370E+01    1
    0.120904803887410655E+02    0.881711694616506136E+01    0.394584100101323010E+01    0.279798875201252129E+00   -0.111872753494670746E+04   -0.900101220333519692E+01    1
    0.119461638549144737E+02    0.810141902428608418E+01    0.898506159891034883E+01    0.280902002761706848E+00   -0.111872352429030116E+04   -0.903434553666853013E+01    1
    0.435271364410943917E+01    0.205096398297219640E+01    0.622701267382497647E+01    0.280985452278292636E+00   -0.111869652377368698E+04   -0.906767887000186334E+01    1
    0.165985609618470242E+02    0.231094431715946058E+01    0.571685211686953565E+01    0.294304530004484421E+00   -0.111864331698339493E+04   -0.910101220333519656E+01    1
    0.954467645509433460E+01    0.893150587876822932E+01    0.638240626960240220E+01    0.294198806305969951E+00   -0.111861353365406512E+04   -0.913434553666852977E+01    1
    0.195305730750144235E+02    0.919058314439199364E+01    0.656385734659251341E+01    0.294064295597165737E+00   -0.111857803687541764E+04   -0.916767887000186477E+01    1
    0.159927249267087177E+02    0.486744470424630471E+01    0.786213168815225316E+01    0.281441468293591068E+00   -0.111856415406657743E+04   -0.920101220333519620E+01    1
    0.102619296629763586E+02    0.738423014682413736E+01    0.345712017429661067E+01    0.295358653571577756E+00   -0.111850503816533683E+04   -0.923434553666852942E+01    1
    0.175562300809346183E+02    0.463266584891274569E+01    0.467014933788029651E+01    0.292767424875161275E+00   -0.111821660994392823E+04   -0.926767887000186263E+01    1
    0.208200294046640089E+01    0.478217169204968595E+01    0.297377582905095039E+01    0.292405524082370194E+00   -0.111821122236214319E+04   -0.930101220333519585E+01    1
    0.498560989471222005E+01    0.277809838828666944E+01    0.430117035298875550E+01    0.292713765652894864E+00   -0.111820663829302771E+04   -0.933434553666853084E+01    1
    0.155202859352160001E+02    0.634629666346204413E+01    0.712913161316887312E+01    0.282883219653305096E+00   -0.111820561110133394E+04   -0.936767887000186406E+01    1
    0.400302574757577823E+01    0.645871998985587670E+01    0.480471043498278405E+01    0.282688157860485401E+00   -0.111819387778581495E+04   -0.940101220333519727E+01    1
    0.138607123595723891E+02    0.743099988712978021E+01    0.524850476612642503E+01    0.282832130870384058E+00   -0.111818501816293065E+04   -0.943434553666853049E+01    1
    0.149023018578014188E+02    0.423915070818220718E+00    0.593884273083994607E+01    0.283040360945133740E+00   -0.111817292828540917E+04   -0.946767887000186192E+01    1
    0.114845622211093197E+02    0.480316273044315345E+01    0.688960940830277835E+01    0.283131031678379719E+00   -0.111815379701107531E+04   -0.950101220333519692E+01    1
    0.889385855298347394E+01    0.280594272562586600E+01    0.788460636191467046E+01    0.283451449330181404E+00   -0.111809221547577454E+04   -0.953434553666853191E+01    1
    0.456921335706931853E+01    0.219803395937630611E-01    0.767650330850132789E+01    0.291810798393246529E+00   -0.111807819040869458E+04   -0.956767887000186334E+01    1
    0.134197889548547273E+02    0.714512547388101993E+00    0.720090057502003944E+01    0.291216219431520651E+00   -0.111797992919498665E+04   -0.960101220333519656E+01    1
    0.107747522649931362E+02    0.302692716596989264E+01    0.352283948989759921E+01    0.292287911747597162E+00   -0.111797076196970534E+04   -0.963434553666853155E+01    1
    0.615031762842171315E+01    0.511534722563859567E+01    0.848016059317806992E+01    0.291083080333109923E+00   -0.111795998162344790E+04   -0.966767887000186477E+01    1
    0.129847863682212612E+02    0.675360814216388583E+01    0.835650211988629010E+01    0.290970296691860142E+00   -0.111794359497974983E+04   -0.970101220333519620E+01    1
    0.173266993988064115E+02    0.925011189794294886E+01    0.385628977099069736E+01    0.282359988590888067E+00   -0.111788761810644473E+04   -0.973434553666853120E+01    1
    0.327025320992855306E+00    0.440541255932395259E+01    0.502031397403469093E+01    0.290371201171575777E+00   -0.111784910344722766E+04   -0.976767887000186263E+01    1
    0.167231773261399788E+02    0.962019037363415563E+01    0.614579079151752694E+01    0.285091873031500853E+00   -0.111783755862447470E+04   -0.980101220333519763E+01    1
    0.752885010412200462E+01    0.176818203507738758E+01    0.663956427571297780E+01    0.285167531926413975E+00   -0.111783692852795571E+04   -0.983434553666853084E+01    1
    0.106956700683621708E+02    0.965530726800810091E+00    0.314377067265206733E+01    0.290975962956062650E+00   -0.111783580303502140E+04   -0.986767887000186228E+01    1
    0.148712268831515466E+02    0.328211029942556509E+01    0.754672663919462750E+01    0.285186817690812999E+00   -0.111783520998328777E+04   -0.990101220333519549E+01    1
    0.513058475944277603E+01    0.241335957382456767E+01    0.973681296888448600E+01    0.289993827959609263E+00   -0.111782444631869294E+04   -0.993434553666853049E+01    1
    0.126581038003897994E+01    0.567134351372791379E+01    0.739709565221072651E+01    0.285328417921784538E+00   -0.111782007229339729E+04   -0.996767887000186548E+01    1
    0.102289098692967499E+02    0.911085434981339226E+01    0.577816747150565924E+01    0.290044789990571150E+00   -0.111781554863602719E+04   -0.100010122033351969E+02    1
    0.136137895594810798E+01    0.117773480413528864E+01    0.784771417374557245E+01    0.285467782721454011E+00   -0.111780669161019705E+04   -0.100343455366685301E+02    1
    0.108078968762795071E+02    0.178356061154430456E+01    0.991455261262626664E+01    0.285492965543349131E+00   -0.111780433299694323E+04   -0.100676788700018633E+02    1
    0.854527521153553415E+01    0.892123886488040752E+00    0.442225038722193986E+01    0.289844859356348294E+00   -0.111779534248453615E+04   -0.101010122033351983E+02    1
    0.185694912017432081E+02    0.378331153557463562E+01    0.969728149310108734E+01    0.285661542161248505E+00   -0.111778900438458095E+04   -0.101343455366685316E+02    1
    0.482096873470290888E+01    0.409821548732526697E+01    0.750069739776635558E+01    0.289263594044296468E+00   -0.111776129500435513E+04   -0.101676788700018648E+02    1
    0.268570227381887561E+01    0.654621079909394421E+01    0.482556161306167297E+01    0.289819235630450978E+00   -0.111776123388818974E+04   -0.102010122033351998E+02    1
    0.142711059527527873E+02    0.667442683954043492E+01    0.911343642552618149E+01    0.286035246614918970E+00   -0.111775955427146801E+04   -0.102343455366685294E+02    1
    0.137091287248505811E+02    0.298017217009523216E+00    0.416030778295055903E+01    0.289162524345968119E+00   -0.111774673585771188E+04   -0.102676788700018609E+02    1
    0.167650200260387621E+02    0.415553987612567166E+01    0.888387955749634273E+01    0.289034825236860415E+00   -0.111774652440220029E+04   -0.103010122033351958E+02    1
    0.757039982304639913E+01    0.607387398981342219E+01    0.702225026062528102E+01    0.286234142891809373E+00   -0.111774542292960064E+04   -0.103343455366685308E+02    1
    0.959083287440984300E+01    0.632803033221112088E+00    0.548841171177038412E+01    0.286554401779230972E+00   -0.111772733712888362E+04   -0.103676788700018641E+02    1
    0.153405237809426396E+02    0.504153264438653270E+01    0.917425299847687370E+01    0.286640386704402728E+00   -0.111772511978693296E+04   -0.104010122033351973E+02    1
    0.560376775665093874E+01    0.693789239472938224E+01    0.472301648762027071E+01    0.289581947288991559E+00   -0.111772185130295634E+04   -0.104343455366685305E+02    1
    0.108153708744138157E+02    0.489441544939717921E+00    0.725483571031468699E+01    0.286758744139260280E+00   -0.111772024549247749E+04   -0.104676788700018637E+02    1
    0.147051000864130454E+02    0.151529100360414026E+01    0.993474869441775965E+01    0.286769346968562377E+00   -0.111771989689039083E+04   -0.105010122033351987E+02    1
    0.140785702222401277E+02    0.439114843109134867E+01    0.886046000154603774E+01    0.288378022936063516E+00   -0.111771586210461237E+04   -0.105343455366685319E+02    1
    0.322860742951135427E+01    0.148098542436335823E+01    0.538395229151797672E+01    0.286775595542429818E+00   -0.111771530212278276E+04   -0.105676788700018633E+02    1
    0.178996728029859664E+00    0.555858237341089101E+01    0.616208807669895009E+01    0.286830507588611727E+00   -0.111771418645066069E+04   -0.106010122033351966E+02    1
    0.460592037431302792E+01    0.283211426838224956E+01    0.422196930838121531E+01    0.285821347375043722E+00   -0.111771372777089982E+04   -0.106343455366685316E+02    1
    0.143879497470435940E+02    0.108056263422193344E+01    0.247905662925509596E+01    0.290634663070636012E+00   -0.111771337532509529E+04   -0.106676788700018648E+02    1
    0.129318445761167666E+02    0.126238107343403927E+01    0.916145877245241280E+01    0.288111365138965514E+00   -0.111770874862533879E+04   -0.107010122033351980E+02    1
    0.916361609571551483E+01    0.352077127128727252E+01    0.717363448719374475E+01    0.287153040672757598E+00   -0.111770819176267560E+04   -0.107343455366685294E+02    1
    0.702999305700701171E+01    0.629693877674007574E+01    0.546875018620708531E+01    0.288583344204861980E+00   -0.111770674263059345E+04   -0.107676788700018644E+02    1
    0.170202950167051767E+02    0.584826846010835233E+01    0.591516681298878133E+01    0.288275776221738278E+00   -0.111770534021331105E+04   -0.108010122033351976E+02    1
    0.172315909833224268E+02    0.358290782029707522E+01    0.837220372282504144E+01    0.287743236012759862E+00   -0.111770391758994901E+04   -0.108343455366685308E+02    1
    0.411810491330432171E+01    0.571571898976168580E+01    0.799690323096692168E+01    0.287500066887214745E+00   -0.111770389240825762E+04   -0.108676788700018641E+02    1
    0.103117655997634152E+02    0.588744445768648461E+01    0.560533795159822112E+01    0.287077908861190778E+00   -0.111769749288974208E+04   -0.109010122033351973E+02    1
    0.158594179273822000E+02    0.855775192194360557E+01    0.547776268687894863E+01    0.286860421391230025E+00   -0.111769261873599044E+04   -0.109343455366685323E+02    1
    0.106662057218846478E+02    0.554676917681988435E+01    0.559394648518334492E+01    0.287581732788837918E+00   -0.111769143079629498E+04   -0.109676788700018655E+02    1
    0.884140407188729327E+00    0.592885017275743209E+01    0.466943055795596251E+01    0.288789516718452877E+00   -0.111768831358713032E+04   -0.110010122033351969E+02    1
    0.101210258225207061E+01    0.598204083106371165E+01    0.326084723603163695E+01    0.285958304018131493E+00   -0.111768371108071915E+04   -0.110343455366685319E+02    1
    0.135301961259433323E+02    0.539175962130724429E+01    0.517904665422825872E+01    0.287558067122162031E+00   -0.111767856061145039E+04   -0.110676788700018651E+02    1
    0.246674680555642745E+01    0.403122867258939799E+01    0.461693701776130538E+01    0.288024700252479171E+00   -0.111766656892331139E+04   -0.111010122033351966E+02    1
    0.134153077244071639E+02    0.916597464533522022E+01    0.352198503419343290E+01    0.282257303202318566E+00   -0.111765953961914261E+04   -0.111343455366685316E+02    1
    0.104442717994842056E+02    0.993744340645845492E+00    0.371691617598302493E+01    0.287990796878277555E+00   -0.111765334590234579E+04   -0.111676788700018630E+02    1
    0.110098248198948201E+00    0.530868608867288838E+01    0.391608450392853058E+01    0.287458475272368785E+00   -0.111765145642139623E+04   -0.112010122033351962E+02    1
    0.722489913361059344E+01    0.771814174718363244E+01    0.414873729199315022E+01    0.290068162564335763E+00   -0.111764501409254535E+04   -0.112343455366685312E+02    1
    0.350377658498194178E+01    0.146069977412386542E+01    0.309555752308988197E+01    0.285986328255394717E+00   -0.111764392684656877E+04   -0.112676788700018644E+02    1
    0.584496468937495450E+01    0.745996395400409718E+01    0.317085859615073851E+01    0.282347027638969017E+00   -0.111764299181121100E+04   -0.113010122033351976E+02    1
    0.635514884633869404E+01    0.601599148757760016E+01    0.402706979724714742E+01    0.285315738618266979E+00   -0.111763394833218945E+04   -0.113343455366685308E+02    1
    0.191507979595756250E+01    0.516241694156572084E+01    0.367906299165024109E+01    0.289486900636607203E+00   -0.111761486964603228E+04   -0.113676788700018641E+02    1
    0.955880917623330162E+00    0.459471197936326714E+01    0.395622371309226217E+01    0.287634612695836234E+00   -0.111761415643860551E+04   -0.114010122033351973E+02    1
    0.424876645647507178E+01    0.889532837533394982E+01    0.421939266305167138E+01    0.285903463811746139E+00   -0.111758029616133126E+04   -0.114343455366685287E+02    1
    0.176137993624903508E+02    0.180732782917922385E+01    0.356099461006087026E+01    0.287252582640134424E+00   -0.111757492109485497E+04   -0.114676788700018637E+02    1
    0.116320263077655905E+02    0.279659671905251184E+01    0.356963338435318533E+01    0.289103045874474551E+00   -0.111756760359953705E+04   -0.115010122033351987E+02    1
    0.930767709506741525E+01    0.435365897778098088E+01    0.401052756956107537E+01    0.287463071186214503E+00   -0.111756092667302187E+04   -0.115343455366685301E+02    1
    0.313294099086190236E+01    0.399194574058028939E+01    0.377788157350936160E+01    0.287465903041512094E+00   -0.111755669529253146E+04   -0.115676788700018616E+02    1
    0.169061300515393960E+02    0.793370420777410956E+01    0.438410092169163335E+01    0.287726239763169911E+00   -0.111755614452289410E+04   -0.116010122033351966E+02    1
    0.736385830130396712E+01    0.398281861028765771E+01    0.319736328360482780E+01    0.290582313603349185E+00   -0.111754262478120381E+04   -0.116343455366685298E+02    1
    0.425643988828545350E+01    0.197713439597899643E+01    0.311528110453750529E+01    0.287818805676018696E+00   -0.111753935554418649E+04   -0.116676788700018630E+02    1
    0.122731990474752166E+02    0.769622412321739446E+01    0.416772699772857180E+01    0.286414937176168172E+00   -0.111753237625437851E+04   -0.117010122033351980E+02    1
    0.170965941833092501E+02    0.717480196704972428E+01    0.282569365023086760E+01    0.281072865231982272E+00   -0.111752886462537231E+04   -0.117343455366685312E+02    1
    0.100032411476674135E+02    0.736877984216373516E+01    0.364783225195182759E+01    0.290756896859959868E+00   -0.111752286798870455E+04   -0.117676788700018644E+02    1
    0.116490962243439888E+02    0.281646088673520367E+01    0.241903290141257798E+01    0.288141485434682210E+00   -0.111751442951169020E+04   -0.118010122033351958E+02    1
    0.650772519311439890E+01    0.284081225293050688E+01    0.345726610705729698E+01    0.287990948394251323E+00   -0.111750992252717742E+04   -0.118343455366685308E+02    1
    0.808123094858992275E+01    0.942582872641795788E+01    0.399934829927823543E+01    0.289699624518184207E+00   -0.111750401264992161E+04   -0.118676788700018641E+02    1
    0.113237340315864401E+02    0.369318688669671769E+01    0.356233300587128099E+01    0.286094026975457494E+00   -0.111750109357060137E+04   -0.119010122033351955E+02    1
    0.129908413924211921E+02    0.686280498925896154E+01    0.365685440989021515E+01    0.290385343889707048E+00   -0.111748819011222531E+04   -0.119343455366685305E+02    1
    0.110850339725303275E+02    0.503884722249139649E+01    0.369925822130054271E+01    0.286629821597189860E+00   -0.111744851137170940E+04   -0.119676788700018637E+02    1
    0.147910806806829349E+02    0.304889696269417776E+01    0.274127166177207116E+01    0.290675784625191058E+00   -0.111744314471448183E+04   -0.120010122033351969E+02    1
    0.346686795652637691E+01    0.438130722213734636E+01    0.323619054388744765E+01    0.287774568898155447E+00   -0.111742714945391072E+04   -0.120343455366685301E+02    1
    0.180889464748698292E+01    0.847134368014514649E+01    0.354575847990027349E+01    0.287594064552915363E+00   -0.111742015755220973E+04   -0.120676788700018633E+02    1
    0.639443906912880689E+01    0.372764006692586936E+01    0.271976022800162198E+01    0.286320494860462738E+00   -0.111739811299036342E+04   -0.121010122033351983E+02    1
    0.109953413451215383E+02    0.208215327159091501E+01    0.289769860211242403E+01    0.287660144388814043E+00   -0.111739192098061812E+04   -0.121343455366685298E+02    1
    0.107225997822666326E+02    0.852927405035101316E+01    0.306398297376148676E+01    0.292134642255894361E+00   -0.111738125971751492E+04   -0.121676788700018630E+02    1
    0.125613833305001990E+02    0.911047483389443791E+01    0.262446491444527652E+01    0.287532025183841133E+00   -0.111736776504297541E+04   -0.122010122033351962E+02    1
    0.189446943969868649E+02    0.455065665273987729E+01    0.351422171454749233E+01    0.287010648619002495E+00   -0.111736206863795178E+04   -0.122343455366685294E+02    1
    0.157378475905890642E+02    0.543084125473539991E+01    0.249869062824627797E+01    0.284976631119541191E+00   -0.111736179972726086E+04   -0.122676788700018626E+02    1
    0.166446419414827957E+02    0.844915830527399336E+01    0.360739556403585482E+01    0.290393783253902082E+00   -0.111735894057448536E+04   -0.123010122033351958E+02    1
    0.173084978212801168E+02    0.241573943544463532E+01    0.290360495657781570E+01    0.288398202166948225E+00   -0.111732219267359505E+04   -0.123343455366685291E+02    1
    0.137021520102366061E+02    0.582837664334057948E+01    0.352792936218849107E+01    0.288608513776565045E+00   -0.111731934522289203E+04   -0.123676788700018623E+02    1
    0.525343235354635762E+01    0.463234312937527815E+01    0.300715552479857351E+01    0.286901083622092656E+00   -0.111730546665095085E+04   -0.124010122033351955E+02    1
    0.366356733195814144E+01    0.815710393416220114E+01    0.338456774474592592E+01    0.288775248313477118E+00   -0.111730221900917718E+04   -0.124343455366685287E+02    1
    0.122850990702442964E+02    0.894218464325841644E+01    0.377322582948313112E+01    0.287805104990819904E+00   -0.111727815597869994E+04   -0.124676788700018619E+02    1
