   -0.850254849224036668E+01    0.543373559454052213E+01   -0.255369406850553204E+01   -0.276203435388342966E+00   -0.999999998999999514E+91   -0.391195633965034517E+01    1
    0.206968331389903746E+02   -0.879294285886280136E+01    0.381701914258508435E+01   -0.735579575662446972E-01   -0.999999998999999514E+91   -0.393195633965034208E+01    1
    0.616263949253808452E+01   -0.892962059529993901E+01    0.112112929425838530E+02   -0.185871853348949512E+00   -0.999999998999999514E+91   -0.395195633965034165E+01    1
    0.217302600375206971E+02   -0.457362574620036710E+00    0.523443698236876642E+01    0.139176071573357096E+00   -0.999999998999999514E+91   -0.397195633965034300E+01    1
    0.682276783068599446E+01   -0.330320082295399331E+00    0.192566868790114487E+01    0.548049035021973482E-01   -0.999999998999999514E+91   -0.399195633965034391E+01    1
    0.167210896461951819E+02    0.143957125686117795E+02   -0.214261660630344508E+01   -0.159372464010697074E+00   -0.999999998999999514E+91   -0.401195633965034215E+01    1
    0.169636178633449219E+01    0.217569379849082907E+02    0.112116774948970299E+01   -0.180197384195571214E+00   -0.999999998999999514E+91   -0.403195633965034173E+01    1
   -0.214871455663985245E+00   -0.718866988237943438E+01   -0.927502893264946593E+01    0.127336605270350319E-02   -0.999999998999999514E+91   -0.405195633965034396E+01    1
   -0.458294685596193041E+01   -0.111484058905102046E+01    0.148861485391481185E+02    0.101758031523169423E+00   -0.999999998999999514E+91   -0.407195633965034443E+01    1
   -0.223969877550024776E+02   -0.395780011013332356E+01   -0.733500712751062345E+01   -0.490405930045936869E-01   -0.999999998999999514E+91   -0.409195633965034400E+01    1
    0.296471169442268803E+02    0.991072579837348755E+01    0.636040457942635751E+01   -0.436258223997870592E-01   -0.999999998999999514E+91   -0.411195633965034357E+01    1
    0.341986011709725179E+01    0.195801902498074210E+01    0.176720368881112471E+02   -0.155607310407099103E+00   -0.999999998999999514E+91   -0.413195633965034226E+01    1
    0.164975537618251522E+01    0.284494853371038481E+01    0.643513897647465871E+01   -0.317935048638366968E-01   -0.999999998999999514E+91   -0.415195633965034450E+01    1
    0.276945155058887735E+02    0.128619160234133609E+02    0.753075333441671457E+01   -0.302927535608624003E-01   -0.999999998999999514E+91   -0.417195633965034762E+01    1
    0.665910907832237875E+01    0.380720147996770297E+01    0.397397463636851533E+01   -0.266288093810113147E+00   -0.999999998999999514E+91   -0.419195633965034720E+01    1
    0.638692192007231974E+01   -0.119171702881247832E+01   -0.374323369263063732E+01   -0.548325591998803583E-01   -0.999999998999999514E+91   -0.421195633965034677E+01    1
    0.148428935060100287E+02   -0.415482769186846568E+01    0.181947461803986954E+02   -0.353284366075422712E-01   -0.999999998999999514E+91   -0.423195633965034279E+01    1
    0.178765100278364955E+02   -0.332285874993411312E+01    0.486755986678381980E+01    0.133477135629382515E+00   -0.999999998999999514E+91   -0.425195633965034059E+01    1
    0.345180937539307422E+02    0.816186141027288148E+00    0.131102687201925825E+02   -0.141563713107160823E-01   -0.999999998999999514E+91   -0.427195633965034727E+01    1
    0.712312765101035339E+01    0.228409888838333774E+01   -0.564639534147508115E+01   -0.494949583528391177E-01   -0.999999998999999514E+91   -0.429195633965034329E+01    1
   -0.123185303236218591E+02    0.101428442526779605E+02    0.121819081293099423E+02   -0.845416835759951468E-01   -0.999999998999999514E+91   -0.431195633965034109E+01    1
    0.747822449551213442E+01   -0.686911174115482481E+01    0.708190481670730332E+01    0.108578285203305688E+00   -0.999999998999999514E+91   -0.433195633965034244E+01    1
    0.257038286251894732E+00    0.449419836297240050E+01    0.366180722109647849E+01   -0.216124436308709859E-01   -0.999999998999999514E+91   -0.435195633965034201E+01    1
   -0.490245680739019818E+01    0.198672196277134603E+02    0.135322942621552240E+02    0.862311764697885341E-01   -0.999999998999999514E+91   -0.437195633965034336E+01    1
    0.314885941376081249E+02   -0.179163001773782593E+01    0.115032547048575395E+02   -0.100716154746953571E+00   -0.999999998999999514E+91   -0.439195633965034649E+01    1
    0.917141016313805935E+01    0.150018139461327715E+01    0.118806083323154876E+02   -0.873102144245497536E-01   -0.999999998999999514E+91   -0.441195633965034784E+01    1
    0.157755428112758622E+02    0.566716807258354738E+01    0.631803924920465043E+01   -0.387837178247144379E-01   -0.999999998999999514E+91   -0.443195633965034474E+01    1
    0.191231776603973849E+02   -0.329894056920740297E+01    0.131897782772840451E+02    0.114573675204046474E+00   -0.999999998999999514E+91   -0.445195633965034343E+01    1
   -0.206501482422981937E+02    0.181906592285747877E+02    0.527373511915542714E+01   -0.253834076382976781E+00   -0.999999998999999514E+91   -0.447195633965034745E+01    1
   -0.324870108288695292E+01    0.177335162004905484E+02   -0.185845476449966540E+01    0.137120050036786623E+00   -0.999999998999999514E+91   -0.449195633965034435E+01    1
    0.203273490378140131E+02   -0.430245008269422158E+01    0.524921615645126050E+01   -0.103142628076239931E+00   -0.999999998999999514E+91   -0.451195633965034482E+01    1
    0.127945928698799314E+02    0.310967886581008379E+00    0.977058366468032347E+01   -0.147177057426493806E-01   -0.999999998999999514E+91   -0.453195633965034705E+01    1
    0.549980013660224820E+01    0.199198795102970294E+01    0.170241158552615310E+02   -0.146965621395787172E+00   -0.999999998999999514E+91   -0.455195633965034396E+01    1
    0.210135508585780997E+02    0.984386943866552855E+01    0.407330553092583969E+01   -0.199667841532074231E+00   -0.999999998999999514E+91   -0.457195633965034354E+01    1
    0.285027873759616668E+02    0.146725807751251853E+02    0.624969941743217916E+01   -0.263588612756839279E-01   -0.999999999899999928E+90   -0.459195633965034666E+01    1
    0.100776764887570796E+02   -0.243771701631041804E+01    0.416155293306151641E+01   -0.676996688480643177E-01   -0.999999999799999890E+90   -0.461195633965034801E+01    1
   -0.501995643815028636E+01    0.451220807490063702E+01   -0.528036598386965927E+00   -0.255621239782553855E+00   -0.999999999699999851E+90   -0.463195633965034759E+01    1
    0.192773491096943950E+02    0.122553884001050992E+02   -0.646672725320291519E+00   -0.919216298136548704E-01   -0.999999999599999813E+90   -0.465195633965034716E+01    1
   -0.806969062787719160E+01    0.190460639394626412E+02   -0.329019020294351705E+01   -0.825196791497295884E-01   -0.999999999499999774E+90   -0.467195633965034407E+01    1
    0.644548237017518488E+01   -0.116142885228573771E+02    0.122483983605125246E+02   -0.685658909601893768E-01   -0.999999999399999736E+90   -0.469195633965034364E+01    1
   -0.526463812759750205E+01    0.277835154726409961E+00   -0.546720729271270400E+01    0.281493368495674447E-01   -0.999999999299999697E+90   -0.471195633965034677E+01    1
   -0.219656216428286299E+02    0.113462345172931176E+02    0.739950103207713994E+01   -0.586401061090345010E-01   -0.999999999199999659E+90   -0.473195633965034634E+01    1
    0.291846715406126407E+02    0.776187137158590268E+01    0.884952446493636380E+01   -0.543972106954311585E-01   -0.999999999099999621E+90   -0.475195633965034325E+01    1
    0.443311865872968198E+02    0.200083323413723804E+02    0.740804024061947786E+01   -0.520958908050392008E-01   -0.999999998999999582E+90   -0.477195633965034460E+01    1
    0.334804520357336415E+02    0.221625018133249707E+01   -0.701094027055320268E+01    0.147602361362216161E+00   -0.109317070653192364E+06   -0.479195633965034506E+01    1
    0.863754451566995840E+01    0.882128407518352375E+01   -0.216035153114340872E+01    0.901712227012699610E-02   -0.390163280909386958E+05   -0.481195633965034641E+01    1
    0.312986487096673045E+02    0.358924286081278687E+00   -0.224877136413854117E+01    0.131252176827050711E-01   -0.331533164001306795E+05   -0.483195633965034776E+01    1
    0.114001423165752307E+02    0.273616603320602758E+01   -0.167273215826482335E+01    0.176458129993005114E+00   -0.292973295577626741E+05   -0.485195633965034734E+01    1
    0.107299279512476993E+02    0.768600742934630965E+01   -0.142343483348904876E+01    0.176483962360666824E+00   -0.285902097815081106E+05   -0.487195633965034602E+01    1
    0.173073256182777939E+02    0.152124525075054251E+02   -0.957558646498321231E+00    0.251994552918704887E-01   -0.242473491438999190E+05   -0.489195633965034382E+01    1
    0.152822367486260315E+02    0.742636751716471366E+00    0.197718672361046899E-01    0.251236985693090928E-01   -0.200528227002261337E+04   -0.491195633965034428E+01    1
    0.173317936667877817E+02    0.266967038138116930E+01    0.630494628530905388E+01    0.256371035526498370E+00    0.282244606757937618E+03   -0.493195633965034563E+01    1
    0.136899568115641426E+02    0.153549853908973555E+01    0.542457362419691336E+00    0.122688432070980999E+00    0.511833299571934845E+03   -0.495195633965034610E+01    1
    0.171597364821579959E+02    0.531874844349145004E+01    0.340081664133807005E+01    0.222169190939624922E+00    0.572880000748454904E+03   -0.497195633965034567E+01    1
    0.121775364688406693E+02    0.174994402581378594E+02    0.162538440932814403E+02    0.213590285807488595E+00    0.651358798489006631E+03   -0.499195633965034435E+01    1
    0.289039838663128137E+02    0.236383630779248755E+01    0.916174680996047641E+01    0.197827980626243960E+00    0.800648801903801996E+03   -0.501195633965034304E+01    1
    0.613337829667873979E+01    0.175079265707825940E+02    0.656159727752259680E+01    0.166256768269715693E+00    0.112587243213908823E+04   -0.503195633965034617E+01    1
    0.143326329499101917E+02    0.207882011130981148E+00    0.214179833798538777E+01    0.162962417318305020E+00    0.116137668998237268E+04   -0.505195633965034840E+01    1
    0.482752868605315921E+01    0.153202356364859167E+02    0.464111853146483000E+01    0.153213176059269929E+00    0.127188788253985240E+04   -0.507195633965034709E+01    1
    0.144434454957572846E+02    0.921734788579740361E+01    0.380750325145352031E+01    0.131288618616849873E+00    0.153558250317474790E+04   -0.509195633965034755E+01    1
    0.345999450389620407E+02    0.554342287641439047E+01    0.597516476080711989E+01    0.127285933393374406E+00    0.158680961437067435E+04   -0.511195633965034979E+01    1
    0.162333072014420701E+02    0.530520420850930829E+01    0.916714346763583166E+01    0.125870896796096587E+00    0.160502526543420049E+04   -0.513195633965034936E+01    1
    0.247750127059267164E+02    0.272388894107915078E+02    0.113959461625173972E+02    0.124483100684296646E+00    0.162300276148571652E+04   -0.515195633965034716E+01    1
    0.134023680732020694E+02    0.382792164112530919E+00    0.773922333128911788E+01    0.123854246544437732E+00    0.163118582345680761E+04   -0.517195633965034318E+01    1
    0.575571591357000401E+02    0.110998926328237388E+02    0.948893971806405290E+01    0.119183662420136005E+00    0.169269551323113637E+04   -0.519195633965034276E+01    1
    0.142006905267034078E+01    0.706817011551591001E+01    0.923837420069151705E+01    0.113596355514130498E+00    0.176802574978042981E+04   -0.521195633965034766E+01    1
    0.118708027424899214E+02    0.104413679586183523E+02    0.215124128352040689E+01    0.109461966361839136E+00    0.178498288858971387E+04   -0.523195633965034546E+01    1
    0.104295943607727679E+02    0.603382634842230914E+01    0.491328336820935796E+01    0.105046082204511240E+00    0.188717044113202428E+04   -0.525195633965034858E+01    1
    0.303479686528029617E+02    0.659150082997399345E+01    0.480665243511495976E+01    0.103024552937218669E+00    0.191606241189157595E+04   -0.527195633965034727E+01    1
    0.981369439618325501E+01    0.136852620191138108E+01    0.576122708609690992E+01    0.102233678938136091E+00    0.192744485570870302E+04   -0.529195633965034684E+01    1
    0.855662539622995411E+01    0.478362145065499345E+01    0.675555133401261898E+01    0.100732184955679260E+00    0.194916630949751857E+04   -0.531195633965034553E+01    1
    0.297296325999422208E+02    0.777074870542755658E+01    0.102783638698555855E+02    0.999483053876287358E-01    0.196056913393478817E+04   -0.533195633965034510E+01    1
    0.866659228001708470E+00    0.416291962235339863E+01    0.659276585621611488E+01    0.961019825450986770E-01    0.201715547477315067E+04   -0.535195633965034645E+01    1
    0.105146631979348548E+01    0.327325773651433138E+01    0.941425198292584398E+01    0.950612516413190528E-01    0.203265181227480207E+04   -0.537195633965034780E+01    1
    0.226965411255012199E+02    0.476841222279091248E+01    0.194765903734428818E+02    0.906178544411714582E-01    0.209971252558004471E+04   -0.539195633965034649E+01    1
    0.188236909699361377E+02    0.200598658886984538E+02    0.677236428512451916E+01    0.892265488375989235E-01    0.212101704112227708E+04   -0.541195633965034428E+01    1
    0.159776686408244935E+02    0.124608516925423025E+02    0.758415608140527375E+01    0.862483557988180938E-01    0.216711907731666770E+04   -0.543195633965034563E+01    1
    0.382965426674286675E+02    0.205339485858795889E+02    0.172943468100932378E+02    0.853410367674305170E-01    0.218130152608911067E+04   -0.545195633965034521E+01    1
    0.159904684100106831E+02    0.303642995582545705E+01    0.884767134377388409E+00    0.424374260510967521E-01    0.218360648313284992E+04   -0.547195633965034389E+01    1
    0.305740003843712138E+01    0.121652813625933440E+02    0.842599726794111348E+01    0.833539708274050467E-01    0.221258871608848403E+04   -0.549195633965034791E+01    1
    0.118985944226750213E+02    0.209916074047486756E+01    0.570494708102828874E+01    0.823503281989071689E-01    0.222851087324730042E+04   -0.551195633965034570E+01    1
    0.155947154831996588E+02    0.421497882685236736E+01    0.982809354185330974E+01    0.805657366967193755E-01    0.225702176194791309E+04   -0.553195633965034705E+01    1
    0.459088563480406542E+01    0.104810193707306567E+02    0.838049821260172934E+01    0.800942109229915572E-01    0.226459794217546369E+04   -0.555195633965034929E+01    1
    0.143339350211650132E+02    0.693789470221688731E+01    0.682145502798485470E+01    0.766117185553339408E-01    0.232111473892272761E+04   -0.557195633965034887E+01    1
    0.159731771380163643E+02    0.830410209898790264E+01    0.121272525117258407E+02    0.733652361970617561E-01    0.237470372623165531E+04   -0.559195633965034755E+01    1
    0.165506980622776787E+02    0.106597911331638322E+02    0.682084460300408857E+01    0.720516915481505260E-01    0.239663731990682845E+04   -0.561195633965034801E+01    1
    0.131389335392641833E+02    0.562709057468817786E+01    0.611274562236344643E+01    0.719967078119553988E-01    0.239755868550201649E+04   -0.563195633965034670E+01    1
    0.255774255075268542E+02    0.127344504425880753E+02    0.827200358772887689E+01    0.696444689997806482E-01    0.243720989204050056E+04   -0.565195633965034716E+01    1
    0.160774541113332745E+02    0.611310046726894818E+00    0.136520399526072183E+02    0.682283899427721385E-01    0.246130713027361980E+04   -0.567195633965034851E+01    1
    0.134779856640981297E+02    0.129002981704669608E+02    0.135008645771950349E+02    0.676805673317765477E-01    0.247067519178137854E+04   -0.569195633965034720E+01    1
    0.172872773315152308E+02    0.763336914101112374E+00    0.184309625677080007E+02    0.676400078999914584E-01    0.247136979744788550E+04   -0.571195633965034943E+01    1
    0.387613000911179473E+01    0.110039505379168148E+02    0.776278121411543864E+01    0.673384600420793150E-01    0.247653845359909246E+04   -0.573195633965034812E+01    1
    0.723462014934761299E+01    0.159989531841121124E+01    0.327244240888756677E+01    0.664813869313872624E-01    0.249096560472542751E+04   -0.575195633965034769E+01    1
    0.658098319008924904E+00    0.910744354932964661E+01    0.628232804078263563E+01    0.604903733131992513E-01    0.259600414904981790E+04   -0.577195633965034816E+01    1
    0.145929828183122936E+02    0.869277296837204005E+01    0.584614859247201402E+01    0.591441843416507865E-01    0.261996572609569648E+04   -0.579195633965034773E+01    1
    0.435148968409971459E+01    0.666003101119969187E+01    0.107010175028174963E+02    0.536766027660483883E-01    0.271882354115771022E+04   -0.581195633965034908E+01    1
    0.410103889096191736E+02    0.121001174545679078E+02    0.131070629438729451E+02    0.529988304461403020E-01    0.273124993412012645E+04   -0.583195633965034954E+01    1
    0.485654897134911536E+02    0.125167506358009870E+02    0.167804976593757402E+02    0.526382861882432398E-01    0.273787529287905727E+04   -0.585195633965034823E+01    1
    0.242719072103589184E+02    0.756281895495881251E+01    0.969024207718886466E+01    0.521853751051705311E-01    0.274621272933023192E+04   -0.587195633965034691E+01    1
    0.112130156454415619E+02    0.127979208941411109E+02    0.114946361762480258E+02    0.494268856026835665E-01    0.279734056253476911E+04   -0.589195633965034649E+01    1
    0.327241359690987537E+02    0.122738595422924135E+02    0.685527154970862185E+01    0.482918173327561220E-01    0.281854869702215137E+04   -0.591195633965034695E+01    1
    0.767588877925738888E+01    0.168554232980980956E+02    0.120104640994036149E+02    0.470441408252492421E-01    0.284196863065110074E+04   -0.593195633965034741E+01    1
    0.113508305707277604E+02    0.223879991327379679E+01    0.281695197796177377E+01    0.469126423691832994E-01    0.284337015598750895E+04   -0.595195633965034698E+01    1
    0.136692770880066838E+02    0.173180789758979898E+02    0.109140131748639995E+02    0.465627879481289100E-01    0.285103423931084581E+04   -0.597195633965034833E+01    1
    0.353854932250522758E+01    0.706518559289710968E+00    0.639251233054817192E+01    0.462683112450721773E-01    0.285658836319547527E+04   -0.599195633965034702E+01    1
    0.102984851827147139E+01    0.400093381870997256E+01    0.342136053322400002E+01    0.452569629722755010E-01    0.287417311334390524E+04   -0.601195633965034926E+01    1
    0.115665605073976714E+02    0.708676794827754986E+01    0.631559021347231031E+01    0.434740812779345204E-01    0.290958252633364918E+04   -0.603195633965035061E+01    1
    0.377939219985831585E+02    0.209752081206498708E+01    0.588082169008214617E+01    0.422121420716535523E-01    0.293367775360836094E+04   -0.605195633965034840E+01    1
    0.505679799492909954E+01    0.922489726804623444E+01    0.326833589911949041E+01    0.418048543583218538E-01    0.293959802017791662E+04   -0.607195633965034798E+01    1
    0.109883943590085504E+02    0.934245365554502527E+01    0.586256002027554235E+01    0.417828607222675771E-01    0.294189797321392734E+04   -0.609195633965034844E+01    1
    0.144627103373049906E+02    0.365471974908607189E+01    0.619580327058003366E+01    0.416843511517590512E-01    0.294378310310251209E+04   -0.611195633965034713E+01    1
    0.346609552488166415E+02    0.128692911750248307E+02    0.328626707039063337E+01    0.409693439496368328E-01    0.295668700066927977E+04   -0.613195633965034759E+01    1
    0.236572994845475826E+02    0.941809814485927355E+01    0.515382473280165598E+01    0.401451134012580368E-01    0.297335153362070105E+04   -0.615195633965034894E+01    1
    0.158031388876170098E+01    0.407313586737753308E+01    0.145517761295447450E+02    0.394739458481096900E-01    0.298626713566577610E+04   -0.617195633965035029E+01    1
    0.157871353721635117E+02    0.126459270254885858E+02    0.868633226763957822E+01    0.394329449321621783E-01    0.298705753498617287E+04   -0.619195633965035164E+01    1
    0.441556694572012418E+02    0.117475564565524273E+02    0.795358902641982013E+01    0.367988462203595740E-01    0.303798423080144494E+04   -0.621195633965035210E+01    1
    0.222290258770245828E+02    0.120231291191608349E+02    0.970549504497110149E+01    0.356105552411576029E-01    0.306103878120646095E+04   -0.623195633965034990E+01    1
    0.127631756107164485E+01    0.187822678755931527E+01    0.161338148117559115E+02    0.346747878659227349E-01    0.307921988437116397E+04   -0.625195633965034769E+01    1
    0.603809317251376321E+01    0.702039657153844310E+01    0.649414979465982167E+01    0.346490694136379618E-01    0.307972068890637502E+04   -0.627195633965034904E+01    1
    0.294326534055045670E+02    0.150782438055399908E+02    0.562131006387264165E+01    0.336979710260138510E-01    0.309822705655772006E+04   -0.629195633965034951E+01    1
    0.305918543054355752E+02    0.491493075840259497E+01    0.488088486655734766E+01    0.335691138146359258E-01    0.310073406320467257E+04   -0.631195633965034819E+01    1
    0.182324978802022315E+02    0.760841496154659325E+01    0.366474472399408224E+01    0.332217936430380945E-01    0.310740231294358364E+04   -0.633195633965034865E+01    1
    0.409308798613199727E+02    0.968009595865900963E+01    0.872471992821626685E+01    0.329634525253091754E-01    0.311250788612171618E+04   -0.635195633965034823E+01    1
    0.137288021134510281E+02    0.405693146258247062E+01    0.114118108232220052E+02    0.310647042966640217E-01    0.314945707300815957E+04   -0.637195633965034602E+01    1
    0.147364647705582996E+02    0.476990156610113658E+01    0.113878603325837453E+02    0.304799625464950395E-01    0.316083004563247596E+04   -0.639195633965035004E+01    1
    0.151589287154796892E+02    0.818342565923729914E+01    0.538599836960373146E+01    0.293194758948761187E-01    0.318338877182394390E+04   -0.641195633965034961E+01    1
    0.246461441474168197E+02    0.994262980707826483E+00    0.343450693892484882E+01    0.290167805948691564E-01    0.318924532763193611E+04   -0.643195633965034830E+01    1
    0.234003472857347887E+02    0.438200065267806060E+01    0.843739032092289420E+01    0.284011822923702188E-01    0.320119377854343384E+04   -0.645195633965035142E+01    1
    0.882891823037359202E+01    0.219003816276755447E+01    0.860745290425162324E+01    0.279132436784357181E-01    0.321064485591444645E+04   -0.647195633965035011E+01    1
    0.105263051898750959E+00    0.572866907109046952E+01    0.615919111217324566E+01    0.273956838101468633E-01    0.322065292244513148E+04   -0.649195633965035057E+01    1
    0.910973077959333821E+01    0.412009742063490414E+01    0.100970790032528548E+02    0.271084944597861539E-01    0.322620535174384122E+04   -0.651195633965035370E+01    1
    0.195220666126105442E+02    0.537224181627125041E+01    0.608726744686159549E+01    0.266241177282136067E-01    0.323555431519208969E+04   -0.653195633965035416E+01    1
    0.924741176481668781E+01    0.162910531664311620E+01    0.998082114559058553E+01    0.261085023110044431E-01    0.324548400228199353E+04   -0.655195633965035018E+01    1
    0.406501594918140086E+01    0.638499279147721932E+01    0.902488370588185163E+01    0.260568731958933410E-01    0.324647738283100171E+04   -0.657195633965035064E+01    1
    0.161089803193901062E+02    0.117986348630685765E+02    0.909568845499780920E+01    0.255592786404227057E-01    0.325604023606283226E+04   -0.659195633965035022E+01    1
    0.120807362035069801E+02    0.117236506228768924E+02    0.868667855478353879E+01    0.251796134352448263E-01    0.326332227549762956E+04   -0.661195633965034890E+01    1
    0.307597991433792615E+02    0.154730664233556343E+02    0.783706076888750225E+01    0.248642377033416184E-01    0.326936114430046837E+04   -0.663195633965035203E+01    1
    0.304463119637731339E+02    0.388990686418073794E+01    0.707049421878086459E+01    0.236089517066628458E-01    0.329329208219289012E+04   -0.665195633965034894E+01    1
    0.254109808348027393E+02    0.247686894661094925E+01    0.152218059170908777E+02    0.235988314160654258E-01    0.329348399965217686E+04   -0.667195633965034851E+01    1
    0.207461508055763098E+02    0.988830072841255969E+01    0.143296621611229735E+01    0.615908161804612931E-02    0.329827618272750169E+04   -0.669195633965035075E+01    1
    0.129044847330865391E+02    0.115837520402805723E+02    0.503726469107662744E+01    0.232579876091994174E-01    0.329997508450433997E+04   -0.671195633965034943E+01    1
    0.392944090081950037E+01    0.112623381525084154E+01    0.871020288729094716E+01    0.227003873835209050E-01    0.331049186831706083E+04   -0.673195633965034901E+01    1
    0.155146286497613577E+02    0.121840946712299836E+02    0.192177890906050131E+02    0.218988972833770550E-01    0.332556558638266370E+04   -0.675195633965034947E+01    1
    0.107970960090778068E+02    0.155508436035162063E+02    0.765918079084422132E+01    0.213550927437130035E-01    0.333573370831169541E+04   -0.677195633965034993E+01    1
    0.256579646542567374E+00    0.252576035095317142E+01    0.577844636795931255E+01    0.209784956046955018E-01    0.334274164973371217E+04   -0.679195633965034951E+01    1
    0.239377063006417714E+02    0.974837325596874305E+00    0.476631108942431769E+01    0.209262455897864172E-01    0.334371859910481817E+04   -0.681195633965035174E+01    1
    0.806483438035421152E+01    0.766912436140583154E+01    0.195484483450554869E+01    0.174492275699684937E-01    0.335354306764470357E+04   -0.683195633965035309E+01    1
    0.620040634181905670E+01    0.803232231014559339E+01    0.169722327794729289E+01    0.115980887670885172E-01    0.336471697390494592E+04   -0.685195633965035089E+01    1
    0.169176552038008765E+02    0.358104269612717019E+01    0.809735261955884233E+01    0.194465438959497625E-01    0.337096826963986268E+04   -0.687195633965034780E+01    1
    0.260352087814431385E+02    0.465959899371028374E+01    0.409047859753903609E+01    0.189336671309258027E-01    0.338035721263588312E+04   -0.689195633965035004E+01    1
    0.673617036333920005E+01    0.436611244953669075E+01    0.348885794703725383E+01    0.188236193147407714E-01    0.338221527645771948E+04   -0.691195633965035228E+01    1
    0.654214705287469478E+01    0.671827694583360202E+01    0.168114749953279450E+02    0.185611013757414518E-01    0.338703575955754150E+04   -0.693195633965035185E+01    1
    0.621174053636213497E+01    0.371286558003723899E+01    0.170897038785101074E+01    0.138419544801592423E-01    0.341168024029980324E+04   -0.695195633965035054E+01    1
    0.386622083102683689E+01    0.167147213195055322E+02    0.673028879874370833E+01    0.168041835410572098E-01    0.341827482440482527E+04   -0.697195633965035100E+01    1
    0.288642548702946016E+02    0.337923901280656036E+01    0.872729691822474862E+01    0.166565596833985752E-01    0.342085309037973866E+04   -0.699195633965035235E+01    1
    0.305012339528088674E+02    0.225873164035566187E+01    0.805019403834528546E+01    0.163344643968452094E-01    0.342645732853136178E+04   -0.701195633965035281E+01    1
    0.154842401568465355E+02    0.514277972687022977E+01    0.545326477331139525E+01    0.161169340809015488E-01    0.343022910818794935E+04   -0.703195633965034972E+01    1
    0.299694534417140659E+02    0.512936224695290033E+01    0.562490098038928199E+01    0.157760159336489472E-01    0.343609108664964106E+04   -0.705195633965034840E+01    1
    0.177744846196015871E+01    0.187741070827872001E+02    0.660307606157506299E+01    0.157501661075699316E-01    0.343653061908450627E+04   -0.707195633965035153E+01    1
    0.369523621692902609E+02    0.327956580421481547E+01    0.100014423109611528E+02    0.157377297681924842E-01    0.343674093721596364E+04   -0.709195633965035288E+01    1
    0.322613009293403685E+01    0.205369030280261100E+00    0.422162016513048677E+01    0.157328290683098303E-01    0.343682514791752874E+04   -0.711195633965035245E+01    1
    0.526348499069133791E+01    0.737457517518036809E+01    0.589552616035108112E+01    0.153128987675550075E-01    0.344398378014118498E+04   -0.713195633965035203E+01    1
    0.522602972845738822E+01    0.128255250042456641E+02    0.112618717361561629E+02    0.152771705442326516E-01    0.344458449181483138E+04   -0.715195633965034983E+01    1
    0.155032211578790449E+02    0.704657343757829047E+01    0.716687626650406351E+01    0.147464360773008965E-01    0.345351581290076683E+04   -0.717195633965034851E+01    1
    0.185342555049994573E+02    0.395155935800019176E+01    0.591248050764991984E+01    0.145919397606848848E-01    0.345609509524242139E+04   -0.719195633965035075E+01    1
    0.209917456547295025E+02    0.931233585104899220E+01    0.979750044059680114E+01    0.145024364543417349E-01    0.345758038450814729E+04   -0.721195633965035299E+01    1
    0.909282455126561651E+01    0.196487223729940297E+02    0.918507944342778160E+01    0.144916219847705495E-01    0.345775996711290054E+04   -0.723195633965035256E+01    1
    0.195146777763208377E+02    0.121127556408731358E+02    0.872651290636846966E+01    0.144527504134084571E-01    0.345840493872154593E+04   -0.725195633965035302E+01    1
    0.211687690774104063E+02    0.115972539449537777E+02    0.129757566771717592E+02    0.143195954268260095E-01    0.346060899705613338E+04   -0.727195633965035437E+01    1
    0.326221591609916040E+01    0.107107375792256949E+02    0.868719670897505125E+01    0.141519847998662004E-01    0.346337185567204961E+04   -0.729195633965035395E+01    1
    0.480627940219284877E+01    0.153714404497491186E+01    0.121647606186631663E+02    0.138589338535621831E-01    0.346817039766044991E+04   -0.731195633965035352E+01    1
    0.960023258851562389E+01    0.197753122823101748E+02    0.868745974076491834E+01    0.131539705913727330E-01    0.347953931596897883E+04   -0.733195633965035043E+01    1
    0.727803484284650359E+01    0.969306915026649918E+01    0.854457478831331230E+01    0.127805071607093521E-01    0.348545627980374411E+04   -0.735195633965034823E+01    1
    0.132634539024659706E+02    0.148476364872942987E+02    0.543809085767108780E+01    0.126478511423098322E-01    0.348756510115885749E+04   -0.737195633965034958E+01    1
    0.166429033934348780E+02    0.112720359297313308E+02    0.191778970749761513E+01    0.806466089130595393E-02    0.348960744440316557E+04   -0.739195633965035004E+01    1
    0.185547173438119479E+02    0.153039675810686626E+01    0.734493749163153709E+01    0.124103084453879020E-01    0.349124483554208564E+04   -0.741195633965035050E+01    1
    0.301926706895870751E+02    0.122985242758006876E+02    0.964525996965859633E+01    0.121178085586894427E-01    0.349576200288333303E+04   -0.743195633965035007E+01    1
    0.800241995998242217E+01    0.350115801141809602E+01    0.739634395644416820E+01    0.119946798068819166E-01    0.349764834287744816E+04   -0.745195633965035054E+01    1
    0.295606542811037230E+02    0.467078776395166440E+01    0.200855120436836021E+01    0.990914405138007201E-02    0.351583439543974055E+04   -0.747195633965035100E+01    1
    0.178674521905784474E+02    0.296084909112980377E+01    0.473557833470897283E+01    0.102659934726500451E-01    0.352309858526037078E+04   -0.749195633965035235E+01    1
    0.216190867268114886E+02    0.181460585875870084E+01    0.456994132714691315E+01    0.102154778067731627E-01    0.352380647784021539E+04   -0.751195633965035281E+01    1
    0.949106531819957588E+01    0.880100101145443681E+01    0.729033613122065027E+01    0.101117004404872764E-01    0.352524573678738034E+04   -0.753195633965035150E+01    1
    0.174250479674409320E+02    0.183474658467420415E+01    0.156306050482208203E+02    0.983697293544659457E-02    0.352905668632050038E+04   -0.755195633965035285E+01    1
    0.188444397766506917E+02    0.735673078021360993E+01    0.477670581294510566E+01    0.982991150146233367E-02    0.352920009755290266E+04   -0.757195633965035242E+01    1
    0.238659269992019141E+01    0.293258091994793624E+01    0.180615216376834198E+02    0.944046608545281649E-02    0.353445079131291732E+04   -0.759195633965035110E+01    1
    0.219093819713331683E+01    0.194153345703370572E+01    0.989284124077501126E+01    0.890029624565956065E-02    0.354158571548916416E+04   -0.761195633965035423E+01    1
    0.300413009084660043E+01    0.461186307049619959E+01    0.606362399280561348E+01    0.867883760875719570E-02    0.354443895699479344E+04   -0.763195633965035558E+01    1
    0.781093703925065874E+01    0.125919765176178622E+02    0.846271781925858413E+01    0.863653587290609537E-02    0.354497572532814593E+04   -0.765195633965035427E+01    1
    0.193783589220608086E+02    0.104883262913559978E+02    0.107488983934740538E+02    0.857094146126789400E-02    0.354580875282099078E+04   -0.767195633965035118E+01    1
    0.210772313530987496E+02    0.337756512551691390E+01    0.149918680927282892E+02    0.785425773072389796E-02    0.355464255334095560E+04   -0.769195633965035253E+01    1
    0.479067969001398986E+01    0.596810818314818192E+00    0.179233439668941372E+02    0.782587060758041519E-02    0.355498196782612467E+04   -0.771195633965035210E+01    1
    0.906284515396595580E+01    0.644296142481509992E+01    0.131091359575679860E+02    0.764752085621415219E-02    0.355709545251736608E+04   -0.773195633965035167E+01    1
    0.137846315283314169E+01    0.371027744457566788E+01    0.190858740056024061E+02    0.762695798107919810E-02    0.355733700214297824E+04   -0.775195633965035391E+01    1
    0.857749729231732339E+01    0.319878412207234408E+01    0.500628126496625647E+01    0.756008061832778248E-02    0.355813375592439616E+04   -0.777195633965035348E+01    1
    0.178437368980111657E+02    0.817631721662403876E+01    0.373653815228674491E+01    0.746816051854540513E-02    0.355950263058771270E+04   -0.779195633965035306E+01    1
    0.110698064182663138E+02    0.739251301503409053E+01    0.938281960786300218E+01    0.730738523637332240E-02    0.356103330004629970E+04   -0.781195633965035174E+01    1
    0.860864252934580065E+01    0.811605432291272066E+01    0.194293791050222353E+01    0.220797075144420034E-02    0.356325597325818762E+04   -0.783195633965035132E+01    1
    0.653531095557495334E+00    0.185274300619506915E+01    0.513460700612974996E+01    0.701119844943365930E-02    0.356436250876199119E+04   -0.785195633965035533E+01    1
    0.125263659676243471E+02    0.115716856723345209E+02    0.655677645221796634E+01    0.698692508711591057E-02    0.356463097577513463E+04   -0.787195633965035579E+01    1
    0.207972980494635706E+01    0.128008362243813956E+02    0.111643216527448814E+02    0.659518055003071191E-02    0.356886343191555216E+04   -0.789195633965035537E+01    1
    0.130748992289288903E+02    0.466457635258779924E+01    0.899070964200724987E+01    0.643231272781357149E-02    0.357057102581916206E+04   -0.791195633965035583E+01    1
    0.315502833080923466E+02    0.435294540023050036E+01    0.175747756741190102E+02    0.621425819228349583E-02    0.357280657998656352E+04   -0.793195633965035185E+01    1
    0.160806011223849126E+02    0.592675531329578398E+00    0.498835920830253432E+01    0.605876801191838291E-02    0.357436745964672537E+04   -0.795195633965035142E+01    1
    0.182499367825183256E+01    0.126809922878937051E+02    0.850369571438568883E+01    0.602946013998364398E-02    0.357465483448073746E+04   -0.797195633965035189E+01    1
    0.205300093932207375E+02    0.878527935721380615E+01    0.966703064037161042E+01    0.601081381927498059E-02    0.357483881898833943E+04   -0.799195633965035235E+01    1
    0.313792858280111062E+02    0.188657798876493494E+02    0.911393399499094237E+01    0.580677689288248890E-02    0.357682371505358788E+04   -0.801195633965035192E+01    1
    0.998868333729534541E+01    0.793020486758266863E+00    0.682932433936054295E+01    0.576011709542230844E-02    0.357727007145859443E+04   -0.803195633965034972E+01    1
    0.179096050289143847E+02    0.192295678288999916E+02    0.966236466555216467E+01    0.557340323211926499E-02    0.357902674272221293E+04   -0.805195633965035107E+01    1
    0.282238867233547381E+02    0.122158392322847362E+02    0.208407703629801411E+01    0.120073443494394649E-02    0.357956681716966432E+04   -0.807195633965035420E+01    1
    0.428621824826615239E+01    0.954183187750141926E+01    0.471010555645130591E+01    0.549619798406235285E-02    0.357981299883945940E+04   -0.809195633965035555E+01    1
    0.292483894859301259E+02    0.759122939493177462E+01    0.471165424866741400E+01    0.548050618070760557E-02    0.357994668185505589E+04   -0.811195633965035512E+01    1
    0.115256648384907692E+02    0.114672544597405093E+02    0.179815242277545018E+02    0.538472970260976940E-02    0.358075399633902816E+04   -0.813195633965035292E+01    1
    0.201791283181822649E+02    0.849286696446202072E+01    0.420043148546030309E+01    0.520422277584055553E-02    0.358253880621560756E+04   -0.815195633965035249E+01    1
    0.878556005427910769E+01    0.158898890911078645E+02    0.110110868771268997E+02    0.506044248604052473E-02    0.358360678026360210E+04   -0.817195633965035206E+01    1
    0.138817160897032181E+02    0.123238881616243798E+02    0.364194677698312130E+01    0.491436790515385052E-02    0.358543985072294163E+04   -0.819195633965035341E+01    1
    0.834286621126081762E+01    0.251141527481808069E+00    0.612104356227854751E+01    0.473685086226637887E-02    0.358630215633287253E+04   -0.821195633965035476E+01    1
    0.525170714517116188E+01    0.131459990995502398E+02    0.353539772336554714E+01    0.479259974649150385E-02    0.358636158657553369E+04   -0.823195633965035434E+01    1
    0.151984976412986814E+02    0.577918090811460061E+00    0.774258167611791670E+01    0.468330376588000676E-02    0.358673298471556427E+04   -0.825195633965035569E+01    1
    0.225599385440852274E+01    0.178664782821521158E+02    0.145942567591433150E+02    0.463941469839625198E-02    0.358708296869503511E+04   -0.827195633965035348E+01    1
    0.241563636519100804E+02    0.438337685639184915E+01    0.770469472009211653E+01    0.456504629778694236E-02    0.358766945406728428E+04   -0.829195633965035483E+01    1
    0.188158293848410452E+01    0.307933507056954126E+01    0.128256902748884194E+02    0.435636492269335807E-02    0.358926896334736330E+04   -0.831195633965035618E+01    1
    0.677827319052646438E+01    0.116610643945069512E+02    0.283431846471347804E+01    0.415189278714046123E-02    0.358982174240261929E+04   -0.833195633965035576E+01    1
    0.995210349559462948E+01    0.834203114854929595E+01    0.588846504569007401E+01    0.426928582008272248E-02    0.358992450880989054E+04   -0.835195633965035533E+01    1
    0.242912565208582905E+02    0.143147830272675094E+02    0.357644011887777902E+01    0.435036581125395824E-02    0.359012002440827700E+04   -0.837195633965035313E+01    1
    0.309252390700715694E+02    0.111219587430210431E+02    0.223550453676892413E+01    0.235734123127981105E-02    0.359016201543684974E+04   -0.839195633965035270E+01    1
    0.282683956487547476E+02    0.847792836619050405E+01    0.131316083665355432E+02    0.423488014467954428E-02    0.359016863317373418E+04   -0.841195633965035228E+01    1
    0.171885111864206372E+02    0.442101602727467924E+01    0.123160144288771320E+02    0.418072182453357605E-02    0.359056209888141620E+04   -0.843195633965035363E+01    1
    0.793614717206833120E+01    0.720807642479791255E+01    0.148194407406244988E+02    0.417969153939589094E-02    0.359056953815553425E+04   -0.845195633965035320E+01    1
    0.267855830572965132E+02    0.100808552152177917E+02    0.781680444406963648E+01    0.404492138235057214E-02    0.359152803539361366E+04   -0.847195633965035455E+01    1
    0.122197856701449439E+02    0.486819812149385900E+01    0.320672565126292763E+01    0.409597919630073394E-02    0.359166009799062613E+04   -0.849195633965035412E+01    1
    0.196737002987410747E+01    0.160899503761039409E+01    0.529448694925411445E+01    0.396791236268404478E-02    0.359206651564294771E+04   -0.851195633965035547E+01    1
    0.107701563970756347E+02    0.880293008003347310E+01    0.549444065398676784E+01    0.390154106168023526E-02    0.359253291332721892E+04   -0.853195633965035505E+01    1
    0.108294478072314408E+02    0.121116297416015684E+01    0.621385608255314281E+01    0.385387748600912738E-02    0.359283552488869236E+04   -0.855195633965035285E+01    1
    0.267658525902506028E+02    0.322387439762337902E+01    0.476979217170198133E+01    0.383895883341090188E-02    0.359296015240005863E+04   -0.857195633965035242E+01    1
    0.127146520281131092E+02    0.124199468368767825E+02    0.529026821066876529E+01    0.373786033326758277E-02    0.359363682764167697E+04   -0.859195633965035377E+01    1
    0.330478855614848257E+02    0.692683334682502583E+01    0.633739119489759339E+01    0.368863109376665627E-02    0.359391874502112069E+04   -0.861195633965035512E+01    1
    0.166481790327501464E+02    0.453350526463738124E+01    0.100686906383299242E+02    0.364701703779317030E-02    0.359418076074931878E+04   -0.863195633965035647E+01    1
    0.315328056671332533E+02    0.604963488377451508E+01    0.428257870843625543E+01    0.359411491878377804E-02    0.359463240097400967E+04   -0.865195633965035782E+01    1
    0.110368727133071030E+02    0.109279526887526011E+02    0.282007596716022979E+01    0.355913499720357344E-02    0.359477356576154125E+04   -0.867195633965035384E+01    1
    0.173342731502857745E+02    0.932992836660562475E+01    0.112376216849557853E+02    0.351005940630318407E-02    0.359503122134916566E+04   -0.869195633965035341E+01    1
    0.188029429545872731E+02    0.103748957885180175E+02    0.350344714171114013E+01    0.361084454423161484E-02    0.359511515242915357E+04   -0.871195633965035476E+01    1
    0.150275975171813325E+02    0.120155570812079517E+02    0.117478879251564017E+02    0.347015300673902093E-02    0.359527283660977537E+04   -0.873195633965035611E+01    1
    0.189446175517614961E+02    0.223117251633761171E+00    0.706461541897865519E+01    0.343959715549034106E-02    0.359545595688293770E+04   -0.875195633965035569E+01    1
    0.150543428761381328E+02    0.442711309009377008E+01    0.160888018913781252E+02    0.334908925561831165E-02    0.359598851091688221E+04   -0.877195633965035526E+01    1
    0.176995308207714821E+02    0.144851697107735813E+02    0.103829576115458586E+02    0.325642583091696226E-02    0.359651851006570450E+04   -0.879195633965035483E+01    1
    0.193009761693031550E+02    0.161028036968726198E+02    0.160578153568708615E+02    0.309837760453960352E-02    0.359738631071912732E+04   -0.881195633965035441E+01    1
    0.114903016373878586E+01    0.116404143711152575E+01    0.108570202849291206E+02    0.289674708019884743E-02    0.359842590650613420E+04   -0.883195633965035398E+01    1
    0.163989528590065703E+01    0.969235684906851080E+00    0.293961199451416721E+01    0.273593337787619850E-02    0.359924279796718838E+04   -0.885195633965035533E+01    1
    0.103725561178285979E+02    0.461757929046092475E+01    0.923399878377205674E+01    0.269896500062357173E-02    0.359937032886255929E+04   -0.887195633965035491E+01    1
    0.663426095545192762E+01    0.121455898368148034E+02    0.101159685754793394E+02    0.267113907894368525E-02    0.359949709486403208E+04   -0.889195633965035626E+01    1
    0.161746254046469033E+02    0.268593111717144417E+01    0.705283356109573667E+01    0.259133483220358712E-02    0.359985250693753369E+04   -0.891195633965035761E+01    1
    0.550820710669020563E+01    0.971764560516585973E+01    0.913049534643459637E+01    0.254920814550486062E-02    0.360003459668166761E+04   -0.893195633965035896E+01    1
    0.527787816620207906E+01    0.643323467144779748E+01    0.950005845756289524E+01    0.254821513165195794E-02    0.360003883757184485E+04   -0.895195633965035675E+01    1
    0.133410404598953498E+02    0.145742285691029032E+02    0.114796936340923779E+02    0.245295572763783686E-02    0.360043792374946179E+04   -0.897195633965035633E+01    1
    0.451598370558408035E+01    0.155001835088805908E+02    0.112824079903617598E+02    0.242853558161280122E-02    0.360053728777019933E+04   -0.899195633965035590E+01    1
    0.546091140933035657E+01    0.115325744730912803E+02    0.107306419799426749E+02    0.235629581129927473E-02    0.360082412975873649E+04   -0.901195633965035547E+01    1
    0.149963266177098866E+02    0.348583752482444176E+01    0.168972094297566606E+02    0.232287991846873241E-02    0.360095320353476200E+04   -0.903195633965035682E+01    1
    0.705916528260366860E+01    0.109851845211755217E+01    0.802318205028656095E+01    0.220563450341345300E-02    0.360138787212752413E+04   -0.905195633965035817E+01    1
    0.221173253794839653E+01    0.592870229941618021E+01    0.129334903796866652E+02    0.214497518575640107E-02    0.360160148148330518E+04   -0.907195633965035952E+01    1
    0.650472363200451831E+01    0.703486216390138530E+01    0.789261538621485848E+01    0.210236515148023734E-02    0.360174708769896552E+04   -0.909195633965035555E+01    1
    0.103719012199887750E+01    0.149359603717078588E+02    0.402461382707642201E+01    0.215373014138381912E-02    0.360184965177112872E+04   -0.911195633965035512E+01    1
    0.802585399757137274E+01    0.843778946534187568E+01    0.712313583321992816E+01    0.205835566737053253E-02    0.360189396532419960E+04   -0.913195633965035647E+01    1
    0.242347209930303720E+01    0.116474631066784262E+02    0.590227815335302797E+01    0.200507093384594878E-02    0.360207712435870826E+04   -0.915195633965035960E+01    1
    0.173200912731868470E+02    0.726278630519844359E+01    0.171017955953641021E+02    0.196886339827211272E-02    0.360217758168412001E+04   -0.917195633965036095E+01    1
    0.204380778423926337E+02    0.127958170608124355E+02    0.155683156916042513E+02    0.191098915006632404E-02    0.360235238143605147E+04   -0.919195633965036052E+01    1
    0.108794739496662913E+02    0.756409495009004296E+01    0.858602043401598358E+01    0.190656542671843472E-02    0.360236549112069406E+04   -0.921195633965035832E+01    1
    0.403549451424931362E+02    0.943568703670953468E+01    0.331429695903446353E+01    0.218285297182412713E-02    0.360243615858085741E+04   -0.923195633965035434E+01    1
    0.311704072015500984E+02    0.436374236175149388E+01    0.731274269920651676E+01    0.188216226541444882E-02    0.360243702697208801E+04   -0.925195633965035391E+01    1
    0.121326242900612424E+02    0.177614958510366350E+00    0.524321942108292571E+01    0.182876550643012222E-02    0.360258884024321924E+04   -0.927195633965035526E+01    1
    0.271442292903141436E+02    0.142815754973542006E+02    0.132760188462375943E+02    0.182350269715220430E-02    0.360260278934128473E+04   -0.929195633965035661E+01    1
    0.195806406769359782E+02    0.866977899674321861E+01    0.842629893284421527E+01    0.182004544401698047E-02    0.360261241064101614E+04   -0.931195633965035974E+01    1
    0.583618709725503493E+01    0.622037772728583960E+01    0.594437886467898391E+01    0.181946632636057707E-02    0.360262010473950295E+04   -0.933195633965035576E+01    1
    0.221744451684390782E+02    0.139877813108948601E+02    0.259439157737201640E+02    0.178312398656575288E-02    0.360271270159847518E+04   -0.935195633965035533E+01    1
    0.209982995618441493E+02    0.114290568933096619E+02    0.482426576000468277E+01    0.174717661883466539E-02    0.360289627218933401E+04   -0.937195633965035491E+01    1
    0.549690757847378375E+01    0.123147026322379514E+02    0.323574644971996772E+01    0.197535586455788344E-02    0.360300399295006810E+04   -0.939195633965035448E+01    1
    0.113470894130166116E+02    0.117763438276781880E+02    0.636700775076167069E+01    0.157784621722739920E-02    0.360322044016731024E+04   -0.941195633965035405E+01    1
    0.239695913348856635E+02    0.162119629777053831E+02    0.600202136131468666E+01    0.157467760420945246E-02    0.360323586143000739E+04   -0.943195633965035363E+01    1
    0.532779359728470947E+01    0.696494209461484459E+01    0.836162210598585709E+01    0.154165758964132805E-02    0.360329418785106554E+04   -0.945195633965035498E+01    1
    0.827414437488266330E+01    0.265344578770905386E+02    0.106159818392706384E+02    0.152113246589989735E-02    0.360333746510629135E+04   -0.947195633965035810E+01    1
    0.936253661307553209E+01    0.420013082495705348E+01    0.464886460218003528E+01    0.148784373460180298E-02    0.360345277701124724E+04   -0.949195633965035945E+01    1
    0.189242414782314654E+02    0.120257712085686563E+02    0.318660069031816873E+01    0.196117197583674848E-02    0.360345497175936907E+04   -0.951195633965035725E+01    1
    0.181822617658779393E+02    0.129010045419989563E+02    0.778822219211092293E+01    0.142760172862231756E-02    0.360352309576394737E+04   -0.953195633965035860E+01    1
    0.172174963410760355E+02    0.186798857888940617E+02    0.751557559330715730E+01    0.141612039234408765E-02    0.360354496749011150E+04   -0.955195633965035817E+01    1
    0.192498192939551060E+00    0.163193067187212204E+01    0.127309824270546219E+02    0.138131536610380887E-02    0.360360694403378966E+04   -0.957195633965035775E+01    1
    0.243932715402748350E+02    0.162897820568244356E+02    0.995199030219699132E+01    0.136256495087878210E-02    0.360363964286308101E+04   -0.959195633965035732E+01    1
    0.436285943268578009E+02    0.134971352539789944E+02    0.121298462787049441E+02    0.135957202781752159E-02    0.360364477820289812E+04   -0.961195633965035867E+01    1
    0.209103679029907070E+02    0.165895764380043857E+02    0.466987511315064641E+01    0.143210734688400693E-02    0.360368709385531201E+04   -0.963195633965035825E+01    1
    0.413534306535604568E+01    0.131734576083472739E+02    0.176311619184076349E+02    0.260317780617124253E-04    0.360372098738585873E+04   -0.965195633965035960E+01    1
    0.108852613785704637E+02    0.905133888344425586E+01    0.719683887820934132E+01    0.131184251133920028E-02    0.360372475925636718E+04   -0.967195633965035739E+01    1
    0.276819676607180476E+01    0.342750401122541115E+01    0.392852520910641578E+01    0.135381876415249878E-02    0.360378777062257996E+04   -0.969195633965035697E+01    1
    0.294267871460246582E+02    0.834318478671518449E+01    0.111984514369579919E+02    0.124753396491750863E-02    0.360382213159198727E+04   -0.971195633965035654E+01    1
    0.117989052805466414E+02    0.627098885717947585E+01    0.114653560396560472E+02    0.102631721289997511E-03    0.360384330707736535E+04   -0.973195633965035789E+01    1
    0.372850429179134402E+01    0.117197560519125883E+02    0.724104842414551442E+01    0.103413717707491210E-03    0.360384556179278661E+04   -0.975195633965035746E+01    1
    0.291426289696615815E+01    0.933364704408110146E+00    0.651691280913456339E+01    0.123015856800259447E-02    0.360384731028166198E+04   -0.977195633965035526E+01    1
    0.917209093844428125E+01    0.839951017734775718E+01    0.611087803227161341E+01    0.138497852222272799E-03    0.360390122554054278E+04   -0.979195633965035661E+01    1
    0.501841217610349855E+01    0.824804877780479906E+01    0.532837689732200559E+01    0.142654351211646442E-03    0.360392876194600603E+04   -0.981195633965035796E+01    1
    0.409612869506945074E+02    0.853159375619284077E+01    0.158885939315429709E+02    0.176388981451486467E-03    0.360394569559107731E+04   -0.983195633965035753E+01    1
    0.767136856571539738E+01    0.172735801163962783E+02    0.629856617129140783E+01    0.188208067836624377E-03    0.360396980003558383E+04   -0.985195633965035888E+01    1
    0.160732534235101774E+02    0.523746484760470921E+00    0.561912949960675157E+01    0.197857923176897408E-03    0.360397364569221736E+04   -0.987195633965036023E+01    1
    0.168784047946022753E+01    0.108274151301154351E+02    0.414931040359868852E+01    0.131142355737659186E-02    0.360398031882069699E+04   -0.989195633965035981E+01    1
    0.368264192130052592E+02    0.907429508957528697E+01    0.865607803790390129E+01    0.111728040982061018E-02    0.360399087201657858E+04   -0.991195633965035761E+01    1
    0.243781445110304560E+02    0.984132906868317647E+01    0.198751744778070645E+02    0.109105441506979076E-02    0.360401985752302699E+04   -0.993195633965035718E+01    1
    0.302653406386400992E+01    0.452927357869423730E+01    0.188752733006552518E+02    0.272499529668578794E-03    0.360405671158344467E+04   -0.995195633965035853E+01    1
    0.358073728215079523E+01    0.297900905573884600E-01    0.112728980959747638E+02    0.104859485595091900E-02    0.360406332078018841E+04   -0.997195633965035810E+01    1
    0.233618527873778952E+02    0.159321914335492387E+02    0.940773791551338512E+01    0.104035928751762454E-02    0.360407126231816255E+04   -0.999195633965035945E+01    1
    0.139796285224141332E+02    0.379801358567035807E+01    0.380323681831652927E+01    0.121022911815712184E-02    0.360407649764792495E+04   -0.100119563396503626E+02    1
    0.128625401635873864E+02    0.180306145435210841E+01    0.590808583154807643E+01    0.100590840011601434E-02    0.360410446951185440E+04   -0.100319563396503622E+02    1
    0.408368633162686194E+02    0.809031421747480906E+01    0.128673887058705088E+02    0.322706866033722894E-03    0.360410472610408306E+04   -0.100519563396503600E+02    1
    0.125199666102761693E+02    0.388812907503649763E+01    0.237099415188531140E+02    0.984446814211664602E-03    0.360412063839221537E+04   -0.100719563396503577E+02    1
    0.328183190776819202E+02    0.114768688559462007E+02    0.534672357274594212E+01    0.309638389270992711E-03    0.360412709541897721E+04   -0.100919563396503591E+02    1
    0.179370943880337563E+02    0.169085080691210550E+02    0.593735517138854529E+01    0.992086289499215929E-03    0.360413074054245681E+04   -0.101119563396503640E+02    1
    0.542581814390680606E+01    0.107080672619973605E+02    0.145863435177061405E+02    0.368274013123516195E-03    0.360414242665143047E+04   -0.101319563396503618E+02    1
    0.286459415282580494E+02    0.130898159364903144E+02    0.110195168981464704E+02    0.955886293019037828E-03    0.360414290702637800E+04   -0.101519563396503578E+02    1
    0.135943018686331278E+02    0.147018454157612553E+02    0.678149393285061031E+01    0.369179157288580025E-03    0.360414605509201965E+04   -0.101719563396503592E+02    1
    0.143354262177662193E+02    0.117580126027194467E+02    0.873309678014398472E+01    0.948632255087802911E-03    0.360414829658455619E+04   -0.101919563396503605E+02    1
    0.146395568687279294E+02    0.102225868172382590E+02    0.545556762382069405E+01    0.981098805159874229E-03    0.360414845058051560E+04   -0.102119563396503601E+02    1
    0.954376411639583111E+01    0.498215413515277916E+01    0.139919122963659035E+02    0.938249421214442172E-03    0.360415565178957650E+04   -0.102319563396503597E+02    1
    0.134318381206737953E+02    0.620808556276511148E+01    0.127893418962426342E+02    0.387747839236019139E-03    0.360415684207281902E+04   -0.102519563396503592E+02    1
    0.153587868466787043E+02    0.111439701448922754E+02    0.113210369401861541E+02    0.928687441928083193E-03    0.360416224044398541E+04   -0.102719563396503624E+02    1
    0.141693552148452362E+01    0.443589273690795682E+01    0.126149435765439826E+02    0.923175241287509107E-03    0.360416593509839277E+04   -0.102919563396503619E+02    1
    0.104064237501084058E+02    0.875869090241311454E+01    0.125479697427742920E+02    0.403437625370439441E-03    0.360416772013543095E+04   -0.103119563396503597E+02    1
    0.300072472611251673E+01    0.519948984268234149E+01    0.826025549731524222E+01    0.892121268487537818E-03    0.360418541123723890E+04   -0.103319563396503593E+02    1
    0.165517588483423062E+02    0.111906549192426263E+01    0.160726671367467944E+02    0.431529457916935647E-03    0.360418556020026062E+04   -0.103519563396503589E+02    1
    0.448827531276880265E+02    0.119212450258288314E+02    0.629597959441285937E+01    0.423723034262230187E-03    0.360418648738681713E+04   -0.103719563396503585E+02    1
    0.369754056256048784E+02    0.207716691925201768E+01    0.702753405925310126E+01    0.886037688733540361E-03    0.360418910391553254E+04   -0.103919563396503580E+02    1
    0.339850531877696653E+02    0.859112209315481046E+01    0.737986748653148794E+01    0.461531178531135022E-03    0.360420281576916250E+04   -0.104119563396503576E+02    1
    0.860353739172889753E+01    0.583779627138963875E+01    0.895181167340723505E+01    0.465171398327601272E-03    0.360420419029177992E+04   -0.104319563396503590E+02    1
    0.130471363676400820E+01    0.972434536022524121E+01    0.115735655919836748E+02    0.856663092015381988E-03    0.360420456276134792E+04   -0.104519563396503603E+02    1
    0.111969177562711764E+02    0.458928103457955050E+01    0.808699067414478279E+01    0.855782607000873854E-03    0.360420507551394257E+04   -0.104719563396503599E+02    1
    0.293489970279338053E+02    0.407482963482968419E+01    0.865880220555039770E+01    0.851145726619395929E-03    0.360420729162368707E+04   -0.104919563396503612E+02    1
    0.719131131349449326E+01    0.710594449144892337E+00    0.580991333151650480E+01    0.835109217364345385E-03    0.360421564069426040E+04   -0.105119563396503608E+02    1
    0.275506256932944993E+02    0.264246566895195611E+01    0.492831702141672068E+01    0.463086257231785491E-03    0.360422070546770919E+04   -0.105319563396503586E+02    1
    0.614959316278099788E+01    0.193959957655240434E+01    0.551037379477154410E+01    0.827751969674011927E-03    0.360422242095382990E+04   -0.105519563396503617E+02    1
    0.368472279644850076E+01    0.473386988125898078E+01    0.824976601863705206E+01    0.814708073552829117E-03    0.360422330301750617E+04   -0.105719563396503577E+02    1
    0.262310650160348260E+02    0.911824999804725955E+01    0.155606308339200350E+02    0.525081026387495646E-03    0.360422992363481990E+04   -0.105919563396503609E+02    1
    0.129998645632490089E+02    0.244275807861711369E+01    0.633441857082759174E+01    0.530178514838994860E-03    0.360423282619974088E+04   -0.106119563396503622E+02    1
    0.283534179210279049E+02    0.983875687483142336E+01    0.431338452174017917E+01    0.107950276488002388E-02    0.360423379690359980E+04   -0.106319563396503600E+02    1
    0.128364220718003335E+02    0.880007441003541402E+01    0.557013891723215693E+01    0.828362833385952717E-03    0.360423523186446164E+04   -0.106519563396503596E+02    1
    0.481739075376139354E+02    0.811308754732253767E+01    0.160995086091277457E+02    0.543772444084427743E-03    0.360423603091552832E+04   -0.106719563396503592E+02    1
    0.220540234351273625E+02    0.641932918443555778E+01    0.144486487022472385E+02    0.551405041141972245E-03    0.360423826227057543E+04   -0.106919563396503587E+02    1
    0.322487434390588135E+02    0.102499091041021302E+02    0.980138474438084550E+01    0.552370725441932598E-03    0.360423853957638448E+04   -0.107119563396503583E+02    1
    0.234235057124503925E+02    0.127428936366380849E+02    0.770906840850842912E+01    0.766557301337328096E-03    0.360423962256291270E+04   -0.107319563396503597E+02    1
    0.340732228244856117E+02    0.331706734013135218E-01    0.248728792502204721E+01    0.497207967308118965E-03    0.360423999664905296E+04   -0.107519563396503610E+02    1
    0.557843889155873374E+01    0.712213907680604486E+01    0.509611942294889353E+01    0.465336711797721680E-03    0.360424100099528732E+04   -0.107719563396503588E+02    1
    0.251783861640308544E+02    0.116027088300266357E+02    0.163142263158594005E+02    0.562579329801356047E-03    0.360424125488714117E+04   -0.107919563396503584E+02    1
    0.114887460656676463E+02    0.336735455437718922E+01    0.696046485484074040E+01    0.567925441008828788E-03    0.360424305275721326E+04   -0.108119563396503615E+02    1
    0.378717874284068223E+01    0.221513445473430748E+01    0.549564895531871667E+01    0.550656945381244271E-03    0.360424351434069195E+04   -0.108319563396503646E+02    1
    0.118293748436583073E+02    0.576913066590376911E+01    0.108970207605161633E+02    0.576727665779138386E-03    0.360424457778257056E+04   -0.108519563396503624E+02    1
    0.126636938105426076E+02    0.175949257479697359E+02    0.107681254912648789E+02    0.579818250382465369E-03    0.360424523549953756E+04   -0.108719563396503620E+02    1
    0.231302196614963158E+02    0.109940108346105809E+02    0.213589557425767502E+02    0.739256855018036174E-03    0.360424566076231713E+04   -0.108919563396503634E+02    1
    0.701609185753005526E+01    0.560051773477854287E+01    0.437319271967931300E+01    0.359441234240732987E-03    0.360424639680619748E+04   -0.109119563396503629E+02    1
    0.535341677130323923E+01    0.132228940515256355E+00    0.619736289301098342E+01    0.586695221348017097E-03    0.360424669083550452E+04   -0.109319563396503607E+02    1
    0.249023945848515673E+02    0.114380842699765282E+02    0.103300640892625584E+02    0.732503711821264492E-03    0.360424696621479143E+04   -0.109519563396503621E+02    1
    0.199168897695188818E+02    0.100432223998729420E+02    0.644967411528363321E+01    0.747845426706315701E-03    0.360424749708667150E+04   -0.109719563396503617E+02    1
    0.754614509610307849E+00    0.106151237346526521E+02    0.784695140119419055E+01    0.592828677321214845E-03    0.360424805622791882E+04   -0.109919563396503612E+02    1
    0.973769686116708222E+01    0.319915932593150387E+01    0.124813543416385819E+02    0.597417808529222567E-03    0.360424849914117385E+04   -0.110119563396503608E+02    1
    0.171527516709598835E+02    0.226940447032166004E+01    0.165331980472895843E+02    0.597890099604473767E-03    0.360424857568120569E+04   -0.110319563396503604E+02    1
    0.109436863609202017E+02    0.165830724844784463E+02    0.101343147351837821E+02    0.720533073966536652E-03    0.360424899374902407E+04   -0.110519563396503617E+02    1
    0.137381290158315643E+02    0.156450228538051821E+02    0.730015624176932132E+01    0.726538551922180365E-03    0.360424916526779452E+04   -0.110719563396503613E+02    1
    0.208064881196412230E+02    0.325754131569960537E+01    0.123566255253729445E+02    0.603160472197758913E-03    0.360424939072363304E+04   -0.110919563396503609E+02    1
    0.198683848546027484E+02    0.173814872716565239E+01    0.983580528191793491E+01    0.605196346369628411E-03    0.360424968722975882E+04   -0.111119563396503622E+02    1
    0.488661915123813007E+01    0.363413420432658985E+01    0.145091771210543481E+02    0.607024756299132107E-03    0.360424994256446644E+04   -0.111319563396503654E+02    1
    0.170861390682080803E+02    0.723387118417594621E+01    0.143962845950881526E+02    0.608863573395763882E-03    0.360425019158493433E+04   -0.111519563396503649E+02    1
    0.114786272763565549E+02    0.879546414269398724E-01    0.124542585642783052E+02    0.611558586217512360E-03    0.360425054073834781E+04   -0.111719563396503645E+02    1
    0.305175760076442586E+02    0.890734231872495563E+00    0.957854787580517097E+01    0.614486581801242625E-03    0.360425089955140265E+04   -0.111919563396503658E+02    1
    0.157689849986677757E+02    0.252743523460233899E+01    0.769372577590967044E+01    0.702529261206553696E-03    0.360425143121966630E+04   -0.112119563396503654E+02    1
    0.292839985635247189E+02    0.882047521304814452E+01    0.881768574346118506E+01    0.696243670489882834E-03    0.360425200599230811E+04   -0.112319563396503614E+02    1
    0.206855556941083307E+02    0.835350500768533166E+01    0.943162608062480956E+01    0.688857427896265480E-03    0.360425259106331623E+04   -0.112519563396503610E+02    1
    0.354641214692682372E+01    0.180469541123338715E+02    0.848392061941282449E+01    0.689301455645488156E-03    0.360425270528251667E+04   -0.112719563396503606E+02    1
    0.422982838906538472E+01    0.972075723166449635E+01    0.122636423843661149E+02    0.686620461052480681E-03    0.360425273789377479E+04   -0.112919563396503602E+02    1
    0.157610253698582472E+02    0.101979393557599636E+02    0.109951772054627508E+02    0.684246911232770996E-03    0.360425289073065051E+04   -0.113119563396503633E+02    1
    0.245893826283640067E+02    0.496363321892994858E+01    0.110367741218511366E+02    0.643361487084062166E-03    0.360425324345962690E+04   -0.113319563396503629E+02    1
    0.205600681763404438E+02    0.543295601088697566E+00    0.153256071889480232E+02    0.645662141980400499E-03    0.360425333746840988E+04   -0.113519563396503624E+02    1
    0.137787297123973076E+02    0.112872691753074825E+02    0.117203772850297820E+02    0.672023542254755746E-03    0.360425344579433386E+04   -0.113719563396503602E+02    1
    0.100257170035762648E+02    0.160899165085383977E+01    0.100046249398564537E+02    0.650525440262255360E-03    0.360425349257585822E+04   -0.113919563396503616E+02    1
    0.922250294771526313E+01    0.969850966641797640E+01    0.150913628795468338E+02    0.669648957764048744E-03    0.360425350907190750E+04   -0.114119563396503612E+02    1
    0.721457408423844893E+01    0.980028200506598957E+01    0.859427273286068605E+01    0.649892003653858904E-03    0.360425353953124431E+04   -0.114319563396503625E+02    1
    0.347321500892843886E+02    0.868912178909675958E+01    0.837998928032765811E+01    0.669666927941371063E-03    0.360425358421170586E+04   -0.114519563396503639E+02    1
    0.735347101633464639E+01    0.720830257228291948E+01    0.592300097379461832E+01    0.701768374599628843E-03    0.360425906980042873E+04   -0.114719563396503617E+02    1
    0.162494588116807392E+02    0.703005156845112822E+01    0.588487549768033880E+01    0.682539594380838187E-03    0.360426064101712745E+04   -0.114919563396503612E+02    1
    0.249518518865514558E+02    0.113279098297185108E+02    0.551390312657477644E+01    0.563034582924283947E-03    0.360426597364806685E+04   -0.115119563396503626E+02    1
    0.293870121884860609E+02    0.207087849878269878E+02    0.587938690980864553E+01    0.586896966600389952E-03    0.360426880947052496E+04   -0.115319563396503639E+02    1
    0.133783259010154509E+02    0.793344930798256520E+01    0.499538694434032671E+01    0.804393089241023460E-03    0.360427422668634927E+04   -0.115519563396503635E+02    1
    0.359258547353955251E+02    0.106770875591872834E+02    0.442844672419148822E+01    0.310044822064103626E-03    0.360427431895201380E+04   -0.115719563396503631E+02    1
    0.281989414596191494E+02    0.765392854485191609E+01    0.521367691768895458E+01    0.597685939371085401E-03    0.360427789478723389E+04   -0.115919563396503627E+02    1
    0.954956709728926434E+01    0.540467521914452487E+01    0.496219785211320641E+01    0.739179522080283917E-03    0.360428043439357316E+04   -0.116119563396503622E+02    1
    0.899659081522049320E+01    0.168889571815888857E+02    0.508322138634307930E+01    0.872779530842221919E-03    0.360428185909188460E+04   -0.116319563396503636E+02    1
    0.157722567794301476E+02    0.105216161947184474E+02    0.523423968719018706E+01    0.745527261772265491E-03    0.360428383054905999E+04   -0.116519563396503649E+02    1
    0.822806207030736125E+01    0.216148360742620866E+02    0.532473438577386293E+01    0.829473792276177232E-03    0.360428713815751689E+04   -0.116719563396503663E+02    1
    0.102480175766982473E+02    0.106513403591838429E+01    0.341635253408480111E+01    0.916814769217616857E-03    0.360428811631744975E+04   -0.116919563396503641E+02    1
    0.240255983424909765E+02    0.153802831838716596E+02    0.543393730811102937E+01    0.640148054466218967E-03    0.360429193476139608E+04   -0.117119563396503636E+02    1
    0.165743331226715966E+02    0.397154736384548546E+01    0.472693790794546942E+01    0.671018109741505168E-03    0.360429260594149946E+04   -0.117319563396503650E+02    1
    0.170920605907743663E+02    0.371301215741447610E+01    0.394911460642551537E+01    0.365711437969337781E-03    0.360429911599818479E+04   -0.117519563396503663E+02    1
    0.256276801512363051E+01    0.384514503429288634E+01    0.378274438433671634E+01    0.100052636530465746E-02    0.360430120798739517E+04   -0.117719563396503641E+02    1
    0.203304499146016937E+02    0.944808928687382377E+01    0.487844412483517331E+01    0.532997857112336298E-03    0.360430202131201349E+04   -0.117919563396503619E+02    1
    0.158374237986374968E+02    0.700099935495446601E+01    0.443866149959213452E+01    0.437328076698768713E-03    0.360430830430797778E+04   -0.118119563396503633E+02    1
    0.939901343135411693E+01    0.632364285433721740E+01    0.429678130891361398E+01    0.913021999413939599E-03    0.360431137616344722E+04   -0.118319563396503664E+02    1
    0.326258892290923015E+02    0.569277762910479979E+01    0.461985415820024237E+01    0.584275454954687190E-03    0.360431348187791082E+04   -0.118519563396503660E+02    1
    0.215492133965126769E+02    0.282831761315283625E+01    0.423340635300845491E+01    0.735793372393180739E-03    0.360431631232751988E+04   -0.118719563396503673E+02    1
    0.239821414021463433E+02    0.189942285958858399E+02    0.502256512825385570E+01    0.837868722442985502E-03    0.360431736808939195E+04   -0.118919563396503651E+02    1
    0.529379027153159321E+01    0.934001918015837873E+01    0.481618241641824163E+01    0.548874965144737978E-03    0.360431828268897380E+04   -0.119119563396503629E+02    1
    0.757063706068332376E+01    0.721265187081231041E+01    0.469108395403285705E+01    0.646871161904597185E-03    0.360433117782021282E+04   -0.119319563396503643E+02    1
    0.689413912029251108E+01    0.825448378652617620E+01    0.434279208625551405E+01    0.922948671511011117E-03    0.360433207627480215E+04   -0.119519563396503639E+02    1
    0.150958095692920367E+02    0.386206391375345071E+01    0.417268360575883968E+01    0.584191933233781449E-03    0.360435437166545671E+04   -0.119719563396503634E+02    1
    0.224451274811481483E+01    0.312864453559930134E+01    0.284688146760174376E+01    0.105190557966434398E-02    0.360437000876135244E+04   -0.119919563396503648E+02    1
    0.687925697455198382E+01    0.147283487501420325E+02    0.450680532889908214E+01    0.914970713570298095E-03    0.360438834129716997E+04   -0.120119563396503644E+02    1
    0.214158267716921955E+02    0.361338517799445613E+01    0.329917455414581307E+01    0.144197170584338310E-03    0.360439732552501482E+04   -0.120319563396503657E+02    1
    0.292847137537534579E+02    0.159142604442552908E+02    0.462150617956289445E+01    0.835791002171805929E-03    0.360439843040565211E+04   -0.120519563396503653E+02    1
    0.294348618922263014E+02    0.960521948102906364E+01    0.439640153120953503E+01    0.783355416559321227E-03    0.360440516617847970E+04   -0.120719563396503631E+02    1
    0.315518978582007037E+02    0.133619278443529321E+02    0.459806668492769877E+01    0.695331141817071095E-03    0.360441455431120312E+04   -0.120919563396503627E+02    1
    0.103807842736180849E+02    0.921985768799319150E+00    0.312018145438937156E+01    0.734522356505182186E-03    0.360442039046936679E+04   -0.121119563396503640E+02    1
    0.222400110542466471E+02    0.112543257131280399E+02    0.422372202044217815E+01    0.366133928974325239E-03    0.360442138995269397E+04   -0.121319563396503671E+02    1
    0.231629957090126126E+02    0.159678933686029856E+01    0.343030698558355374E+01    0.621703267547015284E-03    0.360442730952173770E+04   -0.121519563396503685E+02    1
    0.355068823384351120E+02    0.180698414973655055E+02    0.433314154796994178E+01    0.296808912306965184E-03    0.360444079852106688E+04   -0.121719563396503698E+02    1
    0.285471942791295490E+02    0.252598444626206060E+02    0.399621975435212340E+01    0.138306804892196836E-02    0.360444465569934982E+04   -0.121919563396503694E+02    1
    0.146995469471267253E+02    0.182970084945591935E+02    0.406468577851203783E+01    0.120577040296937065E-02    0.360444793875980758E+04   -0.122119563396503654E+02    1
    0.219578968928561409E+02    0.680774727415769121E+01    0.369736545103086200E+01    0.220847331953903311E-03    0.360444873945357176E+04   -0.122319563396503632E+02    1
    0.244874082244013280E+02    0.775112806226285045E+01    0.382518666398398643E+01    0.104677309212659886E-02    0.360445257606991254E+04   -0.122519563396503628E+02    1
    0.122393548005247883E+02    0.866581791381601896E+01    0.267563073323507039E+01    0.115161757819084564E-02    0.360447023268937028E+04   -0.122719563396503641E+02    1
    0.333936389317737721E+02    0.214604095081769941E+02    0.456612407564178913E+01    0.450793282855742848E-03    0.360447251726090735E+04   -0.122919563396503637E+02    1
    0.345367391650053079E+01    0.897973132549655517E+01    0.368048137357552640E+01    0.158960547324072440E-03    0.360448202712788452E+04   -0.123119563396503633E+02    1
    0.189490397296895665E+02    0.968375273473287379E+01    0.405849873954576346E+01    0.925436871940930449E-03    0.360448417260027236E+04   -0.123319563396503646E+02    1
    0.235319079901435622E+02    0.172524898949274359E+02    0.454695545034893023E+01    0.655877472395484298E-03    0.360448508015235620E+04   -0.123519563396503660E+02    1
    0.290089065386792768E+02    0.169038803599437415E+01    0.310731198100391381E+01    0.922637246747690012E-03    0.360448538764487148E+04   -0.123719563396503656E+02    1
    0.159400167174751211E+02    0.583812726750592148E+00    0.245751961842792710E+01    0.875238625307671065E-03    0.360451350627211104E+04   -0.123919563396503669E+02    1
    0.118463885223984491E+02    0.158681326830524352E+02    0.435399838514737514E+01    0.812348591834564926E-03    0.360453049308351910E+04   -0.124119563396503665E+02    1
    0.331879780262415647E+01    0.133547151981457830E+02    0.375887226441475386E+01    0.116253921751483099E-02    0.360454917412915347E+04   -0.124319563396503661E+02    1
    0.167950395802065060E+02    0.154518345340329564E+02    0.422562440301910769E+01    0.878935880071737233E-03    0.360456507466954645E+04   -0.124519563396503656E+02    1
    0.164084965802420939E+02    0.422374851366107151E+01    0.313747609347066003E+01    0.116708073644775871E-02    0.360459739725379313E+04   -0.124719563396503652E+02    1
    0.112659168868697552E+02    0.111284649177768351E+02    0.340357278505396588E+01    0.136879877758447517E-02    0.360459834688288447E+04   -0.124919563396503630E+02    1
    0.294006629195512481E+01    0.507540602549375119E+01    0.335179785515704109E+01    0.312932062893026431E-03    0.360461512402191784E+04   -0.125119563396503644E+02    1
    0.275013104821859287E+02    0.103023617958418718E+02    0.326766736081481879E+01    0.144971757640666946E-02    0.360462039367583338E+04   -0.125319563396503675E+02    1
    0.308173071982123972E+02    0.785728545302301562E+01    0.344210908927140302E+01    0.101258426761022258E-03    0.360462955718013473E+04   -0.125519563396503688E+02    1
    0.220356910645239523E+02    0.498363105204879009E+01    0.358665753216479777E+01    0.773661259958017926E-03    0.360463004531026581E+04   -0.125719563396503684E+02    1
    0.196236030058297573E+01    0.133970260687297706E+02    0.387432221605558791E+01    0.945369453652605222E-03    0.360463761773250371E+04   -0.125919563396503662E+02    1
    0.195669027014252528E+02    0.188608135243849908E+02    0.353173946129347716E+01    0.149920166699014489E-02    0.360464942180891876E+04   -0.126119563396503658E+02    1
    0.939633010749766484E+01    0.774998558590644215E+01    0.362544339075890365E+01    0.988126507753486587E-03    0.360465399267057910E+04   -0.126319563396503654E+02    1
    0.308551388512667231E+02    0.653816388797328862E+01    0.348327375613011947E+01    0.104755857336277141E-02    0.360465528122714022E+04   -0.126519563396503649E+02    1
    0.172807325768154740E+02    0.103720350010627591E+02    0.375741102467147270E+01    0.101909938161306220E-02    0.360466157201066926E+04   -0.126719563396503698E+02    1
    0.187779014009419853E+02    0.122390889748138925E+02    0.400673073559525328E+01    0.803185323601203222E-03    0.360466775170708524E+04   -0.126919563396503712E+02    1
    0.316394932352996605E+02    0.873597384980580571E+01    0.355116291928479821E+01    0.108424738131396086E-02    0.360471192544502628E+04   -0.127119563396503672E+02    1
    0.163011974574647915E+02    0.203522329068332253E+01    0.242301761113852132E+01    0.109762008959789908E-02    0.360475528806207831E+04   -0.127319563396503650E+02    1
    0.266440784829570205E+02    0.362002520262832972E+01    0.273879238550109028E+01    0.125991451267069279E-02    0.360475879946776240E+04   -0.127519563396503681E+02    1
    0.139090745595265339E+02    0.898884039176122940E+01    0.282076922955522447E+01    0.131476696484319122E-02    0.360478781801576497E+04   -0.127719563396503695E+02    1
    0.415309933424951083E+02    0.372556469029754700E+01    0.265341376638121718E+01    0.130687997629809873E-02    0.360478995710093568E+04   -0.127919563396503690E+02    1
    0.426016106145189895E+02    0.619772455542688849E+01    0.335467540743011039E+01    0.101319018484519576E-02    0.360479170006960521E+04   -0.128119563396503651E+02    1
    0.227671153483775086E+02    0.184662762708303703E+02    0.401113655293284133E+01    0.382470980612613018E-03    0.360480461720411222E+04   -0.128319563396503664E+02    1
    0.371480915514976076E+02    0.863380321337120193E+01    0.308156890634662073E+01    0.141032021920266780E-02    0.360480636642927357E+04   -0.128519563396503695E+02    1
    0.505340361233241264E+01    0.992166595446654043E+01    0.344250419602250179E+01    0.201493255729583848E-03    0.360484290116391685E+04   -0.128719563396503673E+02    1
    0.388541446898640928E+02    0.763458152267674528E+01    0.351746389815380711E+01    0.853269264898478836E-03    0.360485685559125523E+04   -0.128919563396503669E+02    1
    0.576787065309848401E+01    0.314185663014175853E+01    0.294423143849923097E+01    0.520169171667228189E-03    0.360486226346854619E+04   -0.129119563396503683E+02    1
    0.700692600648947206E+01    0.908014409315081927E+01    0.345829514370373126E+01    0.988370802578280444E-03    0.360487941731434012E+04   -0.129319563396503678E+02    1
    0.225089545599897818E+02    0.649297526498106947E+01    0.343368013663700467E+01    0.520086581214116231E-03    0.360488449661767936E+04   -0.129519563396503656E+02    1
    0.241540700007548210E+02    0.133515329997508108E+02    0.374283424589822156E+01    0.347813139890142640E-03    0.360488867872866103E+04   -0.129719563396503670E+02    1
    0.118818337058067556E+02    0.876726678947610871E+01    0.349426163995205208E+01    0.938370877030113466E-03    0.360489577577496038E+04   -0.129919563396503666E+02    1
    0.270470981283092016E+02    0.201976750443567568E+02    0.395786825884630256E+01    0.946289023621665719E-03    0.360490026293717074E+04   -0.130119563396503661E+02    1
    0.466380979397188788E+01    0.806054250325514943E+01    0.316361939495556710E+01    0.102319487366732235E-02    0.360490565850093481E+04   -0.130319563396503657E+02    1
    0.282421911208960807E+02    0.759530849993916846E+01    0.325964252786398756E+01    0.144722967624401518E-03    0.360491010800122558E+04   -0.130519563396503653E+02    1
    0.124108575340540721E+02    0.340098954124662445E+01    0.239993696242688426E+01    0.570734967718357963E-03    0.360492776628980027E+04   -0.130719563396503666E+02    1
    0.998183157009289523E+01    0.649804035194670337E+01    0.339186313780320203E+01    0.671567938675884501E-03    0.360492887686148788E+04   -0.130919563396503680E+02    1
    0.142049891098433108E+02    0.149050167836903338E+02    0.356247070489567408E+01    0.117690564975249162E-02    0.360494618846535195E+04   -0.131119563396503676E+02    1
    0.216010095271037414E+02    0.386330447663418086E+01    0.267966972641270962E+01    0.115943692356882842E-02    0.360494991117945028E+04   -0.131319563396503689E+02    1
    0.265554485794650077E+02    0.163424780027708323E+02    0.288244738357135422E+01    0.128296442871134089E-02    0.360495255097588142E+04   -0.131519563396503685E+02    1
    0.260512117392720128E+02    0.827183850549677757E+01    0.349389347320100763E+01    0.675991077380409724E-03    0.360498524118940531E+04   -0.131719563396503681E+02    1
    0.129485947962774617E+02    0.910477840290541707E+01    0.344338315919466487E+01    0.930056750548434018E-03    0.360498728246602968E+04   -0.131919563396503676E+02    1
    0.446081855524802009E+02    0.147595336634168373E+02    0.376690881010179801E+01    0.473278258839070990E-03    0.360500241104068709E+04   -0.132119563396503690E+02    1
    0.335577594841307132E+02    0.773653630118939795E+01    0.343946386843169361E+01    0.605394285922643619E-03    0.360500676721631407E+04   -0.132319563396503685E+02    1
    0.776293572607543680E+01    0.114697123487931272E+02    0.362219934595047999E+01    0.706648512869131971E-03    0.360501537339697325E+04   -0.132519563396503663E+02    1
    0.286170679749990953E+02    0.124216008873717367E+02    0.356729184892767304E+01    0.313395052929178134E-03    0.360504469691603572E+04   -0.132719563396503695E+02    1
    0.622019604208360377E+01    0.127911654736139777E+02    0.348445191294863532E+01    0.991928174489744695E-03    0.360505005772357936E+04   -0.132919563396503690E+02    1
    0.297219280312168479E+02    0.373301826467171871E+01    0.280763082571847056E+01    0.100627203844667239E-02    0.360505663904869107E+04   -0.133119563396503704E+02    1
    0.903514443431749825E+01    0.717512604467532000E+01    0.327696210741638039E+01    0.437939597609242077E-03    0.360505773232273350E+04   -0.133319563396503717E+02    1
    0.144146554348103990E+02    0.733439752239234011E+01    0.262538777270903489E+01    0.324840008378503905E-03    0.360506294604320419E+04   -0.133519563396503695E+02    1
    0.251496012234272364E+02    0.956972630426286308E+01    0.351009641944247841E+01    0.621358249097846323E-03    0.360506416140115334E+04   -0.133719563396503673E+02    1
    0.446487891730254205E+01    0.737905400922446386E+01    0.314350264790487177E+01    0.446523969230300504E-03    0.360506425985533224E+04   -0.133919563396503687E+02    1
    0.184488948172044331E+02    0.191630314364066052E+02    0.288238718461813104E+01    0.541515113286961201E-03    0.360507592427914233E+04   -0.134119563396503700E+02    1
    0.232451327433449464E+02    0.722541032950567352E+01    0.258112259460279958E+01    0.160484503052847009E-03    0.360507875607924370E+04   -0.134319563396503696E+02    1
    0.463941981674924122E+02    0.229760576722609722E+01    0.259455107660679563E+01    0.843235661332819141E-03    0.360508691655673874E+04   -0.134519563396503674E+02    1
    0.274424200929386117E+02    0.342322482550818430E+01    0.283477606015923334E+01    0.819785541730194949E-03    0.360510574443316546E+04   -0.134719563396503670E+02    1
    0.619160111931053958E+01    0.796602148553622147E+01    0.286988040396683752E+01    0.662630798684711239E-03    0.360510621341940532E+04   -0.134919563396503701E+02    1
