    0.279870795418780512E-93    0.130617929538128328E+04    0.187260217391850823E+02    0.104443572964320386E+00    0.958735416421173881E+01    0.151617472350682903E+00
    0.154017305579974318E-92    0.130270198469211209E+04    0.126383613090916000E+02    0.247292453897805009E+01    0.659644404522763494E+01    0.298459729439918053E+00
    0.634290834217395457E-92    0.129980443280883219E+04    0.163669824600219727E+02    0.119462609291076660E+00    0.859065890312194824E+01    0.152068853378295898E+00
    0.709499570938615571E-91    0.129490849132905851E+04    0.910183180420153448E+01    0.296299912691576495E+01    0.871849406033107144E+01    0.152419470135388035E+00
    0.428924049858430117E-86    0.127282253378958058E+04    0.757354524598148870E+01    0.404497572226056779E+01    0.498009578445824985E+01    0.154000037772405562E+00
    0.303600973273629906E-85    0.126884182816093607E+04    0.130920282675821014E+02    0.751527681961759253E+01    0.789178745625999412E+01    0.154347837741614979E+00
    0.126149311346059913E-84    0.126592648737873924E+04    0.119519948959350586E+01    0.147576212882995605E+01    0.447289705276489258E+01    0.292452216148376465E+00
    0.776439198910001438E-72    0.120696327423623279E+04    0.168132530774151832E+02    0.132128561096710051E+01    0.745314848974695110E+01    0.282293082117518246E+00
    0.236764386931723706E-58    0.114479953064449273E+04    0.133936680676102071E+02    0.554841641758950033E+01    0.299182704425219725E+01    0.272577364482637252E+00
    0.239336512292745036E-58    0.114471125384947163E+04    0.205253992923033202E+00    0.368025495514445700E+01    0.944447344464727934E+01    0.165463708787630503E+00
    0.301962461052494812E-58    0.114417972289151294E+04    0.116942243355812625E+02    0.500915207985160471E+01    0.547277767549029548E+01    0.165492151567822043E+00
    0.646725765319923263E-55    0.112877430638611122E+04    0.711437292610372563E+01    0.156048580762449296E+01    0.973008752629350226E+01    0.167221975187868299E+00
    0.190472700021020126E-53    0.112194212629059325E+04    0.169056355045668347E+02    0.507694060563180294E+01    0.631587593307646955E+01    0.266175859220623146E+00
    0.398576172927453066E-48    0.109737282919044537E+04    0.245664008718801474E+01    0.788531227108162014E+01    0.442642975117422566E+01    0.261254983900716553E+00
    0.421860111115191739E-48    0.109719261224429647E+04    0.187183540018692227E+02    0.605777888700647615E+01    0.567259416843192810E+01    0.171025362561590066E+00
    0.725152731426987693E-47    0.109143735833589608E+04    0.107738531513264846E+02    0.748704008677021582E+00    0.919835445417785991E+01    0.259694863382862628E+00
    0.115142896669343788E-46    0.109044593820318528E+04    0.849179863929748535E+01    0.125016689300537109E+01    0.654217243194580078E+01    0.259476423263549805E+00
    0.586332258259905329E-36    0.104107214430507565E+04    0.189937807779296790E+02    0.576850513703700862E+01    0.564707659596582445E+01    0.247574968355648739E+00
    0.255985461892087517E-35    0.103805783939068397E+04    0.511740835418291962E+01    0.376698280682025266E+00    0.496763854033426355E+01    0.180112184952834653E+00
    0.725929920034132701E-35    0.103590650706820907E+04    0.492713638083890348E+01    0.825774749972450550E+01    0.534041654207650218E+01    0.180428583574001600E+00
    0.750900579537427388E-35    0.103577220084632449E+04    0.948082983013734726E+01    0.203584836565166771E+01    0.510660449248157455E+01    0.246137539224274171E+00
    0.312752240671485022E-30    0.101443140714003221E+04    0.694451856746952956E+01    0.650020762854477496E+01    0.133220026236655187E+01    0.231051556119870494E+00
    0.466936890693153202E-29    0.100895800469318465E+04    0.908115899601674492E+00    0.870584173722700960E+01    0.292985064862959632E+01    0.177149766625625205E+00
    0.340835361805593579E-28    0.100491575696072186E+04    0.461483759428510787E+01    0.142239251540845246E+01    0.627940415158738574E+01    0.187320747808944033E+00
    0.456440777421756225E-28    0.100426497147594546E+04    0.276131933788152839E+01    0.513438561664888748E+01    0.674659171260763557E+01    0.236444072378324766E+00
    0.751686925026455680E-28    0.100320058290054612E+04    0.100116333894209202E+02    0.498631466435458037E+01    0.504242831578545214E+01    0.236171769149690736E+00
    0.141617995113212952E-27    0.100186711936157576E+04    0.155132857355934135E+02    0.309767098082814840E+01    0.361797861383232089E+01    0.236497931249179505E+00
    0.633537400796808584E-27    0.998804081136801415E+03    0.160688019350696614E+02    0.340181574637709350E+01    0.657040547677123854E+01    0.234475966111918233E+00
    0.618448379831900906E-26    0.994180454900702443E+03    0.110028868799362947E+02    0.836290369520306953E+01    0.974094150999011887E+01    0.190367308834493931E+00
    0.888292798958450522E-26    0.993389612855822634E+03    0.130686835650410025E+02    0.723019598639069017E+01    0.921194193639851733E+01    0.190614006744775022E+00
    0.111287824359339005E-25    0.992872139122563567E+03    0.894205456676385602E+01    0.233230379902288787E+01    0.735836906803696067E+01    0.232176367208059453E+00
    0.575334719566517969E-25    0.989519808186070350E+03    0.377345419204872101E+01    0.581056331772273782E+00    0.684831567460139823E+01    0.191877789799025145E+00
    0.833220749756953783E-25    0.988712448278696229E+03    0.111514270062347087E+02    0.942237818447668829E+01    0.880095745043437105E+01    0.192155118539719671E+00
    0.924865472027901572E-25    0.988437082254988582E+03    0.183136974389190819E+02    0.919975702952053664E+00    0.745709830055965028E+01    0.192250678427753341E+00
    0.945377155933401563E-25    0.988326544261542949E+03    0.271504237232026879E+01    0.860893745770276198E+01    0.237867105763576880E+01    0.244171200064272398E+00
    0.203526031099195011E-24    0.986726287490944742E+03    0.444777754388681945E+01    0.142689465368631341E+01    0.989489554372051927E+01    0.192858775501186130E+00
    0.617601086158022415E-24    0.984439523136811658E+03    0.763886921831076826E+01    0.619975316634140050E+01    0.543615962470495262E+01    0.228607833702864527E+00
    0.127171795448826357E-23    0.982928294014072890E+03    0.158239501063253130E+02    0.725039252678146173E+01    0.722428596346093244E+01    0.194300439060536734E+00
    0.187232446407822088E-23    0.982088003384554213E+03    0.135356464281198381E+02    0.915754732296704965E+01    0.870263843837474482E+01    0.194645504161770067E+00
    0.207203839767774145E-23    0.981818632381769930E+03    0.110550982129523572E+02    0.699568017369630368E+01    0.670099795155753242E+01    0.227256662946508925E+00
    0.312836890991402268E-23    0.980928007919587799E+03    0.186718820884460541E+02    0.328461797604299477E+01    0.670500854578774153E+01    0.195125488705150785E+00
    0.953431922024087991E-23    0.978632569083240469E+03    0.147381834858151102E+02    0.812650422876125322E+00    0.910234622246878189E+01    0.196147561047560925E+00
    0.138596876479158005E-22    0.977817729179051639E+03    0.156768653283822257E+02    0.957236317342088761E+01    0.936991757605134623E+01    0.225130635116362887E+00
    0.144009120145841681E-22    0.977674448349104750E+03    0.373479481834545801E+01    0.765302507860505266E+01    0.325140521759648138E+01    0.189385066717483896E+00
    0.160096222771801112E-22    0.977395984892683828E+03    0.152307440108599756E+02    0.999530028936369241E+01    0.635064183403813232E+01    0.196694464041596850E+00
    0.186472700528101705E-22    0.977024298578596245E+03    0.109069421353771308E+02    0.417992117291585430E+01    0.643374736483143650E+01    0.196898835529945693E+00
    0.409125981559954086E-22    0.975386155348963257E+03    0.850751777014607136E+01    0.611500741365455180E+01    0.459191355949812241E+01    0.224279246954893319E+00
    0.696033382931171008E-22    0.974256739699939772E+03    0.123111250214368440E+01    0.572048922677591953E+01    0.391098519386069476E+01    0.224938170306938190E+00
    0.261247845602695059E-21    0.971544758980120150E+03    0.545001435277347124E+01    0.304846513963228904E+01    0.436404574563019132E+01    0.199399037553524394E+00
    0.278287466657357849E-21    0.971351722162648457E+03    0.310130808937977731E+01    0.234437593294307201E+01    0.791877735322608345E+01    0.200122395392416275E+00
    0.278823905549429702E-21    0.971281203920985263E+03    0.844793393574184259E+00    0.645092278756318649E+01    0.871801015089406306E+01    0.200169709306764920E+00
    0.308170304843503060E-21    0.971014392957689779E+03    0.190926935764918859E+02    0.791774887791513393E+01    0.710372444985751628E+01    0.200340666981391191E+00
    0.453952904887023471E-21    0.970173044509086594E+03    0.151568660247466869E+01    0.243878684941291235E+01    0.932437779010144396E+01    0.200944212247001541E+00
    0.445839993690541300E-21    0.970142444502064336E+03    0.161596251265076916E+02    0.127882622481360153E+01    0.325584746783337664E+01    0.221847025930283603E+00
    0.547803677707520615E-21    0.969663864152812948E+03    0.680591864972095095E+01    0.578040128535800335E+01    0.394840228992255149E+01    0.221950396213268064E+00
    0.594327667364485526E-21    0.969434169835287321E+03    0.373562455177307129E+01    0.279829621315002441E+01    0.787899613380432129E+01    0.219439625740051270E+00
    0.695249265487760955E-21    0.969053823887000362E+03    0.769351920714371751E+01    0.662601888200200140E+01    0.880218194914850827E+01    0.219103894271996502E+00
    0.781645700491829287E-21    0.968752894954708381E+03    0.107009476093684412E+02    0.124152488615586654E+01    0.868371595993787082E+01    0.218829818076503368E+00
    0.124759417460174188E-20    0.967751086796071604E+03    0.101915790330170601E+02    0.495573244555320791E+01    0.603408597108724720E+01    0.217911245085802063E+00
    0.141999062597802085E-20    0.967425553661983940E+03    0.833069618894668551E+01    0.129668932040668738E+01    0.905886411779196976E+01    0.203258856783927966E+00
    0.243412857674032576E-20    0.966281009898744742E+03    0.945407466824882547E+01    0.372248419748663739E+01    0.537627313275136842E+01    0.204318284512233106E+00
    0.258779950556560057E-20    0.966091905063313334E+03    0.593592331529816497E+00    0.231542058200320167E+01    0.436850523767530063E+01    0.203905992470994502E+00
    0.275470917991071204E-20    0.965900230449914943E+03    0.229571105925385943E+01    0.713921380086976143E+01    0.696859300892797506E+01    0.204979839326925983E+00
    0.309039282191123211E-20    0.965603591116328516E+03    0.173327665424051105E+02    0.616951195755648030E+01    0.696702944338418817E+01    0.215213330292652438E+00
    0.331172250072921534E-20    0.965398583974983467E+03    0.114679507874966831E+02    0.935555223250585222E+01    0.558174775799438372E+01    0.215265354965744615E+00
    0.352854337148081003E-20    0.965205083916029253E+03    0.294058773894656600E+01    0.537369301476133376E+01    0.556562464258995071E+01    0.205767378405633972E+00
    0.376244044710947257E-20    0.965010051931774342E+03    0.183648043288997975E+01    0.263994856421095836E+01    0.316903602040787291E+01    0.199270919879545705E+00
    0.429140841815030040E-20    0.964680290905666425E+03    0.155417598230074656E+02    0.185821646929635653E+00    0.970170476738036669E+01    0.213471723751565090E+00
    0.466672874429859682E-20    0.964445937515902187E+03    0.859492956774410999E+01    0.308835815686997739E+01    0.722924137943149958E+01    0.207633897911527310E+00
    0.477705072152029123E-20    0.964332540831228016E+03    0.108731292339358845E+02    0.389945246488788877E+01    0.611938850891061037E+01    0.207854116931682764E+00
    0.464974840163205009E-20    0.964319894647066576E+03    0.934439431149132815E+01    0.882030374524030236E+01    0.885839298094266780E+01    0.208022406444133168E+00
    0.450851093108338288E-20    0.964314920345309247E+03    0.212818861007690430E+01    0.241477310657501221E+01    0.488903284072875977E+01    0.213192939758300781E+00
    0.446419050183250468E-20    0.964268011737031884E+03    0.186167978173131630E+02    0.567453488888305824E+01    0.796275969247231075E+01    0.208194036439610652E+00
    0.468567350764267833E-20    0.964104501541666195E+03    0.165105901718457417E+02    0.761834687622790874E+01    0.797445342049146433E+01    0.211591717277859193E+00
    0.465802740803435181E-20    0.964049670091273583E+03    0.147103619185896299E+02    0.671918758183592058E+01    0.723373239401654189E+01    0.209187670856157526E+00
    0.451004940253209731E-20    0.964047571320746556E+03    0.967762984567676021E+01    0.849292608629134982E+01    0.879214276142578655E+01    0.209262649809559775E+00
    0.444924668730721373E-20    0.964008051272791818E+03    0.120045561166659134E+02    0.104557279882301873E+00    0.411693215575532179E+01    0.209224210678403910E+00
    0.433544246826445481E-20    0.963993206854663640E+03    0.356586966802334171E+01    0.616522494314099578E+01    0.958408927830027935E+01    0.210618554517625123E+00
    0.419790628043744273E-20    0.963991015742978561E+03    0.774990496519431726E+01    0.572587392595212918E+01    0.895291116331350167E+01    0.209896326735860006E+00
    0.416659446593980731E-20    0.963939322814354455E+03    0.751088822992570115E+01    0.642298419232725948E+01    0.614241942261240936E+01    0.210784829189625711E+00
    0.407151207762876416E-20    0.963918825305711380E+03    0.109690203493055769E+02    0.859788956943302196E+01    0.560115535965747746E+01    0.208648996264924280E+00
    0.449996735715829487E-20    0.963652047250081978E+03    0.117463408313721889E+02    0.821964930264683069E+01    0.531388997401000296E+01    0.209365443438019661E+00
    0.499155787936328409E-20    0.963378024746361007E+03    0.165000149641384972E+02    0.188576564410031589E+01    0.343967966236875533E+01    0.204415815066184781E+00
    0.512472548033661195E-20    0.963258700284764018E+03    0.145550528303039997E+02    0.793617861247659651E+01    0.483607075576685830E+01    0.211721595311958000E+00
    0.581613947892916580E-20    0.962938914091896550E+03    0.913801151207040796E+01    0.224163033235439224E+01    0.397132185924979275E+01    0.211962484269484497E+00
    0.618747616586813592E-20    0.962748466317172642E+03    0.663151102492186872E+01    0.892141335989464146E+01    0.374701992493582736E+01    0.219557641324538588E+00
    0.821050940183356494E-20    0.962116024266223121E+03    0.102722269598709204E+02    0.319562739016169850E+01    0.369743484254920496E+01    0.206022256343864729E+00
    0.914187983978600556E-20    0.961834455463517088E+03    0.317180495791434103E+01    0.399991279766437335E+01    0.388020932518245054E+01    0.213011654312689647E+00
    0.949629552701785438E-20    0.961691717312917717E+03    0.158688541491624271E+02    0.224846569296857934E+01    0.363465423513450148E+01    0.210911969576136560E+00
    0.197952329686239203E-19    0.960155971903212958E+03    0.664463954445013805E+01    0.620485016076901097E+01    0.390476655853507282E+01    0.208584168464019948E+00
    0.194331374247083639E-19    0.960126228088499829E+03    0.453500854195064473E+01    0.467917951920850150E+01    0.160096921228338829E+01    0.236646582568502462E+00
    0.216234487468944016E-19    0.959845964236990994E+03    0.605377980873052923E+01    0.644743861158298692E+01    0.314199942538950694E+01    0.222795906382808662E+00
    0.491700213005060082E-19    0.958136285973068880E+03    0.136413038725275388E+02    0.450789626212451378E+01    0.322842785648067121E+01    0.217229187920630507E+00
    0.818778242848892722E-19    0.957049731158766008E+03    0.134430682472058738E+02    0.233827559400587592E+01    0.285894701321193168E+01    0.202784638749860413E+00
    0.823663276132732745E-19    0.956971167453131329E+03    0.193884524542098258E+01    0.345206632889653697E+01    0.289813702765631476E+01    0.219644571165050984E+00
    0.135602360956994417E-18    0.955907400629234871E+03    0.141312662184676636E+02    0.271161113536464082E+01    0.305650797900187499E+01    0.210584704239027865E+00
    0.169572810055343171E-18    0.955393622750781105E+03    0.550607722968043056E+01    0.313319691363464070E+01    0.293732215241272598E+01    0.202531577523337614E+00
    0.205955393051421905E-18    0.954938201655472767E+03    0.603328098528186985E+01    0.284750331176959204E+01    0.302244419753817795E+01    0.211295699238981394E+00
    0.109472266374557509E-17    0.951530341532213242E+03    0.130708696367747486E+02    0.104485967008502145E+01    0.230448687202374991E+01    0.211106046968346339E+00
    0.111130807399249451E-17    0.951433601444605529E+03    0.135082423600773627E+02    0.889153616246219691E+01    0.311171087570974514E+01    0.220987350698001572E+00
    0.130240968587355841E-17    0.951049578004659907E+03    0.783124432527529457E+01    0.806976013241506074E+01    0.329436143181858831E+01    0.203438498838494963E+00
    0.130102372240009136E-17    0.950985040777678478E+03    0.163982743853104367E+02    0.720314889836844152E+01    0.327990323520392302E+01    0.205874055093851371E+00
    0.182859882464806808E-17    0.950237576969713018E+03    0.167390045846056914E+02    0.155181954343188311E+01    0.221903526847507138E+01    0.219207670295059609E+00
    0.184954403330363835E-17    0.950148132030566558E+03    0.191321594724260891E+01    0.134679236488717224E+01    0.240709916582353145E+01    0.207125386717261772E+00
    0.564379354496803913E-17    0.947850230736829872E+03    0.843250393815662136E+01    0.631366027290806464E+01    0.312794831949879004E+01    0.208910170314946297E+00
    0.129445053933615536E-16    0.946123334169370992E+03    0.878462742504054894E+01    0.432187312726739670E+01    0.286681623118280093E+01    0.209186005005863374E+00
    0.593316342869267947E-16    0.943011725059820492E+03    0.196153920841179719E+00    0.830602124972407907E+01    0.315661821698886058E+01    0.208949666393133171E+00
    0.732153014553056777E-16    0.942524534773560845E+03    0.908939958747547516E+00    0.668768934624953015E+01    0.222616933537068462E+01    0.230776182052546242E+00
    0.867475610386505924E-16    0.942118672370480908E+03    0.805991426244707831E+01    0.206238005958305992E+01    0.217546432746285134E+01    0.197342714168635913E+00
    0.126775985339827295E-15    0.941293167043017093E+03    0.112123559363537453E+02    0.571683777381561242E+01    0.282493767405993701E+01    0.203215065638035819E+00
    0.158370745615641902E-15    0.940781466093247218E+03    0.671295533148088097E+01    0.352021834765632047E+01    0.243079199544352420E+01    0.197253236720791980E+00
    0.182669448134598360E-15    0.940429320527331583E+03    0.108844405378381222E+02    0.619584079587264913E+01    0.281231121942513163E+01    0.215286382069343585E+00
    0.823462410017474584E-15    0.937350974507087585E+03    0.923070617178139052E+01    0.965267340865603174E+01    0.292942609879599480E+01    0.217356105578349945E+00
    0.946588202702341632E-15    0.937005615335189304E+03    0.266691546288294834E+01    0.926419760765384837E+01    0.292949006288754354E+01    0.216725498049604504E+00
    0.188642151138696865E-14    0.935559803111437759E+03    0.126442402027391019E+02    0.529233755483272184E+01    0.258621971783122717E+01    0.198979477531455506E+00
    0.532225467959571746E-14    0.933418705702007628E+03    0.182554354816149456E+02    0.606671973698016131E+01    0.264861943729827942E+01    0.200605892559336363E+00
    0.522427130850371284E-14    0.933389202435114839E+03    0.141844090538526473E+02    0.420379202909574534E+01    0.246249400181269706E+01    0.214485422957110483E+00
    0.112003338051774381E-13    0.931797279255942385E+03    0.101908970099897935E+02    0.259391312026551812E+01    0.221491540194020331E+01    0.212032759383929070E+00
    0.285970121341135491E-13    0.929855895269990697E+03    0.763353678338189390E+01    0.631284722271877996E+01    0.250196776860698122E+01    0.219355892027840449E+00
    0.330656966433173588E-13    0.929498840306772536E+03    0.865305000085152320E+00    0.704718148511621845E+01    0.257174406689692603E+01    0.219020046935290758E+00
    0.460671880142591983E-13    0.928768964540037814E+03    0.135894249460347254E+02    0.298870408454743597E+01    0.219902157678356858E+01    0.214085710292053921E+00
    0.566630490903917233E-13    0.928288255139530975E+03    0.181228069713515225E+02    0.565588587202622328E+01    0.242269234772363440E+01    0.218868171296383141E+00
    0.874350068294146232E-13    0.927354041609842170E+03    0.189659132774120849E+02    0.607699289980952351E+01    0.252619149348788952E+01    0.215311170919351369E+00
    0.708821022025621175E-12    0.923101960304793465E+03    0.157849855834388286E+02    0.941698031063400975E+01    0.275226371018237614E+01    0.203727350042578026E+00
    0.524295405300387601E-11    0.919033219014975657E+03    0.191461462643036455E+02    0.323589146137537753E+01    0.211928918870707861E+01    0.210342593142928802E+00
    0.203483255600749571E-10    0.916254325275539941E+03    0.522339658195841938E+00    0.246513458157851506E+01    0.193919849413055090E+01    0.211183766618969759E+00
    0.442970175476723691E-10    0.914631821160150594E+03    0.658277824976979353E+01    0.227484274699917277E+01    0.186667037339031516E+01    0.199727149727724207E+00
    0.587982570949764403E-10    0.913998764768645970E+03    0.629263734841743716E+01    0.683206600900077632E+01    0.184692659957805461E+01    0.226266459139365939E+00
    0.347954721620682110E-09    0.910376177806378109E+03    0.372160559133643787E+01    0.350391260688059036E+01    0.196250003979178977E+01    0.215202420091618718E+00
    0.507260292757855435E-09    0.909555607322175319E+03    0.157955238543511634E+02    0.366561108699485416E+01    0.204066813033130856E+01    0.210792342766621399E+00
    0.888935140775277816E-09    0.908366940644404167E+03    0.401640004998125200E+01    0.881014025534650536E+01    0.248092592678393942E+01    0.212518441305394212E+00
    0.879823338636604268E-09    0.908320880256886767E+03    0.272942065304565418E+01    0.922115300195730825E+01    0.240841221150635221E+01    0.217257371708854841E+00
    0.159225149159722887E-08    0.907067847209685624E+03    0.737861161802663812E+01    0.887124886116851741E+01    0.226497142232372006E+01    0.220711194142799050E+00
    0.850916384308630904E-08    0.903649191273225824E+03    0.261330421018891146E+01    0.944245351514297226E+01    0.211773071604746299E+01    0.221653353712515822E+00
    0.226068038712129704E-07    0.901628310136025220E+03    0.652969302260192208E+01    0.811022210515399600E+01    0.161837877501985972E+01    0.214520145527097972E+00
    0.225900048213726073E-07    0.901563130215976344E+03    0.168694952379965493E+02    0.344908165483122708E+01    0.192235739116583559E+01    0.201518713989546239E+00
    0.248476640361816284E-07    0.901305951146016469E+03    0.718870178694339668E+01    0.339557044563738852E+01    0.150809279464541746E+01    0.219659778274044371E+00
    0.262900606279778244E-07    0.901126430080737236E+03    0.121573551996181966E+02    0.696324477777868989E+01    0.184686095447679044E+01    0.222791229444221806E+00
    0.441348452533206262E-07    0.900023646079287573E+03    0.158370235725926545E+02    0.437161094483743984E+01    0.175143843340021199E+01    0.220050941214514184E+00
    0.896175145149249997E-07    0.898540377086378157E+03    0.103856123765338086E+02    0.798411691182503436E+01    0.161274297277822320E+01    0.215678005390528504E+00
    0.176373788305962793E-06    0.897119600890137917E+03    0.191914290288078604E+02    0.868052868301090896E+01    0.222413948576750542E+01    0.216473532300515137E+00
    0.217759612166882624E-06    0.896631361788015511E+03    0.833023893276909888E+01    0.520314711201142810E+01    0.199490381297083808E+01    0.193148213141767888E+00
    0.552242179823564937E-06    0.894703505273874498E+03    0.115944632635228864E+02    0.569978663881001602E+01    0.133877273995679857E+01    0.197665380564524096E+00
    0.848824417779559555E-06    0.893777107261865240E+03    0.148988201066693833E+02    0.256689907966689468E+01    0.151142871467574835E+01    0.188340039041559049E+00
    0.117445782333221176E-05    0.893061021517521567E+03    0.644048503022476382E+01    0.225506262643934319E+01    0.115734457221210363E+01    0.209455405393326854E+00
    0.118353980592022216E-05    0.892978948512214401E+03    0.139346765360418452E+02    0.883066661128814090E+01    0.229683384825684911E+01    0.209229213523563162E+00
    0.122127304145515929E-05    0.892849513829888565E+03    0.103493432208205576E+02    0.657994203703650982E+01    0.208589747141324011E+01    0.212830712665192046E+00
    0.123836531102510111E-05    0.892755050321155068E+03    0.139557181906016687E+02    0.306693792576131941E+01    0.174325153164515001E+01    0.198977051324699561E+00
    0.238017449724129493E-05    0.891381620472835493E+03    0.107506132560185570E+02    0.169057316934827240E+01    0.142742379387351548E+01    0.204286213783784198E+00
    0.262076836117870009E-05    0.891122366327689633E+03    0.531883397638274413E+01    0.820172195708064677E+01    0.211890466992606008E+01    0.214968173146433461E+00
    0.303833730639821539E-05    0.890760013891615245E+03    0.643522774163512867E+01    0.756371346277869172E+01    0.181962965738891036E+01    0.217617453601070654E+00
    0.323662504391999590E-05    0.890566905811573179E+03    0.107196328565652426E+02    0.399138492865282579E+01    0.121778309087673264E+01    0.194997000854642666E+00
    0.319329655544734297E-05    0.890527193840167456E+03    0.151005297300736316E+02    0.726110651505687699E+01    0.213231424619042542E+01    0.195932324526018053E+00
    0.744295973936099051E-05    0.888768097577494700E+03    0.127124182841108144E+02    0.673934867608460664E+01    0.211434157644575649E+01    0.206859550538894821E+00
    0.107979615218270941E-04    0.887957253342492095E+03    0.113359758984297585E+02    0.710852254164953834E+01    0.147666402760223292E+01    0.202008726045518117E+00
    0.104605680731706636E-04    0.887954075879976244E+03    0.140155879684018281E+02    0.850820292860339933E+01    0.183043545933599816E+01    0.218121087957741988E+00
    0.112276986803821545E-04    0.887745867102444208E+03    0.170518370761693183E+01    0.214557507586567908E+01    0.146016016600704646E+01    0.204289213176648499E+00
    0.139811448440749534E-04    0.887240548829129239E+03    0.390412069326898870E+01    0.784639513103992048E+01    0.180403261147246141E+01    0.214110846647040720E+00
    0.142421055442254609E-04    0.887136895899887122E+03    0.892399445575721728E+01    0.683351848736795464E+01    0.168289947430754872E+01    0.215122927930812669E+00
    0.141503804367531163E-04    0.887083151726395954E+03    0.912944408081865788E+01    0.506814578191285925E+01    0.194786649277902058E+01    0.205493061682770817E+00
    0.228401744755757801E-04    0.886058926031575538E+03    0.481133945346516168E+01    0.823720395458505017E+01    0.169861192303243769E+01    0.209947755665963465E+00
    0.229444570703568395E-04    0.885983148641804291E+03    0.150959893512019256E+02    0.363473456016424024E+01    0.165016291687868843E+01    0.190938659472047023E+00
    0.236985283115920744E-04    0.885851808846519361E+03    0.182307400030321318E+02    0.821463570607324378E+01    0.203856455147906246E+01    0.215039097599311058E+00
    0.326041470594130427E-04    0.885147089097777098E+03    0.147539657870816558E+02    0.235315660002784410E+01    0.148851471003512437E+01    0.207128286353057023E+00
    0.368398979578939590E-04    0.884836138529476102E+03    0.321206225655260891E+01    0.390584322421426267E+01    0.143963853142864906E+01    0.206347246900615344E+00
    0.409909926682676593E-04    0.884555930042729187E+03    0.892501304781317195E+01    0.895311346400685260E+01    0.174465063760137440E+01    0.213166999064540619E+00
    0.510479791488264932E-04    0.884050436162956430E+03    0.199035668460914614E+02    0.706103878901309212E+01    0.189899954241301927E+01    0.215216652680239484E+00
    0.623948277247412863E-04    0.883582336646670910E+03    0.180588381514115142E+02    0.446362982080449644E+01    0.127064618984838340E+01    0.196007805008874270E+00
    0.604617169467169764E-04    0.883578613971814320E+03    0.797425914745178321E+01    0.398381390456100037E+01    0.127550858318763360E+01    0.193029196001048176E+00
    0.639736632390823398E-04    0.883399025105612054E+03    0.691050022748797232E+01    0.991523310542239966E+00    0.992183922358780279E+00    0.201853585562160598E+00
    0.132331961847480695E-03    0.881878674156312627E+03    0.950022500009424853E+01    0.426363298603052865E+01    0.179203068405189114E+01    0.202287616379940527E+00
    0.139818503821098524E-03    0.881701944385278239E+03    0.143859565407098717E+02    0.427564161323123315E+01    0.127608916254368410E+01    0.194997428915014037E+00
    0.156271282646677312E-03    0.881412781102604868E+03    0.171682148264554328E+02    0.405126015988446309E+01    0.156445017542102605E+01    0.212444315635156755E+00
    0.152465724902501400E-03    0.881395421780400284E+03    0.126885887437474878E+02    0.163874909341169217E+01    0.124139187118101724E+01    0.193800745595449353E+00
    0.215625414367777798E-03    0.880635549326852015E+03    0.586103638561438345E+01    0.238621949091340912E+01    0.123472910854992080E+01    0.204197479203018561E+00
    0.220344829349370947E-03    0.880525580628390344E+03    0.139890797299203840E+02    0.914347246696267035E+01    0.177300896861301993E+01    0.213406937470117297E+00
    0.217604089420312449E-03    0.880483946796303371E+03    0.176826745448136826E+02    0.477856796173018772E+01    0.160267748095004947E+01    0.212819057464152195E+00
    0.221289451574691243E-03    0.880383691585442193E+03    0.136736261374138692E+02    0.384974117954477801E+01    0.169966761892435869E+01    0.205510774194507695E+00
    0.237083539545304397E-03    0.880179142946046341E+03    0.887833395754318389E+01    0.949487253164896905E+00    0.944863871303292413E+00    0.192685047601271364E+00
    0.266037728952390746E-03    0.879882025138716472E+03    0.105551092171330385E+02    0.481038863267164629E+01    0.135704339559529252E+01    0.196485189950160510E+00
    0.563423717464329446E-03    0.878314570842666853E+03    0.102307433178965201E+02    0.866755014482730246E+01    0.203671845137969498E+01    0.210495428270893514E+00
    0.690037510481157569E-03    0.877842476160904425E+03    0.814940841973599994E+01    0.589666609855184909E+01    0.185906168111898928E+01    0.207594870302450163E+00
    0.702202387857544011E-03    0.877740858083965122E+03    0.174635090401654551E+02    0.441168833510616487E+01    0.163756427906599988E+01    0.209955163724361293E+00
    0.765021653894448306E-03    0.877502826467490195E+03    0.165200305992178222E+02    0.404219916950845271E+01    0.156922642619198882E+01    0.189810123007102316E+00
    0.850337407991236119E-03    0.877224701636567715E+03    0.693435144297663619E+01    0.351649892959069543E+01    0.129637995009350071E+01    0.195003486793297931E+00
    0.856010935529892959E-03    0.877144735110073725E+03    0.142313579462083730E+02    0.958708690182772649E+01    0.199869048587826548E+01    0.212722715918073790E+00
    0.858809377842575353E-03    0.877071540774531059E+03    0.836670996478095930E+01    0.453112500472256041E+01    0.137355014106573492E+01    0.193508405119200866E+00
    0.102074621781878395E-02    0.876659389629371162E+03    0.194497508879157230E+02    0.340113461307230391E+01    0.150919235212595026E+01    0.207959535755987579E+00
    0.115462691965675262E-02    0.876346236297514224E+03    0.181560653683629241E+02    0.299046720407040123E+01    0.122497155777278621E+01    0.187247234430648835E+00
    0.114214118117402451E-02    0.876301314728187208E+03    0.166724784266873804E+02    0.495354050255688882E+01    0.147068001431078521E+01    0.207449116896788244E+00
    0.147969279804928389E-02    0.875716788526509845E+03    0.875760066610537358E+01    0.753303864861337136E+01    0.193765753736095014E+01    0.208551857586397826E+00
    0.148974507598249916E-02    0.875636580823782879E+03    0.150847677267198357E+02    0.796784164180061349E+01    0.182394483591820133E+01    0.211916701252720108E+00
    0.162029701487595001E-02    0.875401905237956271E+03    0.584856637142181768E+01    0.302479606918770738E+01    0.129096258247365014E+01    0.194350842646090483E+00
    0.204580110937331540E-02    0.874868878614581263E+03    0.816659942189357047E+01    0.222206645546794235E+01    0.116033192777414129E+01    0.194146222244846900E+00
    0.207135774043401642E-02    0.874777382243506509E+03    0.173545214938494006E+02    0.556173118073566464E+01    0.148704217966779062E+01    0.187682180570740043E+00
    0.228387863089503504E-02    0.874515373884778001E+03    0.100595129742508416E+02    0.767184192329351422E+01    0.169377634818859768E+01    0.207847257241246419E+00
    0.253560329037625298E-02    0.874239594335002494E+03    0.100400851990329105E+02    0.795462223122401824E+01    0.200851080012873595E+01    0.203889881091757541E+00
    0.274099023046005556E-02    0.874017152348354102E+03    0.411812403620570233E+01    0.356732781884164796E+01    0.147796334689411957E+01    0.199045884572113252E+00
    0.266802515908253889E-02    0.874004447071966752E+03    0.347891756463771706E+01    0.550775512846978810E+01    0.166625832430838727E+01    0.202979216007383778E+00
    0.311199787360188357E-02    0.873629927675147883E+03    0.384516054056551226E+01    0.519124369888228188E+01    0.161196830664259494E+01    0.201859921574512491E+00
    0.318007939315498962E-02    0.873519978528770480E+03    0.146849260316136210E+02    0.236456928738753680E+01    0.113874586362611296E+01    0.192548566325464465E+00
    0.309842422578232406E-02    0.873505336851882930E+03    0.131735175398365350E+02    0.463475941079937481E+01    0.165793343321826825E+01    0.194034458845270708E+00
    0.315744208110269129E-02    0.873400933057605471E+03    0.731039177876454449E+01    0.292033737239016089E+01    0.140472060670049714E+01    0.195792304445741028E+00
    0.310479037680178429E-02    0.873367898451314431E+03    0.692426098930406297E+01    0.408951529251391932E+01    0.159576337584194405E+01    0.195353840626154573E+00
    0.351911532923165600E-02    0.873050704925668015E+03    0.634463799477560642E+01    0.364936456356981731E+01    0.138630932101635018E+01    0.196091303040365927E+00
    0.420010273735517414E-02    0.872630239548669579E+03    0.112510500972770373E+02    0.402045496212801279E+01    0.136284674291052710E+01    0.197897144018975180E+00
    0.425833999904179188E-02    0.872536032029026956E+03    0.357349486899634750E+01    0.482168716371826189E+01    0.160001310816701547E+01    0.197090420570234626E+00
    0.507456008510364601E-02    0.872118644511001548E+03    0.768022205461038787E+01    0.622665808069462656E+01    0.168332277036828515E+01    0.190567915203892158E+00
    0.519077244347871964E-02    0.872006692482912968E+03    0.173695762565186058E+02    0.935984956238717558E+01    0.203963901949646420E+01    0.206494528630802865E+00
    0.589982364611831445E-02    0.871683945934580152E+03    0.134413546129728445E+02    0.797958976372886486E+01    0.197598285806573415E+01    0.200853200153767952E+00
    0.573387774463658077E-02    0.871674340095660227E+03    0.150167491728969651E+02    0.828485487064248893E+01    0.179331592964635433E+01    0.209208171558328493E+00
    0.571670514269164830E-02    0.871613672290357499E+03    0.199614223156002843E+02    0.528168187264790845E+01    0.174024559753786079E+01    0.203305475451824424E+00
    0.565958345090660734E-02    0.871567090266011974E+03    0.187186318488953454E+02    0.519533203832082791E+01    0.163943028234070098E+01    0.207048270635429299E+00
    0.578179438756795238E-02    0.871457696023503559E+03    0.107452102902697089E+02    0.318543853173519409E+01    0.133125242165595914E+01    0.198881543760516477E+00
    0.632824274593032313E-02    0.871210412340523817E+03    0.909598451624021997E+01    0.892675522345558470E+01    0.202677048989467856E+01    0.200768766436843382E+00
    0.625040822795336522E-02    0.871168497298357579E+03    0.520605153398212561E+01    0.749734714699431670E+01    0.168137615409928642E+01    0.195858756927484334E+00
    0.604955889822973020E-02    0.871167153467864182E+03    0.125833172115920888E+02    0.641011889209446739E+01    0.177770662993464157E+01    0.206393542351159809E+00
    0.655720043751371190E-02    0.870939330022614286E+03    0.799597574030525760E+01    0.744330847956414132E+01    0.164772089608752559E+01    0.200250932521883085E+00
    0.747083662820642504E-02    0.870611776871944130E+03    0.779377637129377465E+01    0.949669346974416939E+01    0.183943305920057654E+01    0.206432735140572587E+00
    0.770410415486171441E-02    0.870483617799893182E+03    0.652868879422323634E+01    0.988535326858569086E+01    0.199809834935182451E+01    0.206203260922627418E+00
    0.754672889802433106E-02    0.870458229099524942E+03    0.137006136853093423E+02    0.790422266601679890E+01    0.170470445409140403E+01    0.206108219225426215E+00
    0.792012844611454311E-02    0.870294976007256082E+03    0.124289809083148128E+02    0.472184212985792406E+01    0.161972915260967731E+01    0.195234193987914972E+00
    0.803124075413890262E-02    0.870200446126148108E+03    0.113661610949970218E+02    0.364170295959791224E+01    0.142084462746356444E+01    0.200079127476093355E+00
    0.777794540245226301E-02    0.870197873088750384E+03    0.179056867696994360E+02    0.606610414235553996E+01    0.177863466930949166E+01    0.204159745335296794E+00
    0.772860521102224779E-02    0.870143934038734187E+03    0.990537967510620554E+01    0.893650504524678446E+01    0.200750409647776706E+01    0.199982985588501583E+00
    0.752372797495737440E-02    0.870131000674919960E+03    0.873385316153728652E+01    0.733173961146687336E+01    0.162995125038779065E+01    0.195638691045472601E+00
    0.756673427482342561E-02    0.870052934379643830E+03    0.673510483066310606E+01    0.743179217734704434E+01    0.183672429302631990E+01    0.204312823695021351E+00
    0.758918424856332499E-02    0.869980342637535614E+03    0.176853389974812281E+02    0.372384500077312497E+01    0.145470721782665358E+01    0.202689016294695268E+00
    0.739171845011323946E-02    0.869966403697555961E+03    0.785562038704448007E+01    0.853110474964123000E+01    0.181570531938209889E+01    0.205793098721052559E+00
    0.763141084070546004E-02    0.869835912050716161E+03    0.881244836620207650E+01    0.531440589846993827E+01    0.166415561236135900E+01    0.202360307236537640E+00
    0.822529766304736475E-02    0.869619361882467729E+03    0.807081618336609630E+01    0.532275281158674218E+01    0.166892899284106377E+01    0.201102923166842418E+00
    0.843092143868175506E-02    0.869503312046371320E+03    0.833048246547433813E+01    0.540192754612511727E+01    0.168287147412110549E+01    0.200824089866915578E+00
    0.839399207345648858E-02    0.869445425079999268E+03    0.738571615788421632E+01    0.767367962838940976E+01    0.176095852353467919E+01    0.203994192415636544E+00
    0.838669203945696315E-02    0.869380498517469277E+03    0.640371886792531164E+01    0.756059583813468716E+01    0.177549561640007347E+01    0.203342708380587434E+00
    0.818804814937085929E-02    0.869361773091342911E+03    0.774783902323178086E+01    0.806017174527626068E+01    0.190663438806376462E+01    0.203340172438493338E+00
    0.817308594514153455E-02    0.869298764412762921E+03    0.821479386161682079E+01    0.829630378500364785E+01    0.169963048907842484E+01    0.199007056414776562E+00
    0.817947534733630757E-02    0.869230534834352738E+03    0.127599089446441933E+02    0.583685974007999242E+01    0.157243991414498474E+01    0.202281491820576864E+00
    0.808407815471458291E-02    0.869187331253222965E+03    0.495738714295819261E+01    0.783461068842076802E+01    0.176877684987113604E+01    0.200114680023651070E+00
    0.828933388765638358E-02    0.869070518291978260E+03    0.926913355564530406E+01    0.543753563053536926E+01    0.166349141677288870E+01    0.195854618179441164E+00
    0.817337324545213545E-02    0.869032027443333391E+03    0.854221295544908266E+01    0.541478300119526779E+01    0.162754029982109749E+01    0.201292005659100770E+00
    0.891818865909266290E-02    0.868790938466172065E+03    0.830302033671993911E+01    0.784004359720792898E+01    0.168404535412045675E+01    0.198156296995217085E+00
    0.894295867179162492E-02    0.868718724557075802E+03    0.109931353535257195E+02    0.824953775842681480E+01    0.167281820368727807E+01    0.195378763820120316E+00
    0.920758993128207616E-02    0.868593734581600529E+03    0.112675733261530819E+02    0.854212095909758951E+01    0.194631629605519052E+01    0.202599069702964041E+00
    0.897880759097845205E-02    0.868577390010809722E+03    0.625706951120640831E+01    0.820939934168840324E+01    0.175185013148050750E+01    0.199722796680971371E+00
    0.913509095767986966E-02    0.868476211227532986E+03    0.912820404508343941E+01    0.969521513558922265E+01    0.186462710006958865E+01    0.205667435562070899E+00
    0.889829982952349691E-02    0.868462070398335527E+03    0.466161464156103200E+01    0.883586622055206483E+01    0.190332621881865727E+01    0.201025685795134246E+00
    0.882155547086662002E-02    0.868412727764445208E+03    0.794099896222990331E+01    0.999476621919237473E+01    0.194799303977334048E+01    0.205543392582721030E+00
    0.854614710146785368E-02    0.868409496421246786E+03    0.135101008950002246E+02    0.605470313068328281E+01    0.167025313204906212E+01    0.193352262796345542E+00
    0.838416273933316469E-02    0.868381101778346874E+03    0.761209027145137895E+01    0.639297885406804323E+01    0.173040658608812592E+01    0.200973057463558646E+00
    0.819594549230369743E-02    0.868359845028205882E+03    0.115859196452581905E+02    0.801190436922715321E+01    0.168373153187008029E+01    0.201181795706195654E+00
    0.821392731017772486E-02    0.868288795189216671E+03    0.182410000961512182E+02    0.451320674717577930E+01    0.155047847095929114E+01    0.201855006236552281E+00
    0.802350024266320141E-02    0.868269041322730573E+03    0.137823304280475973E+02    0.742545078810683101E+01    0.166703989647959361E+01    0.202944809446616192E+00
    0.809539112492573161E-02    0.868184534382235597E+03    0.636014858829931029E+01    0.670339263727474766E+01    0.173472597652816596E+01    0.198751669163485412E+00
    0.834719608176711161E-02    0.868056606153441862E+03    0.149542093029927372E+02    0.665117277687690933E+01    0.159832474626184329E+01    0.193477043260450232E+00
    0.917339489327716889E-02    0.867801175984284782E+03    0.118780511788854692E+02    0.937019899317913740E+01    0.177037560172643005E+01    0.203262154002079809E+00
    0.895754006238356527E-02    0.867782132902500507E+03    0.722608746909660660E+01    0.984797455325471027E+01    0.181468473521059614E+01    0.200690722670469945E+00
    0.873515213372887296E-02    0.867765746801193472E+03    0.127305308075818839E+02    0.526715934156519161E+01    0.157878984007113843E+01    0.195019573148537573E+00
    0.863511845663760685E-02    0.867722115995128661E+03    0.895322957613107917E+01    0.602771352854604903E+01    0.167016905400858739E+01    0.199878403538402249E+00
    0.894319319987084763E-02    0.867585338774656520E+03    0.107244294652993588E+02    0.669288223730441523E+01    0.163028334652848983E+01    0.198440785565626721E+00
    0.871617708852210835E-02    0.867570096052174449E+03    0.185278990304310334E+02    0.555114021295824411E+01    0.152861714388230752E+01    0.200070620046920888E+00
    0.853566105016679601E-02    0.867545285244660590E+03    0.992368719295072843E+01    0.653432908818528535E+01    0.173072010246845309E+01    0.196091148126004589E+00
    0.837549267940954079E-02    0.867516504381120512E+03    0.143845256894292906E+02    0.885734633649857095E+01    0.186298341050330940E+01    0.205962178066422918E+00
    0.813799299179234631E-02    0.867507370344383162E+03    0.131305493902032246E+02    0.537024181759967689E+01    0.157375881109737215E+01    0.200266684570321818E+00
    0.797464409500863412E-02    0.867481256814353401E+03    0.132201816703280155E+02    0.653137016576800455E+01    0.159740858499694660E+01    0.197511731687774361E+00
    0.789817269210235998E-02    0.867433861332025117E+03    0.869728803160521835E+01    0.820721654226438879E+01    0.176926840770590843E+01    0.193825927953993116E+00
    0.775136026262885844E-02    0.867404720829755206E+03    0.166557853464823395E+02    0.528273826785783207E+01    0.158565265772088360E+01    0.201896606894361286E+00
    0.827901959672817586E-02    0.867206341744144538E+03    0.106826265407583225E+02    0.675446270803812787E+01    0.172817132357533154E+01    0.195389732356564982E+00
    0.854906377637532251E-02    0.867075480633638563E+03    0.140072293666606598E+02    0.585766937899640538E+01    0.157611409784229295E+01    0.195932065038692649E+00
    0.833952529646743955E-02    0.867058444929476082E+03    0.128011643145872878E+02    0.703666581080963915E+01    0.165306699111900102E+01    0.200456173427367546E+00
    0.853255572494802592E-02    0.866946012989168139E+03    0.111532927631922867E+02    0.978788427757451096E+01    0.192843920166648175E+01    0.204956642355899943E+00
    0.827509685004732334E-02    0.866940622937610897E+03    0.155538868639365688E+02    0.529056426141557168E+01    0.155784905935278672E+01    0.195830448105053456E+00
    0.803308598082872957E-02    0.866933320000027379E+03    0.127701976349941688E+02    0.832153738514956665E+01    0.185910602541878589E+01    0.203939538755769867E+00
    0.812720233108252255E-02    0.866843357359293350E+03    0.145462077570205075E+02    0.685166868370800763E+01    0.164214913692710063E+01    0.200904863532540778E+00
    0.794392377737552884E-02    0.866822309524458888E+03    0.174310553552136227E+02    0.536503878105387333E+01    0.159080635047242680E+01    0.195446100984214777E+00
    0.777971352085289527E-02    0.866797418491200233E+03    0.144189758201399609E+02    0.787223183238500113E+01    0.173802982711298526E+01    0.203660193541222778E+00
    0.759397330212038986E-02    0.866779080962235184E+03    0.872684956858668670E+01    0.863591901631312986E+01    0.182373618027329165E+01    0.202499385516334174E+00
    0.760014745031814716E-02    0.866710788890943149E+03    0.138512092957867736E+02    0.615917035033592963E+01    0.162217994602198701E+01    0.200315739355370726E+00
    0.735723066190258936E-02    0.866709090334858502E+03    0.109602445878579111E+02    0.773627401618493771E+01    0.180177552072779257E+01    0.195470848149080112E+00
    0.750613287007132531E-02    0.866602350049724919E+03    0.956803086612210940E+01    0.871625935197825186E+01    0.182067516109516170E+01    0.202802587535853895E+00
    0.768507899875572713E-02    0.866488562874783383E+03    0.109153470061432607E+02    0.801950858351592188E+01    0.172443246775249470E+01    0.195133854541794660E+00
    0.747179342760783630E-02    0.866478187412507395E+03    0.102093795773236131E+02    0.871390837572451638E+01    0.180673566786577666E+01    0.194131957857677451E+00
    0.735896895032302212E-02    0.866441951185220887E+03    0.136342951871264617E+02    0.853575789258933781E+01    0.177811773852903521E+01    0.203678945161420710E+00
    0.740126427270482341E-02    0.866363822521306247E+03    0.113016377994367456E+02    0.903677877749959890E+01    0.192352633279641871E+01    0.201761405892443291E+00
    0.722423028393966941E-02    0.866345576134743169E+03    0.191073725763327325E+02    0.716011886964160915E+01    0.166922077833278948E+01    0.202669756500991394E+00
    0.722220904864764347E-02    0.866279469117484496E+03    0.111029334952733461E+02    0.808130200204134397E+01    0.182854994368797641E+01    0.196209927685573104E+00
    0.698903880869255079E-02    0.866278438113257835E+03    0.763340783703267878E+01    0.999763013158695024E+01    0.196840511412410635E+01    0.199871097191585578E+00
    0.680255775746137388E-02    0.866265860156675899E+03    0.194488659147690406E+02    0.598901675040614290E+01    0.159113842042951426E+01    0.200635178397623903E+00
    0.670037732861031732E-02    0.866229463169504925E+03    0.169767288031325272E+02    0.550451415780034914E+01    0.158234480706747327E+01    0.197073415302810862E+00
    0.649795933341985009E-02    0.866224147830057063E+03    0.104815171182220936E+02    0.888029212244764032E+01    0.190045158085017540E+01    0.197469382482688527E+00
    0.644879061536690872E-02    0.866172672297732788E+03    0.177365386857136329E+02    0.590955094757242083E+01    0.158813007460470246E+01    0.199462040579533539E+00
    0.651611165518657057E-02    0.866085235202264812E+03    0.985652817763374856E+01    0.872039313131985239E+01    0.183298698731442045E+01    0.195288390418274505E+00
    0.644999891688395350E-02    0.866038964262101217E+03    0.890971320236672426E+01    0.935542987184382646E+01    0.181492285423096078E+01    0.200477836637621865E+00
    0.624947057808133977E-02    0.866035464015893012E+03    0.100969947816982071E+02    0.790959023698811858E+01    0.178951687227669254E+01    0.196375018261898848E+00
    0.606130018236076228E-02    0.866029942197307264E+03    0.177056370819107549E+02    0.575469703232736940E+01    0.160379691047825190E+01    0.196370354614829656E+00
    0.587331590709964588E-02    0.866026285458213806E+03    0.137619875496568511E+02    0.861535432238256860E+01    0.171730598723219074E+01    0.196281598700565496E+00
    0.575880600405891986E-02    0.865998997196683831E+03    0.729354043720321865E+01    0.986031071011628235E+01    0.187524217087903189E+01    0.196132825301452929E+00
    0.582233111297257751E-02    0.865910389421681884E+03    0.157523336629214725E+02    0.617724424921969106E+01    0.161950765528588825E+01    0.197165843698640542E+00
    0.585013339747027239E-02    0.865834195259926219E+03    0.189791405213037088E+02    0.598510951154503257E+01    0.159606255865433511E+01    0.196181639298705246E+00
    0.574324972540631896E-02    0.865804407112442732E+03    0.144123318914663336E+02    0.917209449691484835E+01    0.191115109397341598E+01    0.203008244136609894E+00
    0.578157455247107783E-02    0.865724438735515832E+03    0.110009427796190948E+02    0.772109988541675030E+01    0.174694627382253564E+01    0.199789438680233467E+00
    0.576754238286932962E-02    0.865662632068651874E+03    0.158843743326114222E+02    0.837702955565524476E+01    0.182984507018233344E+01    0.203407094183874371E+00
    0.573631177093186610E-02    0.865606824610818876E+03    0.115834951349167774E+02    0.876587944855337575E+01    0.178793661323037512E+01    0.195046446568281295E+00
    0.558754201124883783E-02    0.865592711897126946E+03    0.165589377419107073E+02    0.864809070188480788E+01    0.180650807834912897E+01    0.203871858317786758E+00
    0.545424217111905359E-02    0.865574336816033792E+03    0.139785826952651746E+02    0.755805538315672187E+01    0.168950753036280155E+01    0.198138853235175549E+00
    0.528935978954129041E-02    0.865569063089649262E+03    0.143356799189097277E+02    0.707256704592369267E+01    0.168872415770696271E+01    0.196283638746505007E+00
    0.517932686428968815E-02    0.865544440656836287E+03    0.117227524313178399E+02    0.809933933216675328E+01    0.174780840806266724E+01    0.196219217188344341E+00
    0.504210867984681167E-02    0.865531475420983497E+03    0.182753099816882560E+02    0.704832032853793677E+01    0.165639536072818849E+01    0.200286845721656892E+00
    0.488855709877358824E-02    0.865526663144961731E+03    0.115993781825287137E+02    0.782868208450339420E+01    0.173582742078181873E+01    0.197148030142585418E+00
    0.487556966321750149E-02    0.865465316951300792E+03    0.156536662058870046E+02    0.790620424639271135E+01    0.169431542381728306E+01    0.196276429447497680E+00
    0.493445886271409034E-02    0.865374638160011273E+03    0.971941090770688376E+01    0.908063645630266159E+01    0.187098790106363566E+01    0.197453490491304784E+00
    0.481890388536516771E-02    0.865355364536148500E+03    0.162662517523978423E+02    0.934519292854379557E+01    0.186888410114666215E+01    0.204138080766782082E+00
    0.486305516235954749E-02    0.865270457105263176E+03    0.111841284693880993E+02    0.856237905896767337E+01    0.182928277317247634E+01    0.200871089649583778E+00
    0.474253337115625260E-02    0.865253981269027918E+03    0.176728479608179256E+02    0.695860593422126961E+01    0.167910339374587636E+01    0.200566108245429309E+00
    0.467684576311374646E-02    0.865215209720278381E+03    0.992487393990874445E+01    0.877674954763027593E+01    0.182328965439544177E+01    0.197529881894407566E+00
    0.453698332220737674E-02    0.865209266205086351E+03    0.161267675857355144E+02    0.708689197187430153E+01    0.174500887002994176E+01    0.198296297080688078E+00
    0.440024980837887183E-02    0.865203801559978274E+03    0.105595981836407127E+02    0.841614515437739641E+01    0.179636536837537264E+01    0.197823282210095153E+00
    0.426504662275023570E-02    0.865199551296477694E+03    0.139108762988170511E+02    0.869324911665327171E+01    0.176665970217164237E+01    0.195148732620296528E+00
    0.418020779958387743E-02    0.865173068938293000E+03    0.111436116527250810E+02    0.979115093264782388E+01    0.184679037585104666E+01    0.201872674083923620E+00
    0.405119502837412385E-02    0.865169100375209382E+03    0.145710817326807440E+02    0.719218669727924453E+01    0.169878738544570851E+01    0.198254918470871289E+00
    0.393875086153800888E-02    0.865158730255553564E+03    0.179718441151218613E+02    0.665475682915097977E+01    0.165261431446359097E+01    0.197195485825149674E+00
    0.384213386532302565E-02    0.865141735041826450E+03    0.177683846254772817E+02    0.668039488321806552E+01    0.168316091737792561E+01    0.199918984377773779E+00
    0.380302094179572545E-02    0.865095532716701655E+03    0.124593846372806958E+02    0.993093523721158178E+01    0.190755483936589698E+01    0.203054336567886295E+00
    0.371911686514585227E-02    0.865073485044683366E+03    0.116595651185220284E+02    0.938033855888738266E+01    0.188025471330813154E+01    0.201957460821780677E+00
    0.364113876941221833E-02    0.865049197891610675E+03    0.114644777947982455E+02    0.881581255451106038E+01    0.184535388456992244E+01    0.197127189020059435E+00
    0.353964331084018939E-02    0.865039072263027720E+03    0.852145073422638610E+01    0.985546316505794451E+01    0.188449115638267273E+01    0.198427666175092110E+00
    0.345997980166499281E-02    0.865017932018432930E+03    0.947758957337975438E+01    0.997629415788615148E+01    0.185380582122657600E+01    0.196704586641356816E+00
    0.337237291573643265E-02    0.865002557602772868E+03    0.112297865901827176E+02    0.963160497872896926E+01    0.187751836729792387E+01    0.195939106528865814E+00
    0.327263637535107248E-02    0.864995932405719032E+03    0.143353235680257249E+02    0.829854731179019645E+01    0.180314299460405891E+01    0.196179833970842710E+00
    0.316739380621856598E-02    0.864994639308009027E+03    0.120680595175335768E+02    0.940153150006158356E+01    0.181786165005507527E+01    0.201238508320852993E+00
    0.307057235015102247E-02    0.864990062899540135E+03    0.143643969068389961E+02    0.905167431909224618E+01    0.188411460154576105E+01    0.201812137259388846E+00
    0.300487748127820260E-02    0.864966650596797081E+03    0.115372343421725141E+02    0.915712032481713578E+01    0.182264930786045198E+01    0.201001123803978832E+00
    0.293583405737701158E-02    0.864946474342823876E+03    0.143155132928176023E+02    0.829040423687330019E+01    0.181662361387037308E+01    0.196919837710656909E+00
    0.285301652362597710E-02    0.864937037126770065E+03    0.159891677411596653E+02    0.757301971293786025E+01    0.169800131518307929E+01    0.198197193905307101E+00
    0.276380542919079080E-02    0.864933907170308885E+03    0.190914968592090233E+02    0.727826579917368477E+01    0.166844603107315947E+01    0.199006850422119852E+00
    0.267743822868363786E-02    0.864930736616091963E+03    0.153755657574581495E+02    0.769197793948272412E+01    0.173112027585633754E+01    0.200330162629510200E+00
    0.259682217053624261E-02    0.864925213943775361E+03    0.123999969848508069E+02    0.869450226225328926E+01    0.183999186552414784E+01    0.200859079543191710E+00
    0.256181845690659762E-02    0.864885689505762002E+03    0.119004071422023046E+02    0.917010392234998406E+01    0.183874439054410743E+01    0.196070053866223004E+00
    0.248050190273746895E-02    0.864883535681526155E+03    0.138259533886849297E+02    0.794235613385088079E+01    0.179613844495522379E+01    0.198860440459055487E+00
    0.240301157034626374E-02    0.864880345311129986E+03    0.116513864030346248E+02    0.905967000092324071E+01    0.180032945953043111E+01    0.196678148977041944E+00
    0.234036493534609457E-02    0.864866510442894651E+03    0.189405372337141706E+02    0.776011907777553134E+01    0.168977244743321720E+01    0.196288762960033614E+00
    0.232043532116192001E-02    0.864816947908183465E+03    0.105714849054942928E+02    0.947301078408609065E+01    0.182346429131958843E+01    0.197568283199652805E+00
    0.224653369091949023E-02    0.864815013961560453E+03    0.122385236270881279E+02    0.877086992855385894E+01    0.181916300594921587E+01    0.196692630311999794E+00
    0.218301284349629258E-02    0.864805712265934289E+03    0.134388980981767858E+02    0.838213820379749386E+01    0.179387506600371793E+01    0.200756351174245173E+00
    0.225459546414142654E-02    0.864740812707608256E+03    0.984846092980763821E+01    0.967880224527292299E+01    0.186859420646874597E+01    0.199736755430180546E+00
    0.227593976192032137E-02    0.864721967732671146E+03    0.136577847369247873E+02    0.830330824385972477E+01    0.181743149215328970E+01    0.199711604903322959E+00
    0.273716819934276701E-02    0.864352906067058484E+03    0.140156470743450754E+02    0.854262531477465892E+01    0.181535670486235468E+01    0.199293359248838842E+00
    0.293857388149396321E-02    0.864210905052528233E+03    0.137964021839330577E+02    0.893438820613967266E+01    0.181436217121289367E+01    0.199917815472703486E+00
    0.227205006748847039E-02    0.864725388756487064E+03    0.102320949510473351E+02    0.945879865409686182E+01    0.186839916752549584E+01    0.199625207784171588E+00
    0.231477065553080267E-02    0.864688132603721897E+03    0.130681197004726855E+02    0.861460640343675799E+01    0.182771379728437822E+01    0.197514893111090384E+00
    0.233057556092342022E-02    0.864674523313356076E+03    0.131727510584162388E+02    0.900283454389593807E+01    0.186278786885471170E+01    0.197554438540872956E+00
    0.219418901564892056E-02    0.864795128812604617E+03    0.110374810924984352E+02    0.882771842616983449E+01    0.183070878288541650E+01    0.198588899358767446E+00
    0.228146440324259901E-02    0.864717118793381815E+03    0.113469073351782406E+02    0.932089984052050369E+01    0.184400466515849715E+01    0.196659154019611870E+00
    0.300656899355415414E-02    0.864165154712483400E+03    0.146805856762590068E+02    0.862593097939929443E+01    0.181528829890580568E+01    0.198527965798769301E+00
    0.251879775338080709E-02    0.864519190419829101E+03    0.999162149172480163E+01    0.987971258683030662E+01    0.187953064723662422E+01    0.198331304080668902E+00
    0.275887394564419816E-02    0.864337108619673472E+03    0.135348204435537589E+02    0.872768948407980538E+01    0.180270962629387199E+01    0.199550443612492634E+00
    0.232696480088169944E-02    0.864677624315588673E+03    0.113607305089106614E+02    0.892236443087710285E+01    0.183636625268296605E+01    0.199271181715813706E+00
    0.230478226456804674E-02    0.864696781411691973E+03    0.134154551945414919E+02    0.862927661460598117E+01    0.183767380544147763E+01    0.200474377647876345E+00
    0.230992936198059357E-02    0.864692319941538699E+03    0.125316839234841915E+02    0.893558398552974786E+01    0.186345874922874088E+01    0.198722552716234402E+00
    0.229600482768427738E-02    0.864704412669002522E+03    0.137465123662342172E+02    0.805644743782869277E+01    0.177592837953957172E+01    0.197694404091165676E+00
    0.269198245441398289E-02    0.864386198043043805E+03    0.143345587886597503E+02    0.867573056868040027E+01    0.182691411857963004E+01    0.197631747062608332E+00
    0.247290710775480973E-02    0.864555964980692806E+03    0.105754939553773184E+02    0.969021151294342076E+01    0.189077550356060797E+01    0.199491406138224914E+00
    0.225537053263177032E-02    0.864740125280254233E+03    0.104997593762473791E+02    0.937682526362605451E+01    0.186043464519116952E+01    0.197578387760315222E+00
    0.266768519185758227E-02    0.864404331577142329E+03    0.128850169540189601E+02    0.915690186236235704E+01    0.180496270533190284E+01    0.197205314607791893E+00
    0.244697308151259037E-02    0.864577050263628280E+03    0.150386933692465163E+02    0.865121890701413321E+01    0.182930678859450069E+01    0.201400123670852027E+00
    0.273874993201010273E-02    0.864351750657007869E+03    0.110122651147407282E+02    0.982452208993161236E+01    0.184838928014531056E+01    0.198506768909981757E+00
    0.219537716153834052E-02    0.864794046112519482E+03    0.174109382144369285E+02    0.709727833955009579E+01    0.172487494490769322E+01    0.199121728357329664E+00
    0.259788991580039725E-02    0.864457354741853578E+03    0.156067166257530605E+02    0.797317595062460693E+01    0.174634617981085860E+01    0.199097820794809754E+00
    0.221805299714720539E-02    0.864773494265697082E+03    0.129910305905977488E+02    0.809896753288685822E+01    0.177020841906499093E+01    0.198314845180488364E+00
    0.235362604628555194E-02    0.864654839556459592E+03    0.174447961718385649E+02    0.743084704390544104E+01    0.170229622210175435E+01    0.199094857744700038E+00
    0.236028221818245822E-02    0.864649191439485548E+03    0.153281516730872127E+02    0.789996027699813030E+01    0.175318389547917164E+01    0.196924673721578403E+00
    0.265801813877956017E-02    0.864411592262234990E+03    0.176377764172052096E+02    0.792084093765492270E+01    0.172023893690706409E+01    0.197365895864842322E+00
    0.276876220953323161E-02    0.864329953102082072E+03    0.176181323874958409E+02    0.778129025989426903E+01    0.175217712501501488E+01    0.197395724900967684E+00
    0.230238119305092772E-02    0.864698866053799065E+03    0.123367335781763732E+02    0.853567193793379175E+01    0.178521377027861305E+01    0.198487134691682554E+00
