    0.366388904928120374E+00    0.943804269044597959E+02    0.378085689375391105E-04    0.361817710258170289E+01    0.118074534635897521E+01    0.148497233189577110E+00    0.145132074750471629E+00    0.806171423647340957E+00    0.719416136413986607E+02    0.544734621911525552E+00    0.255470937972484036E+01   -0.159687663474768633E+06
    0.665875163630554434E+00    0.589738104978602564E+02    0.385806442275917220E-05    0.216301774443049633E+01    0.103177496764411369E+01    0.147445267765342058E+00    0.135867612144958794E+00    0.816756032891491568E+00    0.720021401211814407E+02    0.544076904533344008E+00    0.255668858242969854E+01   -0.159686005646172591E+06
    0.460118405756239912E+00    0.150188475853238913E+03    0.111905924872858681E-04    0.305371553794493966E+01    0.443856578791424994E+01    0.150913779628659955E+00    0.134616169660702917E+00    0.809134356705934588E+00    0.723548437612370350E+02    0.544803250284469853E+00    0.256487994838473909E+01   -0.159685068291725271E+06
    0.305808986917777748E+00    0.130205003924005382E+03    0.122593333784002640E-05    0.101584784545462425E+01    0.391294144264995314E+01    0.150393416697719440E+00    0.139449332079718075E+00    0.816261774740578927E+00    0.718052480996187512E+02    0.546331201007732137E+00    0.255134608561735332E+01   -0.159685003188436182E+06
    0.353979015293408306E+00    0.131290859204798096E+02    0.206420589373625476E-05    0.314199394530066156E+01    0.412751624831734709E+01    0.152008218838034420E+00    0.140390838267181128E+00    0.816454912525811816E+00    0.729992880605785501E+02    0.545751942186916694E+00    0.255921269021506648E+01   -0.159684844895652990E+06
    0.721164924833319843E+00    0.157175097556229446E+03    0.634416985717310261E-05    0.848112912524998208E+00    0.271544681517470776E+01    0.153075801817713325E+00    0.144835204327040140E+00    0.806470620747388844E+00    0.720119466846230409E+02    0.546050727068782105E+00    0.255273173251385810E+01   -0.159684550554917107E+06
    0.273998913793964460E+00    0.422925540806932574E+02    0.638638833085513924E-05    0.140427158294283516E+01    0.677298064284369250E+01    0.159735210954764700E+00    0.147281120463092552E+00    0.806351718631106662E+00    0.731315275388430024E+02    0.540445784586449318E+00    0.257672611050004496E+01   -0.159684000913438678E+06
    0.779142268027651186E+00    0.112020145987742225E+03    0.182995356538935744E-04    0.179675107775937892E+01    0.701167602414614244E+01    0.154974902217797444E+00    0.141066755783570918E+00    0.812578554223040150E+00    0.730232591546733687E+02    0.543395391133673189E+00    0.256243808415633589E+01   -0.159683092777074315E+06
    0.663900345622601140E+00    0.131899945231305054E+03    0.233878013076427961E-05    0.443366070433635961E+00    0.445280598804825978E+01    0.158170730942064269E+00    0.136266567856052651E+00    0.805609431033532442E+00    0.729671978529102745E+02    0.541483988032092078E+00    0.257041257386416788E+01   -0.159682956201532070E+06
    0.490009165998482599E+00    0.262159300371830639E+02    0.147079488999138429E-03    0.200715671772720849E+01    0.137924474129055397E+01    0.154382030691276484E+00    0.141237645746400214E+00    0.805032065537432562E+00    0.725783594259923603E+02    0.543740005963572415E+00    0.256192205806580819E+01   -0.159682708393267647E+06
    0.443882478088882038E+00    0.174323477907824639E+03    0.181550405677700357E-05    0.458366254109672744E+00    0.441559864207901853E+01    0.155462654758097563E+00    0.138413541678050450E+00    0.810040890522090384E+00    0.712201880300424079E+02    0.544083087151465361E+00    0.256120286756300120E+01   -0.159682700883381680E+06
    0.621242125885225205E+00    0.147853661162191770E+03    0.364994937918982311E-05    0.412863492350610206E+00    0.263344608012551706E+01    0.147519394734834247E+00    0.134735096387412046E+00    0.812285119424496882E+00    0.727129640659185412E+02    0.541920463677567077E+00    0.256690088585361265E+01   -0.159682650690300216E+06
    0.235510490276558432E+00    0.568706037481373627E+02    0.397350126703869478E-05    0.161921418094970004E+01    0.731099465901381862E+01    0.158326286746577949E+00    0.140965380402964663E+00    0.815658507787284881E+00    0.723528565763511153E+02    0.544517639259019526E+00    0.256214454207619191E+01   -0.159682550303952710E+06
    0.396649292432109613E+00    0.487727438161992524E+02    0.264285344662671743E-04    0.100690495797721136E+01    0.634975283726279383E+01    0.159604059039311214E+00    0.138097565224357205E+00    0.811586728119687129E+00    0.723497170533112381E+02    0.543988605713372708E+00    0.256628737295559928E+01   -0.159682383208147017E+06
    0.474156031430677638E+00    0.120925042193463298E+03    0.110179127927291834E-04    0.167470895496298167E+01    0.327622805406433715E+01    0.154518093002305540E+00    0.144814297385242707E+00    0.811219733230009954E+00    0.727071953614773605E+02    0.540379319453378693E+00    0.257687882169821991E+01   -0.159682300202335668E+06
    0.359128197314374564E+00    0.431700406988555301E+02    0.314755451532324515E-04    0.232786589209706962E+01    0.468668204718228143E+01    0.151704230969681331E+00    0.139351446325696404E+00    0.811937376890849327E+00    0.719221792759323506E+02    0.543727829028023524E+00    0.256546048961133399E+01   -0.159682278495485923E+06
    0.382259125191785620E+00    0.416856545413461959E+02    0.208373523893521816E-05    0.718563818405318466E+00    0.624198924553361501E+01    0.162714373850902733E+00    0.142795022239782937E+00    0.810947697644871957E+00    0.723386300483514759E+02    0.541136343227060057E+00    0.257236255278551162E+01   -0.159682004011509416E+06
    0.706857571381310112E+00    0.144654010542070807E+03    0.389576613035404007E-05    0.176031951954804167E+01    0.543991962966917519E+01    0.149991799745649607E+00    0.138803103447713544E+00    0.805609761737753116E+00    0.726480289163634296E+02    0.543383506757061707E+00    0.257044565177272899E+01   -0.159681967474221456E+06
    0.687066435645414586E+00    0.149426996672303602E+03    0.420159859995763622E-05    0.193937360892835020E+01    0.443672356197477491E+01    0.158309393837162360E+00    0.148131871728171494E+00    0.809888151502437648E+00    0.725948733248166178E+02    0.544024564487375351E+00    0.256738543872128799E+01   -0.159681960906972206E+06
    0.526478848904641916E+00    0.428386038946524081E+02    0.138934254214584731E-04    0.209732491027671042E+01    0.633966170419998498E+01    0.149082421861038428E+00    0.137631535827526907E+00    0.808121702952878440E+00    0.726128259130855724E+02    0.541748896542996072E+00    0.257135072748401283E+01   -0.159681913236523193E+06
    0.571841820501710396E+00    0.114369399144491737E+03    0.191303644232902952E-05    0.113395767328907504E+01    0.170052716301724027E+01    0.159251377348904294E+00    0.146173744771252195E+00    0.809737028822998584E+00    0.725290509762674560E+02    0.541867674255922416E+00    0.257665258198302149E+01   -0.159681721020677709E+06
    0.644388318784264724E+00    0.483037897672490644E+02    0.724934273363757959E-05    0.115941357678171508E+01    0.317300624247225294E+01    0.156960712867920599E+00    0.145755346632203020E+00    0.811696301075834015E+00    0.725081329935447769E+02    0.541196465610370381E+00    0.256868452306484052E+01   -0.159681640931865666E+06
    0.641203087417384632E+00    0.428208446806276228E+02    0.179180823638559057E-04    0.115785660756723208E+01    0.244899618847896816E+01    0.152211092584027347E+00    0.136347456942916750E+00    0.811248137209590769E+00    0.716916308948670604E+02    0.543254398677183392E+00    0.256294583144649790E+01   -0.159681539223085507E+06
    0.202308326557504053E+00    0.661210955061278867E+02    0.213965934217629226E-05    0.428766253467242398E+00    0.212189791433718300E+01    0.148239652348318485E+00    0.141578470384058797E+00    0.810908396252457253E+00    0.718622785374411421E+02    0.545648615683359983E+00    0.255474516095320059E+01   -0.159681537532834045E+06
    0.775746306840289224E+00    0.167159670842726200E+03    0.296520888878459948E-05    0.311465285122374969E+01    0.705140340977777136E+01    0.153197269149824122E+00    0.140424442272088917E+00    0.806409898603288156E+00    0.732118112048387104E+02    0.542345355112103356E+00    0.257159866771463630E+01   -0.159681486087113502E+06
    0.258255274081391928E+00    0.875194357772570157E+02    0.238316371981519588E-04    0.131748959952073941E+01    0.247572557691404782E+01    0.153534336268801086E+00    0.141414972335244943E+00    0.811629563225558126E+00    0.729894458569455367E+02    0.541843870306580655E+00    0.257380499834332310E+01   -0.159681442585398239E+06
    0.749107906784852728E+00    0.159137900680488372E+03    0.239979411393602987E-05    0.241505756627497004E+01    0.463205878908128632E+01    0.150465729962622446E+00    0.143136766495940509E+00    0.810480817203780735E+00    0.729720919409186024E+02    0.541324827398375619E+00    0.257471210429864161E+01   -0.159681401030198089E+06
    0.334794062899760214E+00    0.167612320615266782E+03    0.114729130364569981E-04    0.236887820572149799E+00    0.792099801117309155E+00    0.158065113943490321E+00    0.139607589055391612E+00    0.807878354733144288E+00    0.730283146827724323E+02    0.545511526998024299E+00    0.256131404013267749E+01   -0.159681400561641261E+06
    0.846977823181320755E+00    0.171312354730472293E+03    0.403519995833351514E-04    0.200834005200564203E+01    0.170111992552775804E+01    0.154341014515047087E+00    0.138626059249398748E+00    0.809298364454382524E+00    0.723885415858212440E+02    0.544809575787834621E+00    0.255652963114792264E+01   -0.159681387919603905E+06
    0.362110608599927386E+00    0.771176810068762677E+02    0.968605326803190751E-05    0.190725203675297328E+00    0.240735942130372749E+01    0.153666310492299368E+00    0.135348486645078703E+00    0.806946623377938987E+00    0.730137171070725657E+02    0.541777306995195107E+00    0.256997462428730694E+01   -0.159681377723550075E+06
    0.606141724137983617E+00    0.155905188852549230E+03    0.331853525151097998E-05    0.708665188726699702E+00    0.464173550855103301E+01    0.159051671813790652E+00    0.143488672602871986E+00    0.806262244831306596E+00    0.731298734554400767E+02    0.542006588321653826E+00    0.257458710852808492E+01   -0.159681340478918981E+06
    0.787085782994316530E+00    0.122487404486375695E+03    0.146054751283375720E-05    0.264600330848443388E+01    0.451029264068228475E+01    0.151523596504693686E+00    0.134936041796732298E+00    0.809257753307951688E+00    0.721681613251651299E+02    0.541682688360931031E+00    0.257226412544873861E+01   -0.159681311522393080E+06
    0.551540924682925926E+00    0.333904048604713850E+02    0.175496261237591580E-05    0.123898332980776571E+01    0.721269181438248452E+01    0.155291911312380126E+00    0.143795423642896575E+00    0.808148940315982722E+00    0.731062153654339966E+02    0.540665046455723552E+00    0.257267107674194495E+01   -0.159681251948363817E+06
    0.371099320922063158E+00    0.140911910424696515E+03    0.600722526166521282E-04    0.118721927365669652E+00    0.478827441860347847E+01    0.158808623020370715E+00    0.136897382964357217E+00    0.810268722756401383E+00    0.726869977605729787E+02    0.541634352014103482E+00    0.257172449101685840E+01   -0.159681157785081188E+06
    0.287219610892630650E+00    0.148272820058335402E+02    0.123427834042398282E-04    0.108034954409195916E+00    0.221159128886240630E+01    0.148146673499050641E+00    0.137695736462069895E+00    0.811120383113143051E+00    0.721126504072914400E+02    0.541278068688714087E+00    0.257086988239410585E+01   -0.159681059614632220E+06
    0.430506885731840594E+00    0.472499171674474852E+02    0.129656801813485179E-04    0.100153601287461913E+01    0.490742458997476039E+01    0.156861596467224279E+00    0.138568250486400313E+00    0.808011355753066596E+00    0.729119978795143169E+02    0.540799770205345198E+00    0.257405747751679836E+01   -0.159680967681755603E+06
    0.627676058028507899E+00    0.168052798000487144E+03    0.209062749157566924E-05    0.704512609190549144E+00    0.342526659649573606E+01    0.155327342666639112E+00    0.142239750442442164E+00    0.812168740486358676E+00    0.721362269191385366E+02    0.540550729893726323E+00    0.257629989135529458E+01   -0.159680868397454295E+06
    0.627676058028507899E+00    0.168052798000487144E+03    0.209062749157566924E-05    0.704512609190549144E+00    0.342526659649573606E+01    0.155327342666639112E+00    0.142239750442442164E+00    0.812168740486358676E+00    0.721362269191385366E+02    0.540550729893726323E+00    0.257629989135529458E+01   -0.159680868397454295E+06
    0.477883618374872754E+00    0.160885090059544666E+03    0.758949491019141959E-05    0.124107877570089209E+01    0.132445118166771003E+01    0.152547809681956331E+00    0.139912832117009001E+00    0.811432415370961335E+00    0.721865425805187044E+02    0.541076681086034461E+00    0.257641818903037212E+01   -0.159680849892256199E+06
    0.569873327202149893E+00    0.357647180722846301E+02    0.503493389951431851E-05    0.757098633054441583E+00    0.610847485889456454E+01    0.158174918067142622E+00    0.141965639401114369E+00    0.810209330147076079E+00    0.717834654002177501E+02    0.544172999681032055E+00    0.255878904600436341E+01   -0.159680816702101467E+06
    0.741318507857928077E+00    0.894286744057784233E+02    0.272126005426226960E-05    0.168682655306629736E+01    0.698038053039472040E+01    0.155945988139713554E+00    0.144098332459152628E+00    0.805715722202341444E+00    0.728365334424531028E+02    0.541416273925506064E+00    0.257453234802693354E+01   -0.159680673527374922E+06
    0.741318507857928077E+00    0.894286744057784233E+02    0.272126005426226960E-05    0.168682655306629736E+01    0.698038053039472040E+01    0.155945988139713554E+00    0.144098332459152628E+00    0.805715722202341444E+00    0.728365334424531028E+02    0.541416273925506064E+00    0.257453234802693354E+01   -0.159680673527374922E+06
    0.910791190459004918E+00    0.161528578463533876E+03    0.659098932720097129E-05    0.144948817834585397E+01    0.624394463490364648E+00    0.149782237993881490E+00    0.139144890577529989E+00    0.810971577824126433E+00    0.718389896890981561E+02    0.544313955605755795E+00    0.255699194572142652E+01   -0.159680627420899284E+06
    0.556827309633972867E+00    0.718019607520675578E+02    0.150002538210974349E-05    0.178294531324846406E+01    0.716856569944021871E+01    0.155340362101400981E+00    0.142928808884453196E+00    0.806174947679756393E+00    0.731973401683389824E+02    0.541875753511854796E+00    0.257230404337269292E+01   -0.159680618879415531E+06
    0.556827309633972867E+00    0.718019607520675578E+02    0.150002538210974349E-05    0.178294531324846406E+01    0.716856569944021871E+01    0.155340362101400981E+00    0.142928808884453196E+00    0.806174947679756393E+00    0.731973401683389824E+02    0.541875753511854796E+00    0.257230404337269292E+01   -0.159680618879415531E+06
    0.558481641847861088E+00    0.122530069064154276E+03    0.102656697331445060E-05    0.865453142048462576E+00    0.623893990525718678E+01    0.157963076707305417E+00    0.142029739119645393E+00    0.811128375644152522E+00    0.721058790707926676E+02    0.542067214851873813E+00    0.257472795348971140E+01   -0.159680605769222224E+06
    0.558481641847861088E+00    0.122530069064154276E+03    0.102656697331445060E-05    0.865453142048462576E+00    0.623893990525718678E+01    0.157963076707305417E+00    0.142029739119645393E+00    0.811128375644152522E+00    0.721058790707926676E+02    0.542067214851873813E+00    0.257472795348971140E+01   -0.159680605769222224E+06
    0.829345915671099609E+00    0.132097355433736283E+03    0.876386359310225427E-05    0.314105478268424232E+01    0.371636128199799831E+01    0.153006894565628881E+00    0.140641980948407463E+00    0.808566977866435055E+00    0.730074624316570322E+02    0.544078685703124232E+00    0.256216191418684369E+01   -0.159680579367669270E+06
    0.304021552562664943E+00    0.145196083891033112E+03    0.268728755318895965E-05    0.890356423794265606E+00    0.708791192448017160E+01    0.152595091332247995E+00    0.136729232033258763E+00    0.813570483979206394E+00    0.728021425780165146E+02    0.543619678763686998E+00    0.256163510270531303E+01   -0.159680572486524412E+06
    0.304021552562664943E+00    0.145196083891033112E+03    0.268728755318895965E-05    0.890356423794265606E+00    0.708791192448017160E+01    0.152595091332247995E+00    0.136729232033258763E+00    0.813570483979206394E+00    0.728021425780165146E+02    0.543619678763686998E+00    0.256163510270531303E+01   -0.159680572486524412E+06
    0.604873735556197945E+00    0.639763190131850763E+02    0.307648731623965129E-05    0.143145106180741033E+01    0.470882043284291196E+01    0.159193350873259309E+00    0.140068072642104052E+00    0.808228301954099670E+00    0.718712395660869703E+02    0.544233354605726638E+00    0.256139238625490018E+01   -0.159680479573772493E+06
    0.604873735556197945E+00    0.639763190131850763E+02    0.307648731623965129E-05    0.143145106180741033E+01    0.470882043284291196E+01    0.159193350873259309E+00    0.140068072642104052E+00    0.808228301954099670E+00    0.718712395660869703E+02    0.544233354605726638E+00    0.256139238625490018E+01   -0.159680479573772493E+06
    0.693468859890062905E+00    0.537885577668387356E+02    0.504739010826721630E-05    0.269601940278307062E+01    0.498979380141218076E+01    0.149907802198112894E+00    0.137634707826270880E+00    0.808846635562223693E+00    0.723704936770682536E+02    0.544561093847504618E+00    0.255817959450024590E+01   -0.159680456303779501E+06
    0.693468859890062905E+00    0.537885577668387356E+02    0.504739010826721630E-05    0.269601940278307062E+01    0.498979380141218076E+01    0.149907802198112894E+00    0.137634707826270880E+00    0.808846635562223693E+00    0.723704936770682536E+02    0.544561093847504618E+00    0.255817959450024590E+01   -0.159680456303779501E+06
    0.396066086774758019E+00    0.123752581314893391E+03    0.118034324325286301E-04    0.212895325117882317E+01    0.108016709902447761E+01    0.154216066056588941E+00    0.138908742729159651E+00    0.807994394484722767E+00    0.731162357312485369E+02    0.545154470397879898E+00    0.256143378621705642E+01   -0.159680449572334444E+06
    0.478105854802744756E+00    0.109652189859822826E+03    0.437358250871093467E-05    0.802227890979366531E+00    0.301056717457666334E+01    0.153125448267322217E+00    0.144092605692587972E+00    0.807554473717686738E+00    0.726587660162719544E+02    0.541994967783747894E+00    0.257512539785485783E+01   -0.159680442033134954E+06
    0.478105854802744756E+00    0.109652189859822826E+03    0.437358250871093467E-05    0.802227890979366531E+00    0.301056717457666334E+01    0.153125448267322217E+00    0.144092605692587972E+00    0.807554473717686738E+00    0.726587660162719544E+02    0.541994967783747894E+00    0.257512539785485783E+01   -0.159680442033134954E+06
    0.472550316357696121E+00    0.238994019316010675E+01    0.557904120350556679E-05    0.888364981478261262E+00    0.747715226667728405E+01    0.160183118964307564E+00    0.147138604253263611E+00    0.808459499720878050E+00    0.723444488341642113E+02    0.542106420168255276E+00    0.257055501844225054E+01   -0.159680421158428828E+06
    0.472550316357696121E+00    0.238994019316010675E+01    0.557904120350556679E-05    0.888364981478261262E+00    0.747715226667728405E+01    0.160183118964307564E+00    0.147138604253263611E+00    0.808459499720878050E+00    0.723444488341642113E+02    0.542106420168255276E+00    0.257055501844225054E+01   -0.159680421158428828E+06
    0.264812835777332722E+00    0.135246456187350475E+03    0.812594380049906170E-05    0.276994031823513676E+00    0.650895725822551530E+01    0.150784488841257114E+00    0.138749584230295292E+00    0.812251699246625991E+00    0.730419014652342042E+02    0.542169121847697832E+00    0.257124612864765067E+01   -0.159680399678318645E+06
    0.646620540547753198E+00    0.156400886337744879E+03    0.121050734096244030E-04    0.338192958297221891E+01    0.154799703655112109E+01    0.150226182097483951E+00    0.135916967392407884E+00    0.810732902113660225E+00    0.723287847876887611E+02    0.543803201487129684E+00    0.256673796658244457E+01   -0.159680355218321434E+06
    0.646620540547753198E+00    0.156400886337744879E+03    0.121050734096244030E-04    0.338192958297221891E+01    0.154799703655112109E+01    0.150226182097483951E+00    0.135916967392407884E+00    0.810732902113660225E+00    0.723287847876887611E+02    0.543803201487129684E+00    0.256673796658244457E+01   -0.159680355218321434E+06
    0.597114898481940548E+00    0.651177820567120165E+02    0.798586215473559081E-04    0.208271383961524392E+00    0.401304201775527503E+01    0.158135390109126167E+00    0.139198809054228073E+00    0.807677059319032109E+00    0.723505012613646272E+02    0.544858982793619440E+00    0.255819971582009931E+01   -0.159680330701541738E+06
    0.886086963871691724E+00    0.548711410149637331E+02    0.153068413101859719E-05    0.199053891075521494E+01    0.721101411922438018E+01    0.158349415692703416E+00    0.140616990734633962E+00    0.805959813881905740E+00    0.727344126083008575E+02    0.543640863669790364E+00    0.256263873332645042E+01   -0.159680228430353221E+06
    0.886086963871691724E+00    0.548711410149637331E+02    0.153068413101859719E-05    0.199053891075521494E+01    0.721101411922438018E+01    0.158349415692703416E+00    0.140616990734633962E+00    0.805959813881905740E+00    0.727344126083008575E+02    0.543640863669790364E+00    0.256263873332645042E+01   -0.159680228430353221E+06
    0.376777558766136778E+00    0.123387656889403686E+03    0.866561840681988697E-05    0.254028912198684398E+00    0.536182492661217314E+01    0.153569518474550387E+00    0.141761969697355245E+00    0.806811761478151368E+00    0.732164368203697791E+02    0.543812347650515671E+00    0.256672022852766801E+01   -0.159680209951021476E+06
    0.376777558766136778E+00    0.123387656889403686E+03    0.866561840681988697E-05    0.254028912198684398E+00    0.536182492661217314E+01    0.153569518474550387E+00    0.141761969697355245E+00    0.806811761478151368E+00    0.732164368203697791E+02    0.543812347650515671E+00    0.256672022852766801E+01   -0.159680209951021476E+06
    0.214373191451030565E+00    0.429061651229761623E+02    0.678680150248220455E-05    0.108484331278981294E+01    0.293174224971688080E+01    0.151925366416675339E+00    0.140203363034276107E+00    0.811190771510052588E+00    0.733035551851903193E+02    0.542829875174325793E+00    0.256898144411017926E+01   -0.159680204488868709E+06
    0.214373191451030565E+00    0.429061651229761623E+02    0.678680150248220455E-05    0.108484331278981294E+01    0.293174224971688080E+01    0.151925366416675339E+00    0.140203363034276107E+00    0.811190771510052588E+00    0.733035551851903193E+02    0.542829875174325793E+00    0.256898144411017926E+01   -0.159680204488868709E+06
    0.593752032870291657E+00    0.922738084910479159E+02    0.274382832959618080E-05    0.102790938362986095E+01    0.598296095448820253E+01    0.154273094305163949E+00    0.140883289253445454E+00    0.807645045001684991E+00    0.725206796174101811E+02    0.546038398405986114E+00    0.255614621094080441E+01   -0.159680153890447458E+06
    0.513826449838409749E+00    0.178646565320335952E+03    0.176270080975688889E-05    0.562169802311376809E+00    0.350471838474850994E+01    0.154335059713152256E+00    0.137918769380104278E+00    0.806216886833988289E+00    0.722808158829023171E+02    0.545345502736505616E+00    0.255964341927939065E+01   -0.159680146439974953E+06
    0.513826449838409749E+00    0.178646565320335952E+03    0.176270080975688889E-05    0.562169802311376809E+00    0.350471838474850994E+01    0.154335059713152256E+00    0.137918769380104278E+00    0.806216886833988289E+00    0.722808158829023171E+02    0.545345502736505616E+00    0.255964341927939065E+01   -0.159680146439974953E+06
    0.300530410886412913E+00    0.573875420203649043E+02    0.148546303907475256E-04    0.698771211968621575E+00    0.311893178229392065E+01    0.155391778626800148E+00    0.140895354763730857E+00    0.806004199497661444E+00    0.722518231232515262E+02    0.541130511125074820E+00    0.257529763652419286E+01   -0.159680116306060110E+06
    0.300530410886412913E+00    0.573875420203649043E+02    0.148546303907475256E-04    0.698771211968621575E+00    0.311893178229392065E+01    0.155391778626800148E+00    0.140895354763730857E+00    0.806004199497661444E+00    0.722518231232515262E+02    0.541130511125074820E+00    0.257529763652419286E+01   -0.159680116306060110E+06
    0.922365008906299799E+00    0.257082577310385290E+02    0.112902610567424484E-05    0.166990916418254831E+01    0.613047830715262876E+01    0.153772807117252636E+00    0.139529174647663123E+00    0.809560615072819179E+00    0.718805281808726306E+02    0.542983679020465848E+00    0.256163330618336627E+01   -0.159680108604333072E+06
    0.922365008906299799E+00    0.257082577310385290E+02    0.112902610567424484E-05    0.166990916418254831E+01    0.613047830715262876E+01    0.153772807117252636E+00    0.139529174647663123E+00    0.809560615072819179E+00    0.718805281808726306E+02    0.542983679020465848E+00    0.256163330618336627E+01   -0.159680108604333072E+06
    0.615805666144949471E+00    0.130132876408725934E+03    0.141518045678520143E-04    0.230017851363149717E+01    0.225809860950522889E+01    0.151774416586400562E+00    0.141633103740706423E+00    0.810067282751371298E+00    0.724110863304257322E+02    0.544729046996971666E+00    0.256427084409492778E+01   -0.159680078214289126E+06
    0.615805666144949471E+00    0.130132876408725934E+03    0.141518045678520143E-04    0.230017851363149717E+01    0.225809860950522889E+01    0.151774416586400562E+00    0.141633103740706423E+00    0.810067282751371298E+00    0.724110863304257322E+02    0.544729046996971666E+00    0.256427084409492778E+01   -0.159680078214289126E+06
    0.209846653099524827E+00    0.224576165173914077E+02    0.283372326752578118E-05    0.164405643304886717E+01    0.722239837455953460E+01    0.153368365718678318E+00    0.143294714819846458E+00    0.813568644729973700E+00    0.728075135658996260E+02    0.542907437489290379E+00    0.256364335672464971E+01   -0.159680057411977090E+06
    0.209846653099524827E+00    0.224576165173914077E+02    0.283372326752578118E-05    0.164405643304886717E+01    0.722239837455953460E+01    0.153368365718678318E+00    0.143294714819846458E+00    0.813568644729973700E+00    0.728075135658996260E+02    0.542907437489290379E+00    0.256364335672464971E+01   -0.159680057411977090E+06
    0.967242540248502092E+00    0.153667284065092616E+03    0.119156766817810844E-04    0.214645824875807234E+01    0.353438263900566962E+01    0.151114134986321952E+00    0.141978246611216996E+00    0.808694607945878774E+00    0.723062855444457853E+02    0.543991217989101217E+00    0.256104657374954670E+01   -0.159680050246131257E+06
    0.967242540248502092E+00    0.153667284065092616E+03    0.119156766817810844E-04    0.214645824875807234E+01    0.353438263900566962E+01    0.151114134986321952E+00    0.141978246611216996E+00    0.808694607945878774E+00    0.723062855444457853E+02    0.543991217989101217E+00    0.256104657374954670E+01   -0.159680050246131257E+06
    0.730175222975201654E+00    0.143060333749387667E+03    0.215402136278886363E-05    0.295478003913522702E+01    0.131166453804404926E+01    0.150992750623934247E+00    0.135143226637901237E+00    0.810198024696428432E+00    0.725827280576747285E+02    0.543676789016357076E+00    0.256668342219852041E+01   -0.159679879496370791E+06
    0.730175222975201654E+00    0.143060333749387667E+03    0.215402136278886363E-05    0.295478003913522702E+01    0.131166453804404926E+01    0.150992750623934247E+00    0.135143226637901237E+00    0.810198024696428432E+00    0.725827280576747285E+02    0.543676789016357076E+00    0.256668342219852041E+01   -0.159679879496370791E+06
    0.241402639979858752E+00    0.913216234941132541E+02    0.107723456661068096E-04    0.114699417527776504E+01    0.235987902112635073E+01    0.153154679687472400E+00    0.142887721887015845E+00    0.810621809317002118E+00    0.731247647105110730E+02    0.544133938877439549E+00    0.256422946640687544E+01   -0.159679866332524456E+06
    0.241402639979858752E+00    0.913216234941132541E+02    0.107723456661068096E-04    0.114699417527776504E+01    0.235987902112635073E+01    0.153154679687472400E+00    0.142887721887015845E+00    0.810621809317002118E+00    0.731247647105110730E+02    0.544133938877439549E+00    0.256422946640687544E+01   -0.159679866332524456E+06
    0.659639466398474150E+00    0.668251569530646066E+02    0.380376201625601547E-05    0.212308004902504166E+01    0.395940541782418753E+01    0.153858414222512868E+00    0.137209584763087145E+00    0.807178251767229016E+00    0.721217948311869037E+02    0.542452379125521134E+00    0.257051956373978863E+01   -0.159679864271056256E+06
    0.889260828802493242E+00    0.147130662073359474E+03    0.273426122621104332E-05    0.179194800223657547E+01    0.383094083059115675E+01    0.151316568245345479E+00    0.140993362406000217E+00    0.812211149321704351E+00    0.719341764669878501E+02    0.545080882098839092E+00    0.256152042891904408E+01   -0.159679860013697937E+06
    0.889260828802493242E+00    0.147130662073359474E+03    0.273426122621104332E-05    0.179194800223657547E+01    0.383094083059115675E+01    0.151316568245345479E+00    0.140993362406000217E+00    0.812211149321704351E+00    0.719341764669878501E+02    0.545080882098839092E+00    0.256152042891904408E+01   -0.159679860013697937E+06
    0.857508613223777028E+00    0.161127688759979179E+03    0.211771674828999342E-05    0.249127792548985560E+01    0.526809340190929021E+01    0.150815680170847788E+00    0.138994517218599678E+00    0.807510926380006877E+00    0.726382961253337527E+02    0.543673476234972863E+00    0.256852542858588562E+01   -0.159679838375943538E+06
    0.857508613223777028E+00    0.161127688759979179E+03    0.211771674828999342E-05    0.249127792548985560E+01    0.526809340190929021E+01    0.150815680170847788E+00    0.138994517218599678E+00    0.807510926380006877E+00    0.726382961253337527E+02    0.543673476234972863E+00    0.256852542858588562E+01   -0.159679838375943538E+06
    0.978879896027227359E+00    0.122728324505103643E+03    0.193999541922773673E-05    0.836435921523106529E+00    0.290249438969307061E+01    0.157071658061448766E+00    0.143550130189540909E+00    0.805926733250446059E+00    0.721924503971001030E+02    0.541488819340387728E+00    0.257290438955149670E+01   -0.159679714288710209E+06
    0.978879896027227359E+00    0.122728324505103643E+03    0.193999541922773673E-05    0.836435921523106529E+00    0.290249438969307061E+01    0.157071658061448766E+00    0.143550130189540909E+00    0.805926733250446059E+00    0.721924503971001030E+02    0.541488819340387728E+00    0.257290438955149670E+01   -0.159679714288710209E+06
    0.811206806750607301E+00    0.131015424365171242E+03    0.200047602369871928E-05    0.277579927290506567E+00    0.112171590992661852E+01    0.152449244169015258E+00    0.137577462119219424E+00    0.809072316765950594E+00    0.718323678867451321E+02    0.542087115808847830E+00    0.257039896449958949E+01   -0.159679671530936088E+06
    0.811206806750607301E+00    0.131015424365171242E+03    0.200047602369871928E-05    0.277579927290506567E+00    0.112171590992661852E+01    0.152449244169015258E+00    0.137577462119219424E+00    0.809072316765950594E+00    0.718323678867451321E+02    0.542087115808847830E+00    0.257039896449958949E+01   -0.159679671530936088E+06
    0.730428625733307246E+00    0.413348917994953311E+02    0.169457229485938167E-04    0.106583951986284098E+01    0.761255241465205179E+00    0.153904371769447323E+00    0.142953286939364710E+00    0.805910664141420874E+00    0.727572290696281527E+02    0.541736021536069590E+00    0.257120261529768479E+01   -0.159679668986666540E+06
    0.730428625733307246E+00    0.413348917994953311E+02    0.169457229485938167E-04    0.106583951986284098E+01    0.761255241465205179E+00    0.153904371769447323E+00    0.142953286939364710E+00    0.805910664141420874E+00    0.727572290696281527E+02    0.541736021536069590E+00    0.257120261529768479E+01   -0.159679668986666540E+06
    0.749954701872086904E+00    0.182539252841690747E+02    0.639781714372327720E-05    0.362546339234127801E+01    0.331935861821183842E+01    0.150156087541354621E+00    0.137772609405260482E+00    0.809146882378247501E+00    0.727314290809702584E+02    0.543290181529304084E+00    0.256462741941911965E+01   -0.159679590202336491E+06
    0.749954701872086904E+00    0.182539252841690747E+02    0.639781714372327720E-05    0.362546339234127801E+01    0.331935861821183842E+01    0.150156087541354621E+00    0.137772609405260482E+00    0.809146882378247501E+00    0.727314290809702584E+02    0.543290181529304084E+00    0.256462741941911965E+01   -0.159679590202336491E+06
    0.979755755909871962E+00    0.982326788292073587E+02    0.161527715902736939E-05    0.362171207738022094E+01    0.626786584768882893E+01    0.152129975773751397E+00    0.139801796304760279E+00    0.808444679901457519E+00    0.730130028415898522E+02    0.543309150771223659E+00    0.256363067701636638E+01   -0.159679482607404294E+06
    0.979755755909871962E+00    0.982326788292073587E+02    0.161527715902736939E-05    0.362171207738022094E+01    0.626786584768882893E+01    0.152129975773751397E+00    0.139801796304760279E+00    0.808444679901457519E+00    0.730130028415898522E+02    0.543309150771223659E+00    0.256363067701636638E+01   -0.159679482607404294E+06
    0.850258682544091426E+00    0.149952297767773956E+03    0.238996586218352412E-05    0.157458553439885152E+01    0.203535053772651020E+01    0.148338329357006693E+00    0.137613477583044569E+00    0.809646040926402799E+00    0.725950574943591249E+02    0.543409245093851356E+00    0.256737454512827634E+01   -0.159679444752124953E+06
    0.850258682544091426E+00    0.149952297767773956E+03    0.238996586218352412E-05    0.157458553439885152E+01    0.203535053772651020E+01    0.148338329357006693E+00    0.137613477583044569E+00    0.809646040926402799E+00    0.725950574943591249E+02    0.543409245093851356E+00    0.256737454512827634E+01   -0.159679444752124953E+06
    0.942432612778983936E+00    0.104790237007044595E+03    0.159316493411699019E-05    0.114953836848065727E+01    0.439494231474917285E+01    0.154802953187446857E+00    0.142361107417981414E+00    0.808106814410637364E+00    0.724539890757700960E+02    0.544407252541129205E+00    0.255800793368070689E+01   -0.159679442128454510E+06
    0.942432612778983936E+00    0.104790237007044595E+03    0.159316493411699019E-05    0.114953836848065727E+01    0.439494231474917285E+01    0.154802953187446857E+00    0.142361107417981414E+00    0.808106814410637364E+00    0.724539890757700960E+02    0.544407252541129205E+00    0.255800793368070689E+01   -0.159679442128454510E+06
    0.292976329539040181E+00    0.434902432132785393E+02    0.327858473424070023E-05    0.203519379008676093E+01    0.602455286538740875E+01    0.154517712538579766E+00    0.139761568712673645E+00    0.809173786893392810E+00    0.730984681571285222E+02    0.541625985726629899E+00    0.257191674011694937E+01   -0.159679432776959846E+06
    0.854557393122182374E+00    0.123556496989353960E+03    0.143876355978366762E-05    0.381699741231027290E+00    0.330907552949797834E+01    0.158931912110575724E+00    0.140888911335282169E+00    0.808015231201149708E+00    0.720226610633650779E+02    0.542401335433303045E+00    0.256695977640274631E+01   -0.159679425408554031E+06
    0.854557393122182374E+00    0.123556496989353960E+03    0.143876355978366762E-05    0.381699741231027290E+00    0.330907552949797834E+01    0.158931912110575724E+00    0.140888911335282169E+00    0.808015231201149708E+00    0.720226610633650779E+02    0.542401335433303045E+00    0.256695977640274631E+01   -0.159679425408554031E+06
    0.530065204788531252E+00    0.131950154134092116E+03    0.199454826822369460E-04    0.491162766238929932E-01    0.505589903127288753E+01    0.158448367465734236E+00    0.137938921655398866E+00    0.808543306836325470E+00    0.724770863803040442E+02    0.543802546502980655E+00    0.256247186384686954E+01   -0.159679392232782877E+06
    0.530065204788531252E+00    0.131950154134092116E+03    0.199454826822369460E-04    0.491162766238929932E-01    0.505589903127288753E+01    0.158448367465734236E+00    0.137938921655398866E+00    0.808543306836325470E+00    0.724770863803040442E+02    0.543802546502980655E+00    0.256247186384686954E+01   -0.159679392232782877E+06
    0.792359641911082990E+00    0.864530175640083343E+02    0.161088388587346172E-04    0.114516140685902545E+01    0.413326125361296448E+01    0.155887864133411713E+00    0.142981597377083075E+00    0.812003710777560617E+00    0.723734477246784849E+02    0.542175930710306786E+00    0.256883869420834277E+01   -0.159679382692902378E+06
    0.792359641911082990E+00    0.864530175640083343E+02    0.161088388587346172E-04    0.114516140685902545E+01    0.413326125361296448E+01    0.155887864133411713E+00    0.142981597377083075E+00    0.812003710777560617E+00    0.723734477246784849E+02    0.542175930710306786E+00    0.256883869420834277E+01   -0.159679382692902378E+06
    0.791832786922069820E+00    0.150297830711474973E+03    0.429735412944035599E-05    0.879590485331289473E+00    0.292198966293139328E+01    0.151218792740340585E+00    0.140768041567552377E+00    0.809235413198500897E+00    0.723008123612461873E+02    0.545762833123696112E+00    0.255699898429354411E+01   -0.159679374629594560E+06
    0.683186977044918375E+00    0.925364991729950503E+02    0.271837878311075081E-04    0.123913736767613081E+01    0.298405890553025888E+01    0.155040775487526011E+00    0.140859206747220883E+00    0.810844112007531592E+00    0.725627216153052359E+02    0.543906908093807706E+00    0.256291540648621741E+01   -0.159679317985930073E+06
    0.683186977044918375E+00    0.925364991729950503E+02    0.271837878311075081E-04    0.123913736767613081E+01    0.298405890553025888E+01    0.155040775487526011E+00    0.140859206747220883E+00    0.810844112007531592E+00    0.725627216153052359E+02    0.543906908093807706E+00    0.256291540648621741E+01   -0.159679317985930073E+06
    0.947534335623492874E+00    0.122578558045385122E+03    0.452833790968734404E-05    0.183106891951473405E+01    0.369703649176168225E+01    0.155359098527395850E+00    0.142394571410109472E+00    0.806982225546108989E+00    0.722800434621844943E+02    0.544463459182548126E+00    0.256034405942093457E+01   -0.159679289886762825E+06
    0.947534335623492874E+00    0.122578558045385122E+03    0.452833790968734404E-05    0.183106891951473405E+01    0.369703649176168225E+01    0.155359098527395850E+00    0.142394571410109472E+00    0.806982225546108989E+00    0.722800434621844943E+02    0.544463459182548126E+00    0.256034405942093457E+01   -0.159679289886762825E+06
    0.657842768370013209E+00    0.496131215045782241E+02    0.485309994698632220E-05    0.132994469008673910E+01    0.742090654786542903E+01    0.152629872854450843E+00    0.139450923665428439E+00    0.811274853123117756E+00    0.726752672385922978E+02    0.542831930267528628E+00    0.256297710460374573E+01   -0.159679265921081183E+06
    0.657842768370013209E+00    0.496131215045782241E+02    0.485309994698632220E-05    0.132994469008673910E+01    0.742090654786542903E+01    0.152629872854450843E+00    0.139450923665428439E+00    0.811274853123117756E+00    0.726752672385922978E+02    0.542831930267528628E+00    0.256297710460374573E+01   -0.159679265921081183E+06
    0.259482093452665430E+00    0.197218115620086931E+01    0.872324267625673906E-05    0.106305355845913496E+01    0.665193370572974452E+01    0.154314247991830411E+00    0.141652712964328992E+00    0.806763759913001310E+00    0.728548552706463113E+02    0.542109252289109222E+00    0.256872088671484056E+01   -0.159679263302352105E+06
    0.259482093452665430E+00    0.197218115620086931E+01    0.872324267625673906E-05    0.106305355845913496E+01    0.665193370572974452E+01    0.154314247991830411E+00    0.141652712964328992E+00    0.806763759913001310E+00    0.728548552706463113E+02    0.542109252289109222E+00    0.256872088671484056E+01   -0.159679263302352105E+06
    0.582853079579165323E+00    0.958337906221853473E+02    0.526393433964630801E-05    0.823497472077112880E+00    0.352190091653163684E+01    0.149213035238902836E+00    0.139632713379470086E+00    0.810040473072857425E+00    0.727448365610500502E+02    0.543182673486815593E+00    0.256313076895488878E+01   -0.159679193083708291E+06
    0.582853079579165323E+00    0.958337906221853473E+02    0.526393433964630801E-05    0.823497472077112880E+00    0.352190091653163684E+01    0.149213035238902836E+00    0.139632713379470086E+00    0.810040473072857425E+00    0.727448365610500502E+02    0.543182673486815593E+00    0.256313076895488878E+01   -0.159679193083708291E+06
    0.414146035430308423E+00    0.809606013130404136E+02    0.174591009279310687E-05    0.110014143105680717E+01    0.557635484566200379E+01    0.156727017169054322E+00    0.139710551455414389E+00    0.813228055709021902E+00    0.723976706416341784E+02    0.543213298668463573E+00    0.256669058184148557E+01   -0.159679183067989186E+06
    0.414146035430308423E+00    0.809606013130404136E+02    0.174591009279310687E-05    0.110014143105680717E+01    0.557635484566200379E+01    0.156727017169054322E+00    0.139710551455414389E+00    0.813228055709021902E+00    0.723976706416341784E+02    0.543213298668463573E+00    0.256669058184148557E+01   -0.159679183067989186E+06
    0.558111986116598180E+00    0.112686155426193181E+03    0.197211588348781205E-05    0.223963772937558259E+00    0.319628382419850920E+01    0.154741114455384937E+00    0.142804816401629897E+00    0.806737170174516960E+00    0.726942716150576587E+02    0.541405881834813307E+00    0.257465055760093486E+01   -0.159679180984008970E+06
    0.558111986116598180E+00    0.112686155426193181E+03    0.197211588348781205E-05    0.223963772937558259E+00    0.319628382419850920E+01    0.154741114455384937E+00    0.142804816401629897E+00    0.806737170174516960E+00    0.726942716150576587E+02    0.541405881834813307E+00    0.257465055760093486E+01   -0.159679180984008970E+06
    0.766154753867713145E+00    0.109559376452807427E+03    0.157314760534655424E-05    0.214247792485825084E+01    0.792734460703912891E+01    0.158685442295564194E+00    0.141542020574016297E+00    0.810303163292638740E+00    0.723388747305856867E+02    0.541677127987040263E+00    0.257099886097683994E+01   -0.159679165756727161E+06
    0.766154753867713145E+00    0.109559376452807427E+03    0.157314760534655424E-05    0.214247792485825084E+01    0.792734460703912891E+01    0.158685442295564194E+00    0.141542020574016297E+00    0.810303163292638740E+00    0.723388747305856867E+02    0.541677127987040263E+00    0.257099886097683994E+01   -0.159679165756727161E+06
    0.962762101827936867E+00    0.116905941916330192E+03    0.265140892786085909E-05    0.332575127507633006E+01    0.611522230735220518E+01    0.157133913477527642E+00    0.140452366988860766E+00    0.809919311884101267E+00    0.724049832040675767E+02    0.541922719781945283E+00    0.256928571912282377E+01   -0.159679156792623166E+06
    0.962762101827936867E+00    0.116905941916330192E+03    0.265140892786085909E-05    0.332575127507633006E+01    0.611522230735220518E+01    0.157133913477527642E+00    0.140452366988860766E+00    0.809919311884101267E+00    0.724049832040675767E+02    0.541922719781945283E+00    0.256928571912282377E+01   -0.159679156792623166E+06
    0.577885382752330812E+00    0.980483425207877559E+02    0.160914469220465215E-05    0.876944006459370540E+00    0.689553301268458352E+01    0.158193203656575743E+00    0.139213171405066394E+00    0.808910135874940206E+00    0.719926245959069036E+02    0.543589435033966617E+00    0.256396757543186338E+01   -0.159679148197353410E+06
    0.577885382752330812E+00    0.980483425207877559E+02    0.160914469220465215E-05    0.876944006459370540E+00    0.689553301268458352E+01    0.158193203656575743E+00    0.139213171405066394E+00    0.808910135874940206E+00    0.719926245959069036E+02    0.543589435033966617E+00    0.256396757543186338E+01   -0.159679148197353410E+06
    0.855791726713142742E+00    0.130592911256475190E+03    0.114535531110289192E-05    0.101197682601980166E+01    0.470066072640124943E+01    0.153282187516284196E+00    0.143653908870626623E+00    0.810332140315892957E+00    0.726502652443787440E+02    0.541530622442443987E+00    0.256909732681299685E+01   -0.159679129853773164E+06
    0.855791726713142742E+00    0.130592911256475190E+03    0.114535531110289192E-05    0.101197682601980166E+01    0.470066072640124943E+01    0.153282187516284196E+00    0.143653908870626623E+00    0.810332140315892957E+00    0.726502652443787440E+02    0.541530622442443987E+00    0.256909732681299685E+01   -0.159679129853773164E+06
    0.913988923460006930E+00    0.154619192685006510E+03    0.184565192093059470E-05    0.365184537981033119E+00    0.618459179713876583E+01    0.155670651804798416E+00    0.140026619648369655E+00    0.812570065627047144E+00    0.724787406088559862E+02    0.542391921385931286E+00    0.256524137258930507E+01   -0.159679113474857586E+06
    0.913988923460006930E+00    0.154619192685006510E+03    0.184565192093059470E-05    0.365184537981033119E+00    0.618459179713876583E+01    0.155670651804798416E+00    0.140026619648369655E+00    0.812570065627047144E+00    0.724787406088559862E+02    0.542391921385931286E+00    0.256524137258930507E+01   -0.159679113474857586E+06
    0.965424815704998274E+00    0.957399210623273547E+02    0.226131829551590684E-05    0.151369458119966072E+01    0.472286928750031354E+01    0.150571223492942219E+00    0.142345325215922969E+00    0.810975215787013148E+00    0.719531346330806940E+02    0.544305245091613155E+00    0.256050389009992330E+01   -0.159679099982556567E+06
    0.965424815704998274E+00    0.957399210623273547E+02    0.226131829551590684E-05    0.151369458119966072E+01    0.472286928750031354E+01    0.150571223492942219E+00    0.142345325215922969E+00    0.810975215787013148E+00    0.719531346330806940E+02    0.544305245091613155E+00    0.256050389009992330E+01   -0.159679099982556567E+06
    0.569388582879804428E+00    0.131767176973727032E+03    0.492234544911894744E-05    0.651893250615127318E-01    0.470401545873645954E+01    0.152673449980851694E+00    0.136881630350403349E+00    0.810607173894057675E+00    0.729336125668699822E+02    0.543191333069145132E+00    0.256752323705098595E+01   -0.159679092159991182E+06
    0.569388582879804428E+00    0.131767176973727032E+03    0.492234544911894744E-05    0.651893250615127318E-01    0.470401545873645954E+01    0.152673449980851694E+00    0.136881630350403349E+00    0.810607173894057675E+00    0.729336125668699822E+02    0.543191333069145132E+00    0.256752323705098595E+01   -0.159679092159991182E+06
    0.354076712226019108E+00    0.929100029887838730E+02    0.325066840018566687E-05    0.104811628452240524E+01    0.309760964913025560E+01    0.151229777917192776E+00    0.143772339729795445E+00    0.808410975383240471E+00    0.727803657773678623E+02    0.542698412896969407E+00    0.256810897600403498E+01   -0.159679084836337977E+06
    0.632420269853238404E+00    0.114473873657087708E+03    0.592514207905059253E-05    0.147898539953117220E+00    0.500938189481495488E+00    0.152286835143241928E+00    0.137453587088249923E+00    0.810189392316647439E+00    0.722507058593635065E+02    0.541718107149088413E+00    0.256897737131120607E+01   -0.159679083374787093E+06
    0.454939424454414654E+00    0.941195872323436191E+02    0.202381630133503981E-05    0.113957180131938940E+01    0.207952449953915330E+01    0.155254898615527021E+00    0.142965963296833060E+00    0.812190630190012142E+00    0.726322167624552861E+02    0.543431585276246243E+00    0.256904063989910281E+01   -0.159679082907361997E+06
    0.559230043516976805E+00    0.164714994811742734E+02    0.682002242960980514E-05    0.170653240619777358E+01    0.604439975751762004E+00    0.150523323176678020E+00    0.142196895977574067E+00    0.810162813646702729E+00    0.725831593850764989E+02    0.541387248341979377E+00    0.257264670099952397E+01   -0.159679066013560892E+06
    0.559230043516976805E+00    0.164714994811742734E+02    0.682002242960980514E-05    0.170653240619777358E+01    0.604439975751762004E+00    0.150523323176678020E+00    0.142196895977574067E+00    0.810162813646702729E+00    0.725831593850764989E+02    0.541387248341979377E+00    0.257264670099952397E+01   -0.159679066013560892E+06
    0.213000304247130040E+00    0.109308998691680031E+03    0.917525850985033913E-05    0.695344061897570698E+00    0.216204472869236719E+01    0.153492518980288151E+00    0.140524652139927125E+00    0.813107049974018725E+00    0.727347455297334307E+02    0.543744090660119972E+00    0.256585552243702342E+01   -0.159679032530624710E+06
    0.687590490754474759E+00    0.147197347322087335E+02    0.352867710333016946E-05    0.174776268402955104E+01    0.340314417888485687E+01    0.155157275101660663E+00    0.141950306818502209E+00    0.812462423141489865E+00    0.724337472264048472E+02    0.542605794436844424E+00    0.256447929288686360E+01   -0.159679025286527467E+06
    0.687590490754474759E+00    0.147197347322087335E+02    0.352867710333016946E-05    0.174776268402955104E+01    0.340314417888485687E+01    0.155157275101660663E+00    0.141950306818502209E+00    0.812462423141489865E+00    0.724337472264048472E+02    0.542605794436844424E+00    0.256447929288686360E+01   -0.159679025286527467E+06
    0.830625589064031722E+00    0.163816295921795444E+03    0.113283574810362675E-04    0.365613841013981267E+01    0.161789708221357320E+01    0.153930494186986760E+00    0.138646833300984318E+00    0.811835090539146931E+00    0.728183104063989646E+02    0.543178417308122330E+00    0.256741288405993950E+01   -0.159678994505776267E+06
    0.973622067830212101E+00    0.166571450123918538E+03    0.567397538405641904E-05    0.170267699081450763E+01    0.482542694680654805E+01    0.157045761288197389E+00    0.138643215809035686E+00    0.809910279515231313E+00    0.725567020984648110E+02    0.543651228874735826E+00    0.256332741862250835E+01   -0.159678982985281677E+06
    0.973622067830212101E+00    0.166571450123918538E+03    0.567397538405641904E-05    0.170267699081450763E+01    0.482542694680654805E+01    0.157045761288197389E+00    0.138643215809035686E+00    0.809910279515231313E+00    0.725567020984648110E+02    0.543651228874735826E+00    0.256332741862250835E+01   -0.159678982985281677E+06
    0.743644562865148684E+00    0.763760178763979951E+02    0.260524454418621914E-02    0.291918466622841422E+01    0.577658519663451386E+00    0.162688842795078087E+00    0.150611322223586086E+00    0.812029248928697323E+00    0.717636636203836815E+02    0.544970603329542058E+00    0.254237292198372922E+01   -0.159678980894954817E+06
    0.743644562865148684E+00    0.763760178763979951E+02    0.260524454418621914E-02    0.291918466622841422E+01    0.577658519663451386E+00    0.162688842795078087E+00    0.150611322223586086E+00    0.812029248928697323E+00    0.717636636203836815E+02    0.544970603329542058E+00    0.254237292198372922E+01   -0.159678980894954817E+06
    0.610070746737461755E+00    0.157339680218121174E+03    0.257519612981508050E-05    0.214588101506052620E+00    0.399825269646945980E+01    0.151046318566319976E+00    0.136755782824068778E+00    0.809936355136426478E+00    0.724448985581671678E+02    0.542000633974497270E+00    0.256890908445509591E+01   -0.159678969701661059E+06
    0.610070746737461755E+00    0.157339680218121174E+03    0.257519612981508050E-05    0.214588101506052620E+00    0.399825269646945980E+01    0.151046318566319976E+00    0.136755782824068778E+00    0.809936355136426478E+00    0.724448985581671678E+02    0.542000633974497270E+00    0.256890908445509591E+01   -0.159678969701661059E+06
    0.601929564288615992E+00    0.308958554344394187E+02    0.461835499290698500E-05    0.183658936387632155E+01    0.442894094940844774E+01    0.152474627828191850E+00    0.142905062989176213E+00    0.809206607998904426E+00    0.723273868617413740E+02    0.541668041178500204E+00    0.256969811646260471E+01   -0.159678951647499140E+06
    0.514160421514492816E+00    0.685934551658551328E-01    0.331166885983630210E-05    0.123999380238463575E+01    0.454225767023989846E+01    0.157530700133748813E+00    0.140794831680674193E+00    0.809396561133884918E+00    0.729912645170821435E+02    0.542717513757558945E+00    0.257006135262820790E+01   -0.159678915638234525E+06
    0.514160421514492816E+00    0.685934551658551328E-01    0.331166885983630210E-05    0.123999380238463575E+01    0.454225767023989846E+01    0.157530700133748813E+00    0.140794831680674193E+00    0.809396561133884918E+00    0.729912645170821435E+02    0.542717513757558945E+00    0.257006135262820790E+01   -0.159678915638234525E+06
    0.636620318924373318E+00    0.350721279235938681E+02    0.191844462987964470E-05    0.901337453495757113E+00    0.705739514847962024E+01    0.155634989659662187E+00    0.144991235048511163E+00    0.811050337757612372E+00    0.727372401309462049E+02    0.543108151637714864E+00    0.256399072693144214E+01   -0.159678896887110459E+06
    0.636620318924373318E+00    0.350721279235938681E+02    0.191844462987964470E-05    0.901337453495757113E+00    0.705739514847962024E+01    0.155634989659662187E+00    0.144991235048511163E+00    0.811050337757612372E+00    0.727372401309462049E+02    0.543108151637714864E+00    0.256399072693144214E+01   -0.159678896887110459E+06
    0.668143553908518983E+00    0.147600994729522057E+03    0.735445179766336741E-05    0.152990686701736256E+01    0.361082684195360981E+01    0.152845262053836528E+00    0.141224057997057284E+00    0.810932028678584826E+00    0.721409067972678315E+02    0.544589617867139442E+00    0.256333383675480819E+01   -0.159678867757343047E+06
    0.668143553908518983E+00    0.147600994729522057E+03    0.735445179766336741E-05    0.152990686701736256E+01    0.361082684195360981E+01    0.152845262053836528E+00    0.141224057997057284E+00    0.810932028678584826E+00    0.721409067972678315E+02    0.544589617867139442E+00    0.256333383675480819E+01   -0.159678867757343047E+06
    0.698288250094894147E+00    0.676174458257941211E+02    0.519812426315106311E-05    0.535064809615277553E-01    0.225531148895221101E+01    0.156055038769520593E+00    0.139821551987518444E+00    0.807537284667373623E+00    0.722166591117409808E+02    0.541745696950358013E+00    0.257345687264124878E+01   -0.159678843043566390E+06
    0.574544505896781632E+00    0.477587894573952170E+02    0.844059271064769830E-05    0.207334073688817000E+01    0.224606824519569415E+01    0.154856703076290819E+00    0.136966063953818107E+00    0.808436514419801133E+00    0.724201299862879040E+02    0.543291685036673022E+00    0.256541249925593373E+01   -0.159678807252469269E+06
    0.443271925568851310E+00    0.766712580066991904E+02    0.292799276712031625E-05    0.444165357277606865E+00    0.316853408299586992E+01    0.156205803478744937E+00    0.142541992380039839E+00    0.811658782898000863E+00    0.722851995854148583E+02    0.541779044239539820E+00    0.257280453662405817E+01   -0.159678784590176103E+06
    0.443271925568851310E+00    0.766712580066991904E+02    0.292799276712031625E-05    0.444165357277606865E+00    0.316853408299586992E+01    0.156205803478744937E+00    0.142541992380039839E+00    0.811658782898000863E+00    0.722851995854148583E+02    0.541779044239539820E+00    0.257280453662405817E+01   -0.159678784590176103E+06
    0.668390853942065655E+00    0.636332861578529005E+02    0.504916677984480754E-05    0.346598458534627840E+00    0.641274184759413401E+01    0.156354808601117140E+00    0.139020771989234709E+00    0.806377467443006646E+00    0.727364851890439041E+02    0.542806649731569224E+00    0.256702772789053668E+01   -0.159678778906037100E+06
    0.884285726253897231E+00    0.862826062882977567E+02    0.101808697707078223E-05    0.801559408467093837E+00    0.585115545874627241E+01    0.156938243049452086E+00    0.141019257752814625E+00    0.809723252509759739E+00    0.725705828288359811E+02    0.543509722130694595E+00    0.256102347686634779E+01   -0.159678775604414404E+06
    0.884285726253897231E+00    0.862826062882977567E+02    0.101808697707078223E-05    0.801559408467093837E+00    0.585115545874627241E+01    0.156938243049452086E+00    0.141019257752814625E+00    0.809723252509759739E+00    0.725705828288359811E+02    0.543509722130694595E+00    0.256102347686634779E+01   -0.159678775604414404E+06
    0.369110785044022505E+00    0.575555267047287487E+02    0.142396277608640193E-05    0.115545462175963087E+01    0.209144753008029838E+01    0.155479044684058071E+00    0.140180937711718301E+00    0.811132729338286174E+00    0.725885767955103063E+02    0.541626456111812260E+00    0.257335118452848910E+01   -0.159678752797447087E+06
    0.369110785044022505E+00    0.575555267047287487E+02    0.142396277608640193E-05    0.115545462175963087E+01    0.209144753008029838E+01    0.155479044684058071E+00    0.140180937711718301E+00    0.811132729338286174E+00    0.725885767955103063E+02    0.541626456111812260E+00    0.257335118452848910E+01   -0.159678752797447087E+06
    0.381279614992307725E+00    0.537916137723794279E+02    0.117345087718713968E-04    0.217242528605020935E+01    0.118546414037717396E+01    0.151783610402790398E+00    0.140638776664472609E+00    0.811696295462240647E+00    0.729010636440811197E+02    0.543084292038126359E+00    0.256828054368984215E+01   -0.159678748979178141E+06
    0.512455665462382415E+00    0.710789325430224181E+02    0.212575588763341146E-05    0.122676828871708898E+01    0.715026466535486627E+01    0.152600958991025826E+00    0.142911568543213713E+00    0.810404366080103244E+00    0.730053330344546367E+02    0.542981272101201395E+00    0.256591476090821669E+01   -0.159678738198020379E+06
    0.930750193605163867E+00    0.143607342986994382E+03    0.336789730818873922E-05    0.309737582193812555E+01    0.139237218480345892E+01    0.154033105084310645E+00    0.142384197890299852E+00    0.811793661664299560E+00    0.725670634371774383E+02    0.541596809756154984E+00    0.257276991343412087E+01   -0.159678731843312009E+06
    0.930750193605163867E+00    0.143607342986994382E+03    0.336789730818873922E-05    0.309737582193812555E+01    0.139237218480345892E+01    0.154033105084310645E+00    0.142384197890299852E+00    0.811793661664299560E+00    0.725670634371774383E+02    0.541596809756154984E+00    0.257276991343412087E+01   -0.159678731843312009E+06
    0.928619831318966416E+00    0.122294333590012641E+03    0.451289336761875142E-05    0.144538816534503423E+01    0.430265821790280967E+01    0.153637426797116533E+00    0.143785795476976730E+00    0.809689820144955830E+00    0.725186852185369446E+02    0.543855339809580229E+00    0.256129401234502208E+01   -0.159678705473572074E+06
    0.886166360315244317E+00    0.677014483497797386E+02    0.105958124973883830E-05    0.190434240719239822E+01    0.775550585274458548E+01    0.157259900151316939E+00    0.140183534976455637E+00    0.808186566475930013E+00    0.729429467972952352E+02    0.542604397138224170E+00    0.256760950947846966E+01   -0.159678668595260562E+06
    0.772131223047598736E+00    0.633243563938399703E+02    0.131091077021578706E-05    0.147599159304520167E+01    0.474653004288848113E+01    0.154734736232955056E+00    0.137599584161839428E+00    0.808806834278323228E+00    0.726758931777553556E+02    0.543500518911072872E+00    0.256254403880265258E+01   -0.159678658835262642E+06
    0.772131223047598736E+00    0.633243563938399703E+02    0.131091077021578706E-05    0.147599159304520167E+01    0.474653004288848113E+01    0.154734736232955056E+00    0.137599584161839428E+00    0.808806834278323228E+00    0.726758931777553556E+02    0.543500518911072872E+00    0.256254403880265258E+01   -0.159678658835262642E+06
    0.682688478254981579E+00    0.371655645850937404E+02    0.378793846565691965E-05    0.144750307249438337E+01    0.122154740635061687E+01    0.155427860658703149E+00    0.141650009996782927E+00    0.806928722876961713E+00    0.725180009618116372E+02    0.541546605571220696E+00    0.257383198859429951E+01   -0.159678649702290277E+06
    0.682688478254981579E+00    0.371655645850937404E+02    0.378793846565691965E-05    0.144750307249438337E+01    0.122154740635061687E+01    0.155427860658703149E+00    0.141650009996782927E+00    0.806928722876961713E+00    0.725180009618116372E+02    0.541546605571220696E+00    0.257383198859429951E+01   -0.159678649702290277E+06
    0.574366505614243628E+00    0.330908773293441811E+02    0.728875965277898757E-05    0.253865404447519838E+01    0.449829414844353082E+01    0.154763916617768421E+00    0.141410440473566462E+00    0.811001748552949708E+00    0.727751246869834887E+02    0.543459911315361865E+00    0.256502950132330643E+01   -0.159678631850634411E+06
    0.798338676025983629E+00    0.126388715363057827E+03    0.233216356040437344E-04    0.313236201289224603E+01    0.171404514572011912E+01    0.153790560378314539E+00    0.141226809936260606E+00    0.810873963589822777E+00    0.724923620494318754E+02    0.544220783773881278E+00    0.256272923740903380E+01   -0.159678567906474666E+06
    0.798338676025983629E+00    0.126388715363057827E+03    0.233216356040437344E-04    0.313236201289224603E+01    0.171404514572011912E+01    0.153790560378314539E+00    0.141226809936260606E+00    0.810873963589822777E+00    0.724923620494318754E+02    0.544220783773881278E+00    0.256272923740903380E+01   -0.159678567906474666E+06
    0.748015626212932272E+00    0.269557475171534264E+02    0.209801783302786436E-04    0.622326895783706091E-01    0.124320241560186817E+01    0.157179397921718256E+00    0.143930052312744611E+00    0.808844000672997998E+00    0.721574151580322223E+02    0.541841638379946366E+00    0.256947968498381840E+01   -0.159678562254389981E+06
    0.748015626212932272E+00    0.269557475171534264E+02    0.209801783302786436E-04    0.622326895783706091E-01    0.124320241560186817E+01    0.157179397921718256E+00    0.143930052312744611E+00    0.808844000672997998E+00    0.721574151580322223E+02    0.541841638379946366E+00    0.256947968498381840E+01   -0.159678562254389981E+06
    0.580660034542898496E+00    0.547459198770028266E+01    0.936717677316037149E-05    0.125804919041475571E+01    0.452757659255569234E+01    0.152991701545122122E+00    0.140745094160583700E+00    0.809964686843828607E+00    0.721294810025616613E+02    0.543203735349752415E+00    0.256315822477470423E+01   -0.159678523611678916E+06
    0.515332567013982557E+00    0.525468748624040174E+02    0.892740679324608577E-05    0.378853677684005519E+00    0.544382669928038432E+01    0.154363778506337063E+00    0.141503067557987777E+00    0.806998435907319234E+00    0.727698245135791524E+02    0.543139884292053843E+00    0.256970421617065581E+01   -0.159678519350562710E+06
    0.515332567013982557E+00    0.525468748624040174E+02    0.892740679324608577E-05    0.378853677684005519E+00    0.544382669928038432E+01    0.154363778506337063E+00    0.141503067557987777E+00    0.806998435907319234E+00    0.727698245135791524E+02    0.543139884292053843E+00    0.256970421617065581E+01   -0.159678519350562710E+06
    0.925248728836533196E+00    0.133347873917566403E+03    0.266942712662361402E-04    0.239858189505242825E+01    0.572062591829860856E+00    0.153246972645463747E+00    0.144450295610675572E+00    0.811996729081759572E+00    0.724890439982573866E+02    0.543318782200073902E+00    0.256228423424117890E+01   -0.159678495838756615E+06
    0.676345024355288427E+00    0.753547056145892782E+02    0.238274972623887879E-05    0.138435730793318079E+01    0.497927453578373225E+01    0.155399717190427278E+00    0.145424042040996376E+00    0.809686567357375209E+00    0.725412452604462175E+02    0.542481195083185264E+00    0.256804780915374886E+01   -0.159678475530123629E+06
    0.698459592710300670E+00    0.709770436193896899E+02    0.128672316560478932E-05    0.419944463368455811E+00    0.367978202930950404E+01    0.153379010983495434E+00    0.136680487356624497E+00    0.807983280653119307E+00    0.725584540451310573E+02    0.543710916954245227E+00    0.256387969493794010E+01   -0.159678460026334011E+06
    0.319878446716987563E+00    0.745293203270076248E+02    0.816253388150805943E-05    0.498811821993808621E-01    0.485313798645961381E+01    0.150803526196710891E+00    0.139954417305228784E+00    0.812161779588189470E+00    0.727781359068594327E+02    0.543327505543135358E+00    0.256369966243058345E+01   -0.159678455410891504E+06
    0.319878446716987563E+00    0.745293203270076248E+02    0.816253388150805943E-05    0.498811821993808621E-01    0.485313798645961381E+01    0.150803526196710891E+00    0.139954417305228784E+00    0.812161779588189470E+00    0.727781359068594327E+02    0.543327505543135358E+00    0.256369966243058345E+01   -0.159678455410891504E+06
    0.647190120571398464E+00    0.111402900009415475E+03    0.645434685885001844E-05    0.235408069474912862E+01    0.186118565600678965E+01    0.157187261048532201E+00    0.143286769489572280E+00    0.810832818314339621E+00    0.722963443645485455E+02    0.544123019574793254E+00    0.256187571700040806E+01   -0.159678428023157176E+06
    0.851271456726961251E+00    0.942213725038398877E+02    0.293524779280040126E-05    0.227100997241227587E+01    0.199868545485952986E+01    0.154982514369882807E+00    0.143776861445700926E+00    0.807926789011892632E+00    0.725547243296869340E+02    0.542132808966924729E+00    0.257213639133469796E+01   -0.159678407489402045E+06
    0.317193951101698901E+00    0.695039156962268407E+02    0.174110532554801072E-05    0.928259826081109685E+00    0.594995683366541872E+01    0.156600297662058074E+00    0.142047464004182639E+00    0.812225015666613981E+00    0.723793479638888613E+02    0.542194526791389020E+00    0.256850685208983709E+01   -0.159678406395098951E+06
    0.317193951101698901E+00    0.695039156962268407E+02    0.174110532554801072E-05    0.928259826081109685E+00    0.594995683366541872E+01    0.156600297662058074E+00    0.142047464004182639E+00    0.812225015666613981E+00    0.723793479638888613E+02    0.542194526791389020E+00    0.256850685208983709E+01   -0.159678406395098951E+06
    0.361254835820147169E+00    0.914896505374289291E+02    0.119929363867122976E-04    0.785430138083905605E+00    0.173603447214280782E+01    0.156799898641856478E+00    0.143786180450366813E+00    0.811373401644368775E+00    0.723152803568999047E+02    0.542739152179296802E+00    0.256662494007215747E+01   -0.159678389129323303E+06
    0.361254835820147169E+00    0.914896505374289291E+02    0.119929363867122976E-04    0.785430138083905605E+00    0.173603447214280782E+01    0.156799898641856478E+00    0.143786180450366813E+00    0.811373401644368775E+00    0.723152803568999047E+02    0.542739152179296802E+00    0.256662494007215747E+01   -0.159678389129323303E+06
    0.901488407248716817E+00    0.693546312409213641E+02    0.227693762541333320E-05    0.266486398417885884E+01    0.540646606233154436E+01    0.154691090629165556E+00    0.138385962079951630E+00    0.808375613569002116E+00    0.722154073423377696E+02    0.543684736199467444E+00    0.256413995616397372E+01   -0.159678381174056121E+06
    0.923259442380056861E+00    0.843572936533836639E+02    0.669560422617079210E-05    0.172940528147447492E+01    0.219978245568884567E+01    0.156384985713412444E+00    0.145049536069366020E+00    0.809018126559719386E+00    0.723923167412503261E+02    0.543139354507192862E+00    0.256645672099678546E+01   -0.159678354829912249E+06
    0.910778466346686910E+00    0.838227158187790735E+02    0.137867929040218763E-05    0.224256920932541570E+01    0.170985000535583920E+01    0.151968169459266694E+00    0.140111895771711847E+00    0.810838969051242531E+00    0.728353726663193584E+02    0.544179020336772346E+00    0.256055658441467626E+01   -0.159678350775913685E+06
    0.910778466346686910E+00    0.838227158187790735E+02    0.137867929040218763E-05    0.224256920932541570E+01    0.170985000535583920E+01    0.151968169459266694E+00    0.140111895771711847E+00    0.810838969051242531E+00    0.728353726663193584E+02    0.544179020336772346E+00    0.256055658441467626E+01   -0.159678350775913685E+06
    0.932759701837896804E+00    0.126852049520858685E+03    0.352981522644548346E-05    0.119889062603192831E+01    0.245254313561922510E+01    0.151369221477128335E+00    0.140163689559990368E+00    0.809894602906178651E+00    0.725788231158604304E+02    0.542299934383912330E+00    0.257120977281160412E+01   -0.159678328504054109E+06
    0.779338012287784654E+00    0.653538820187208245E+02    0.147541909737899729E-05    0.125191579043478107E+01    0.300968144715066099E+01    0.157143548303143005E+00    0.144792493034926056E+00    0.811495966416515335E+00    0.723666429422167141E+02    0.543030795651384235E+00    0.256612338245453842E+01   -0.159678315954369726E+06
    0.400113778079267346E+00    0.152697281077036013E+02    0.222361890805489892E-05    0.696643455574063819E+00    0.511129340730230108E+01    0.152967978666297438E+00    0.138515483014878094E+00    0.809559686300270975E+00    0.728480626625635779E+02    0.542831562448840677E+00    0.256934147104255439E+01   -0.159678275388691691E+06
    0.943911074461382338E+00    0.101945834128733068E+03    0.259623981859592414E-05    0.253842019963857890E+01    0.419242459371306175E+01    0.158355519922590782E+00    0.141683936405983812E+00    0.808694621933512936E+00    0.724386709512902343E+02    0.542899609246354165E+00    0.256678361548887501E+01   -0.159678271939735569E+06
    0.381735834379821615E+00    0.136948416653582772E+02    0.379792277960277261E-05    0.207341297423455917E+00    0.519727386159673976E+01    0.149966218840498100E+00    0.139281037606040908E+00    0.811336006105169982E+00    0.725996130558658876E+02    0.544102915909982165E+00    0.256118039369185713E+01   -0.159678266794901167E+06
    0.617815804891127751E+00    0.122833771144938467E+03    0.130879047565046152E-05    0.286361916608962375E+00    0.543331414021861825E+01    0.156241809954585115E+00    0.144581660047895660E+00    0.811932166992859639E+00    0.724984925844915011E+02    0.543622050932066614E+00    0.256379817127916798E+01   -0.159678260040114023E+06
    0.552357698506256822E+00    0.697460513298805864E+02    0.781298454323907244E-05    0.143301313321227286E+01    0.134563952324804559E+01    0.150501039670115216E+00    0.139265032147477735E+00    0.810764934599015774E+00    0.722213720190712252E+02    0.542723947650475158E+00    0.256786834114322371E+01   -0.159678227203930495E+06
    0.731809300811386843E+00    0.110537968080117437E+03    0.372308731899445134E-05    0.190040529681013215E+01    0.187178055062689053E+01    0.154964632594656315E+00    0.138180748156651545E+00    0.810161729737756797E+00    0.724653034015949657E+02    0.543914426425412323E+00    0.256163714857701885E+01   -0.159678221800843836E+06
    0.830344511177143252E+00    0.150981629234417170E+03    0.644638391609565915E-05    0.149687006249927612E+01    0.364715393844801827E+01    0.156377309944491893E+00    0.141021887415877928E+00    0.809508479839048833E+00    0.725393839023145262E+02    0.542074271589414125E+00    0.256973433147037111E+01   -0.159678208667470375E+06
    0.830344511177143252E+00    0.150981629234417170E+03    0.644638391609565915E-05    0.149687006249927612E+01    0.364715393844801827E+01    0.156377309944491893E+00    0.141021887415877928E+00    0.809508479839048833E+00    0.725393839023145262E+02    0.542074271589414125E+00    0.256973433147037111E+01   -0.159678208667470375E+06
    0.621075662255788252E+00    0.344222762023199280E+02    0.142587981690251914E-05    0.180123944109293199E+01    0.316901934368037663E+01    0.154434735607017620E+00    0.137863980131180841E+00    0.809380638652896112E+00    0.724869804630394015E+02    0.542272641880301887E+00    0.256806616719700909E+01   -0.159678200047218997E+06
    0.780262179895109487E+00    0.163323622880634304E+03    0.552032562625157292E-05    0.984410556389005098E+00    0.542510857306135019E+01    0.153849051794666514E+00    0.141207860277333341E+00    0.810899888628758170E+00    0.727399658005614214E+02    0.544486893016771556E+00    0.256275214446452759E+01   -0.159678190541496268E+06
    0.780262179895109487E+00    0.163323622880634304E+03    0.552032562625157292E-05    0.984410556389005098E+00    0.542510857306135019E+01    0.153849051794666514E+00    0.141207860277333341E+00    0.810899888628758170E+00    0.727399658005614214E+02    0.544486893016771556E+00    0.256275214446452759E+01   -0.159678190541496268E+06
    0.475308304397093373E+00    0.156686254101092743E+03    0.369988826829729770E-05    0.715479680291129849E+00    0.124719611237123251E+01    0.159008380075300076E+00    0.141616116552669619E+00    0.809401301655619410E+00    0.724333767949504903E+02    0.543179609457156931E+00    0.256529221504154714E+01   -0.159678173278750211E+06
    0.475308304397093373E+00    0.156686254101092743E+03    0.369988826829729770E-05    0.715479680291129849E+00    0.124719611237123251E+01    0.159008380075300076E+00    0.141616116552669619E+00    0.809401301655619410E+00    0.724333767949504903E+02    0.543179609457156931E+00    0.256529221504154714E+01   -0.159678173278750211E+06
    0.274179121223074418E+00    0.888604625070287995E+02    0.136062960797189069E-04    0.644157330567677766E+00    0.280008615005749029E+01    0.153522505740416010E+00    0.141867107657026287E+00    0.809902707284831269E+00    0.722350140327622796E+02    0.541883098648581751E+00    0.257007713172325225E+01   -0.159678170491703291E+06
    0.820987207928081109E+00    0.780854358095095193E+02    0.310360922519899071E-04    0.345063266103526844E+01    0.946340897791068558E+00    0.156112064472710865E+00    0.142656942062959480E+00    0.808785287750718895E+00    0.720812161658736272E+02    0.542446495783114879E+00    0.257084741561620911E+01   -0.159678168767168361E+06
    0.440822884102452739E+00    0.977801154566632746E+01    0.208096275906167299E-04    0.593485562760022400E+00    0.175690305608420272E+01    0.153553161858676207E+00    0.141849685019203337E+00    0.809978990370839647E+00    0.721319234810672327E+02    0.542181520214809254E+00    0.256837111738567714E+01   -0.159678137285676959E+06
    0.428522757709315749E+00    0.845950704341396715E+02    0.162708214734934306E-05    0.453380115645515142E-01    0.638348931468343306E+01    0.155395294655420790E+00    0.140907605359495064E+00    0.811942677648714195E+00    0.726598765819126839E+02    0.543776498099756367E+00    0.256163890530773530E+01   -0.159678121532224584E+06
    0.275713353895374103E+00    0.105555507074927533E+03    0.377610318381491764E-05    0.830058024502576708E+00    0.156036039389590786E+01    0.151557824546278003E+00    0.138706511569727714E+00    0.809828834216192339E+00    0.723216444285979776E+02    0.543698162742387914E+00    0.256143926610339445E+01   -0.159678119811303855E+06
    0.666645357298880858E+00    0.136115198320814159E+03    0.121578716213171134E-04    0.534497960043020193E+00    0.344886922301293009E+01    0.153689047326641431E+00    0.141674778260249212E+00    0.806848066706963740E+00    0.724252550118680887E+02    0.542776180031730449E+00    0.256880730593875706E+01   -0.159678115253218974E+06
    0.871521850579111357E+00    0.801151360130466372E+02    0.166267296449422843E-05    0.122307326609561073E+01    0.460632642334261000E+01    0.157771883045512512E+00    0.143367687681968059E+00    0.810624862682224112E+00    0.722513483025743000E+02    0.543707282848842843E+00    0.256573045495580221E+01   -0.159678075609774125E+06
    0.444139109570805712E+00    0.136467880654570251E+03    0.850229992640896428E-05    0.161116332271106166E+00    0.453250460730277549E+01    0.154128536879516331E+00    0.138370717542041860E+00    0.811418174628152133E+00    0.726934465600730988E+02    0.543309395054655475E+00    0.256400440254226680E+01   -0.159678074793258274E+06
    0.549767586828137422E+00    0.224491867136213905E+02    0.118342525960021327E-04    0.510052601192259147E+00    0.416944125316944358E+01    0.156262996554763722E+00    0.140660021932020429E+00    0.808182462510520727E+00    0.728716798871849676E+02    0.542615221612096743E+00    0.256856496435473769E+01   -0.159678065276764770E+06
    0.712786077358626979E+00    0.147133460400344603E+03    0.394226436135139515E-05    0.142282362900044590E+01    0.483125267244521250E+01    0.152950631339328846E+00    0.142738954360210862E+00    0.809962548864503029E+00    0.723302783840827175E+02    0.544318112830325829E+00    0.256344666607977789E+01   -0.159678054042811564E+06
    0.590985567715992088E+00    0.142854499024832478E+03    0.705044959616546217E-05    0.158640069884229540E+01    0.158107140924711231E+01    0.156233929933798560E+00    0.142537974553429869E+00    0.810463124726138462E+00    0.726241990010950929E+02    0.542085184751525451E+00    0.256943131780426226E+01   -0.159678048911743332E+06
    0.991555213039590599E+00    0.944789659459253102E+02    0.200202484872551335E-05    0.155287071488716188E+01    0.506167039724592094E+01    0.153152789304466269E+00    0.142719404465057154E+00    0.810536416707305252E+00    0.724962144997165865E+02    0.542850233899849544E+00    0.256976270071562674E+01   -0.159678030077400268E+06
    0.969771333817425640E+00    0.700285608932951504E+02    0.151881857641286801E-05    0.227436720076027488E+01    0.249987888029920757E+01    0.155817818518913520E+00    0.141358947625488368E+00    0.808279064471091324E+00    0.722501386171244775E+02    0.542080419681841397E+00    0.257180616624974512E+01   -0.159678019522220653E+06
    0.573588503994143295E+00    0.231598251524997707E+02    0.820499744097058227E-05    0.202428041845273876E+01    0.198984105409247758E+01    0.150318165667016612E+00    0.140173782653694429E+00    0.809956450566142072E+00    0.725130583452542794E+02    0.543347388246177010E+00    0.256588714674559926E+01   -0.159678013617176097E+06
    0.377752807404161839E+00    0.108717577339100657E+03    0.483929592864202729E-05    0.121411161689603886E+01    0.177481189682022067E+01    0.153589301132971673E+00    0.140113026388609702E+00    0.809227839301857044E+00    0.729327753380626405E+02    0.543033254625635564E+00    0.256733115699007941E+01   -0.159678004765833321E+06
    0.560335532018170435E+00    0.780880477439151548E+02    0.181965069679317021E-04    0.971639546547482524E-01    0.192973255417096112E+01    0.151209873946122564E+00    0.140650055759600934E+00    0.811040617962951238E+00    0.721737984833816881E+02    0.542999747726611304E+00    0.256414982148187454E+01   -0.159677984369964572E+06
    0.951412295644144201E+00    0.483009894676377414E+02    0.183276471203454809E-05    0.213480029870550636E+01    0.237353319527773099E+01    0.156167246637992529E+00    0.144072380069991068E+00    0.808545858955280305E+00    0.724488480447768524E+02    0.542708049565423400E+00    0.256676547109246433E+01   -0.159677908649518300E+06
    0.726054684858540078E+00    0.135286606833932552E+03    0.452509134336612886E-05    0.781746984027801961E+00    0.300363262894544691E+01    0.152214267273915987E+00    0.141939147585012998E+00    0.810655563302609128E+00    0.720497422098198115E+02    0.543241989111112433E+00    0.256665073040631420E+01   -0.159677904957220773E+06
    0.652089922542218758E+00    0.129768224302356174E+03    0.232270252162989261E-05    0.371545437261727152E+01    0.107997564715708427E+01    0.151852661483471624E+00    0.138391504408761246E+00    0.809765967441389289E+00    0.727038923167529560E+02    0.542798664928148877E+00    0.256834142096430140E+01   -0.159677886149552156E+06
    0.602982412536328227E+00    0.143770093837190927E+03    0.973537075822862522E-05    0.196059118038411834E+00    0.368094962328567110E+01    0.151896352735315154E+00    0.139259841216292229E+00    0.811558845074019208E+00    0.722726008643046924E+02    0.543622847612385773E+00    0.256222000884758749E+01   -0.159677871479029302E+06
    0.932248827332808228E+00    0.909927696936008346E+02    0.168918532364022633E-05    0.137838975345565129E+01    0.442301569644366843E+01    0.156823776654641672E+00    0.139557480117195237E+00    0.809451498022347504E+00    0.726272228896336145E+02    0.543403052514555673E+00    0.256449126111077064E+01   -0.159677868964376830E+06
    0.694544016562972155E+00    0.129456211889712847E+03    0.189164495837427130E-05    0.824920649910632964E+00    0.250491873584344571E+01    0.154830649907348988E+00    0.143704872679550871E+00    0.808702999069461859E+00    0.724052212808515350E+02    0.542339817350993236E+00    0.256787144471864259E+01   -0.159677833857850579E+06
    0.635718903693636150E+00    0.135944045446182660E+02    0.409709863767862940E-05    0.120928232161261273E+01    0.647961050887835288E+01    0.157424220723094616E+00    0.142851859408732712E+00    0.809783943472907941E+00    0.723119249548932430E+02    0.543099014504872302E+00    0.256763060366467233E+01   -0.159677833826120652E+06
    0.551786633350193956E+00    0.651451356698167814E+02    0.476703099473252917E-05    0.673037704992851982E+00    0.486789239359714632E+01    0.150596425196141026E+00    0.141246892376834854E+00    0.810483748093808298E+00    0.723209284546809386E+02    0.542878534602678542E+00    0.256669398839632423E+01   -0.159677825631420594E+06
    0.579988143504233111E+00    0.144421784678713607E+03    0.222990993578162160E-04    0.248553559587062545E+00    0.179412073264859129E+01    0.152973194835372334E+00    0.138236563461858364E+00    0.809554629213317334E+00    0.722065404811379210E+02    0.543700512725524332E+00    0.256299986461836982E+01   -0.159677810639679490E+06
    0.590007358240023594E+00    0.311162700773869254E+02    0.186256853001691392E-05    0.121241829531528555E+01    0.684982351656779542E+01    0.151569789168957719E+00    0.139191865680679594E+00    0.809444049116948117E+00    0.725349951717858090E+02    0.542588695591216141E+00    0.256922508689528240E+01   -0.159677805123733880E+06
    0.414252030698154750E+00    0.152343906727746798E+03    0.152438997332273810E-05    0.888280875870337772E+00    0.407980546288370327E+01    0.150787218770063236E+00    0.139488488843958064E+00    0.808911880233464053E+00    0.726581778763439985E+02    0.543546391079516855E+00    0.256522790792669930E+01   -0.159677803241368034E+06
    0.365476697179140941E+00    0.310785914808298571E+02    0.288817697915794556E-05    0.109380458732834707E+01    0.192211782111497942E+01    0.152745734596812094E+00    0.141750019919456127E+00    0.808713713526939104E+00    0.727424140372950916E+02    0.542398318079531983E+00    0.256804333399590856E+01   -0.159677798296025110E+06
    0.915667994306931687E+00    0.109477481152565332E+03    0.252257185302400964E-05    0.178926108333198708E+01    0.341259296631727427E+01    0.153586166220166687E+00    0.139713772604386305E+00    0.808692358772946429E+00    0.727830400171205270E+02    0.543396500065907340E+00    0.256653023191765284E+01   -0.159677785756844794E+06
    0.765520492894990356E+00    0.126048101661081574E+03    0.120016727456000550E-05    0.104382363985908033E+01    0.397421373512212206E+01    0.154057161294369416E+00    0.137897374324195438E+00    0.808991533931244122E+00    0.723423330124590365E+02    0.543580944077563855E+00    0.256390669150982653E+01   -0.159677767340214050E+06
    0.501214553136249519E+00    0.986825355414479759E+02    0.222948943736601745E-05    0.277908742094324313E+00    0.164959363787982571E+01    0.155244798043656762E+00    0.138446563267911466E+00    0.808108290605150437E+00    0.726280835744611579E+02    0.543208324799977604E+00    0.256625969691475886E+01   -0.159677761125333433E+06
    0.775461915071648411E+00    0.618322822306338722E+02    0.182278629557521890E-04    0.230492551956544522E+01    0.116027519517730759E+01    0.155759370654585838E+00    0.142804404808372060E+00    0.809997762432075330E+00    0.728035121113409218E+02    0.543331385732659711E+00    0.256510296499861790E+01   -0.159677752891259268E+06
    0.794331533723937833E+00    0.752728296199234563E+02    0.230937324811319432E-05    0.110238496889083448E+01    0.430476789932661408E+01    0.155754456132677410E+00    0.143006094599417183E+00    0.809866727157879440E+00    0.721277626746639697E+02    0.543304119749574266E+00    0.256744829507521732E+01   -0.159677731932850817E+06
    0.461098883507765844E+00    0.172547073243544787E+03    0.325280934220891709E-05    0.444808619826026930E+00    0.175556983750164530E+01    0.152800394148213559E+00    0.139814662832682790E+00    0.808818623379276680E+00    0.725835302419771722E+02    0.542978504060628753E+00    0.256946515545197895E+01   -0.159677730074937397E+06
    0.576009233674883103E+00    0.725432711110565975E+02    0.372955038725928098E-05    0.210655952212944930E+01    0.855524046737713095E+00    0.152937963569394569E+00    0.139108837928388851E+00    0.810470658776091479E+00    0.728141457412738902E+02    0.543260726628346458E+00    0.256451620400375502E+01   -0.159677717068185564E+06
    0.535540220594844074E+00    0.121929788609305163E+03    0.322807115214215926E-05    0.208443247681826704E+00    0.597876642639211386E+01    0.153631297409114104E+00    0.139347208764301428E+00    0.808589297446041355E+00    0.727303247285720857E+02    0.543229522915939289E+00    0.256818123382456198E+01   -0.159677714454373316E+06
    0.432221687110469710E+00    0.992111450403917274E+02    0.258405337324187419E-05    0.890427703432404627E+00    0.770177030811040009E+01    0.154287711164126401E+00    0.142606034627079103E+00    0.810083764085048452E+00    0.724942628480445279E+02    0.544528641625922072E+00    0.256147768053294111E+01   -0.159677708056249889E+06
    0.322915227445776498E+00    0.704899208240464930E+02    0.753343779471793690E-05    0.961882094882989480E+00    0.149697262677600507E+01    0.152587422748401480E+00    0.140845942929870349E+00    0.809095714434617141E+00    0.726390799687481064E+02    0.542698598915409502E+00    0.256947464562755190E+01   -0.159677701599343796E+06
    0.581785117526330886E+00    0.101087080920442034E+03    0.152087410875859933E-05    0.456234853662449591E+00    0.562983729748454831E+01    0.154754431660118291E+00    0.142064800229038446E+00    0.808421566226832811E+00    0.723363432487508931E+02    0.543522556057242423E+00    0.256275314974750046E+01   -0.159677669409430353E+06
    0.997673726977008402E+00    0.121754881433872001E+03    0.119070009665199982E-05    0.108139496413840397E+01    0.472213120939963016E+01    0.153434467854444256E+00    0.139322162151067713E+00    0.808029027693029755E+00    0.727115706716263190E+02    0.543185196131652837E+00    0.256560866219900774E+01   -0.159677658644626848E+06
    0.991450462604263061E+00    0.154180897119123529E+03    0.218233811982294306E-05    0.314701390023801686E+01    0.346806012160853783E+01    0.151701429313381070E+00    0.139573612401582420E+00    0.810004505154675591E+00    0.724471545826534680E+02    0.543563531781144249E+00    0.256453566411935618E+01   -0.159677633275475615E+06
    0.316481457952456469E+00    0.108738388553235637E+03    0.133515617097037384E-05    0.297935455802856186E+00    0.205910271463359251E+01    0.156467444675759487E+00    0.139978662365847939E+00    0.809886070822442017E+00    0.724545186753918529E+02    0.543132521560319326E+00    0.256840315814596565E+01   -0.159677627689269604E+06
    0.456639988038086364E+00    0.149124091299970889E+02    0.321668516645163736E-05    0.306762845146086960E+01    0.129072914592042065E+01    0.154426145190410008E+00    0.143253291797901361E+00    0.810155233674726416E+00    0.724515797804936028E+02    0.542372540899673905E+00    0.256750510132704735E+01   -0.159677607107297750E+06
    0.782713929239608808E+00    0.249897448318165232E+02    0.381680375038803159E-05    0.608693339741124495E+00    0.582083489451423741E+01    0.154668898494778384E+00    0.142570314247498525E+00    0.808964055432224605E+00    0.721187292108130720E+02    0.543647336431678729E+00    0.256361470319802676E+01   -0.159677592596258677E+06
    0.589786883238814230E+00    0.162463395866314869E+03    0.125433978140114357E-05    0.824998687048779322E+00    0.189019545230134312E+01    0.155105394252875756E+00    0.141622029546487005E+00    0.808474936862030091E+00    0.721332634869045961E+02    0.543136821850509155E+00    0.256832521848602724E+01   -0.159677582940605411E+06
    0.518620162496302495E+00    0.157635009756493247E+03    0.256133126137054403E-05    0.199310121149653297E+00    0.206430910819205149E+01    0.152056987281378314E+00    0.139281822166610336E+00    0.807976054334796689E+00    0.725274468383567807E+02    0.542876953761084136E+00    0.256726040303379888E+01   -0.159677580367551534E+06
    0.805952272781202739E+00    0.899778981195085521E+02    0.783376105958784738E-05    0.167793943290388592E+01    0.101452990063936022E+01    0.154290845317846703E+00    0.143157041968651227E+00    0.808850891551113227E+00    0.725387101842023014E+02    0.542535058360292921E+00    0.256987247942844732E+01   -0.159677561402247462E+06
    0.439710108260143839E+00    0.175690419166098025E+03    0.330715449147256355E-05    0.267931214390183747E+00    0.218801805708425601E+01    0.154788654690296013E+00    0.140304983037386810E+00    0.808630608485467084E+00    0.723347489615813117E+02    0.543128298356400196E+00    0.256906272714024686E+01   -0.159677552875096299E+06
    0.853436695954725710E+00    0.176261621595790842E+03    0.263087384694328032E-04    0.323554341861788053E+00    0.442337663128175862E+01    0.153075199440568077E+00    0.142708257939151872E+00    0.810374579114941707E+00    0.724178814666290691E+02    0.543850931774472302E+00    0.256339814476986305E+01   -0.159677537323745608E+06
    0.498401622919643794E+00    0.260851206642981666E+02    0.323070857878784719E-05    0.398058405478481614E+01    0.775977590310085841E+00    0.153835327212288209E+00    0.143111486561662365E+00    0.810438730678350483E+00    0.723868027531379710E+02    0.542588765576523691E+00    0.256671027760712311E+01   -0.159677536030052637E+06
    0.709966602119730394E+00    0.171777414923771715E+03    0.142106144946050680E-04    0.374376365741032890E+00    0.277479195701621473E+01    0.153902344683062797E+00    0.141525402934106009E+00    0.809959845732429740E+00    0.727447944299971994E+02    0.543586158287115873E+00    0.256362409683970682E+01   -0.159677531928026903E+06
    0.672810735216871070E+00    0.595113677194235819E+02    0.239289358553777478E-05    0.622277220959949640E+00    0.299278819677204577E+01    0.154828213808315518E+00    0.142115709024697168E+00    0.807772324118279927E+00    0.722688461002252467E+02    0.542583613953504851E+00    0.256861840335031388E+01   -0.159677522997826338E+06
    0.526174844521425156E+00    0.972760438635938485E+01    0.413380545698072229E-05    0.735733230017117101E+00    0.667810069539566609E+01    0.154271555800486931E+00    0.138496101217760098E+00    0.809340752378164829E+00    0.724548677791152471E+02    0.543217979362820791E+00    0.256639423905959774E+01   -0.159677499613786524E+06
    0.610508662260529356E+00    0.361562131700811662E+02    0.162671559931605168E-05    0.294228721815394278E+01    0.108585675173322627E+01    0.154451711122241819E+00    0.141802061366237880E+00    0.809051484804173660E+00    0.722376065482809366E+02    0.542169462965002791E+00    0.256875332130198508E+01   -0.159677497995863174E+06
    0.649223716715655152E+00    0.740329211212955869E+02    0.214209835433974233E-05    0.145873980942685511E+01    0.412318929677841872E+01    0.152719506881980993E+00    0.141584212962579115E+00    0.810641773236869367E+00    0.724721745692886259E+02    0.543745681807495163E+00    0.256270509412963587E+01   -0.159677482024382800E+06
    0.618923971379792492E+00    0.173034579916009022E+03    0.310326494021222186E-05    0.109088208702208034E+01    0.244442212106579593E+01    0.155080808683728533E+00    0.142886171524864436E+00    0.808047821213009110E+00    0.724590991483289741E+02    0.543242276036306260E+00    0.256712442111094230E+01   -0.159677477924439445E+06
    0.870317647764799585E+00    0.172943255556194003E+03    0.294267687838627200E-05    0.838244436829026385E+00    0.304562845490186573E+01    0.153413491697801108E+00    0.139572549207817503E+00    0.809130997190216528E+00    0.727395294457668484E+02    0.543416026472638425E+00    0.256596646615663504E+01   -0.159677458077938762E+06
    0.640343968827707277E+00    0.134684933897958359E+03    0.259350059225909876E-05    0.481672265047866033E+00    0.367573151917598651E+01    0.155062237617372811E+00    0.142801815526278797E+00    0.809880850454486767E+00    0.724052158127125267E+02    0.542380185144589300E+00    0.256766116469850969E+01   -0.159677447082980681E+06
    0.854578788442003745E+00    0.109840714128685715E+02    0.296162009240382569E-05    0.285585424123818576E+01    0.223971630332450644E+01    0.153990007606089663E+00    0.140166603263076811E+00    0.808462474396437480E+00    0.725499332595014437E+02    0.542795737203722983E+00    0.256842497842996353E+01   -0.159677442184097716E+06
    0.349899374544407893E+00    0.894759850273173214E+02    0.158547286479278126E-05    0.162051187269282382E+01    0.177423937540982157E+01    0.155074448200183235E+00    0.140484457477475455E+00    0.810111033958752946E+00    0.726776316699174885E+02    0.542737104015554639E+00    0.256652635931588335E+01   -0.159677407997405564E+06
    0.788655240268561819E+00    0.881669199433572146E+02    0.219471755286903004E-05    0.314655911916752073E+00    0.674159272468336912E+01    0.153633269789196364E+00    0.142667738918401954E+00    0.810694645461708108E+00    0.722195109255678176E+02    0.542779300284369270E+00    0.256755352072607224E+01   -0.159677386927797517E+06
    0.542368950503556047E+00    0.868289128086490365E+02    0.595147127657107733E-05    0.576349614942244459E+00    0.180870391043880052E+01    0.155671939031331891E+00    0.140507503869045258E+00    0.808876441019410475E+00    0.725560507939155173E+02    0.542844403389764474E+00    0.256873658143343508E+01   -0.159677378085304226E+06
    0.253219879534095416E+00    0.359768841873640497E+02    0.417989370630416554E-05    0.135940918413241230E+01    0.153730081355303527E+01    0.154096113260690643E+00    0.139388920273463557E+00    0.810683068892527947E+00    0.724487618511021765E+02    0.542720097871914109E+00    0.256744454437533154E+01   -0.159677361309691041E+06
    0.736276811424101618E+00    0.113189973152993062E+03    0.112226112652473290E-04    0.340631329352832868E+01    0.995712143364248181E+00    0.152729051531302978E+00    0.139836955614656727E+00    0.809598727013363995E+00    0.726072507600721337E+02    0.543629898465389894E+00    0.256301383835739882E+01   -0.159677357790084148E+06
    0.222044092265285015E+00    0.231815109143563483E+02    0.397178459372296734E-05    0.522113151799296293E+00    0.521985812111070491E+01    0.152656026108053122E+00    0.142096638466762959E+00    0.810355198258974507E+00    0.726500852798905896E+02    0.543049191485552418E+00    0.256669281790431336E+01   -0.159677347669906856E+06
    0.669652286365935101E+00    0.894107578403161085E+02    0.180314569370688265E-05    0.895617417876296340E+00    0.561947399020543603E+01    0.154827879641334376E+00    0.142959051659220793E+00    0.809528281764824387E+00    0.724833893410443295E+02    0.542542156126263442E+00    0.256816186556778892E+01   -0.159677318584357708E+06
    0.372835975388058571E+00    0.585041809709943266E+02    0.495283792465924931E-05    0.140631394125066023E+01    0.173094878969423460E+01    0.153221993794536548E+00    0.140271605818810208E+00    0.810021842404482273E+00    0.724969555595935304E+02    0.542791489559311890E+00    0.256692881799146999E+01   -0.159677217766857502E+06
    0.688180265378564138E+00    0.630103681102004245E+02    0.477903804570349236E-05    0.507059472710480130E+00    0.937274806028227658E+00    0.154173562592055197E+00    0.139919474562546498E+00    0.810265427767973945E+00    0.723100241209267693E+02    0.543056413348080746E+00    0.256687576318425359E+01   -0.159677185388736601E+06
    0.609787442412449643E+00    0.100088138796994443E+03    0.254583670882804883E-05    0.290924834571303981E+01    0.841574507148537099E+00    0.153147023982956737E+00    0.141498577124912983E+00    0.810158145210625680E+00    0.725345228005822236E+02    0.542589556128392769E+00    0.256879845288295261E+01   -0.159677173126222100E+06
    0.625372334128049934E+00    0.120797053169105936E+03    0.444719115973049664E-05    0.472255162319947408E+00    0.319682381550947214E+01    0.154644027474504175E+00    0.141026202866339767E+00    0.809036469104392753E+00    0.725333127789655094E+02    0.542810422604820042E+00    0.256825011633394862E+01   -0.159677095941580192E+06
    0.650623885206718100E+00    0.856957592639922865E+02    0.181928093241002553E-05    0.522416049953696948E+00    0.510600528774366058E+01    0.154986135739103942E+00    0.141114551593869125E+00    0.809611592981931416E+00    0.723554132604852498E+02    0.542843229231566027E+00    0.256840373168385128E+01   -0.159677081123027659E+06
    0.564905308882341028E+00    0.983116772141866164E+02    0.150281400546870199E-05    0.453112104322827780E+00    0.381611911078018107E+01    0.153730123236513250E+00    0.141714376536079323E+00    0.809851131752102216E+00    0.726019856538309654E+02    0.543609531810017921E+00    0.256428252451793925E+01   -0.159677067483519699E+06
    0.597342462479810266E+00    0.209004299674955760E+02    0.111432267692843976E-05    0.137976484891865425E+01    0.243655664469234523E+01    0.153405226689636520E+00    0.140978864198851389E+00    0.809454183113427650E+00    0.724975588104235413E+02    0.543307598523977697E+00    0.256516339619485745E+01   -0.159676977791517100E+06
    0.332563705577828217E+00    0.366587787894238275E+02    0.260162462073153720E-05    0.293856776348416615E+00    0.100207840885530408E+01    0.153607706115481329E+00    0.141063176499748588E+00    0.809120300366512835E+00    0.723725749808212413E+02    0.543251803247136622E+00    0.256670402548018650E+01   -0.159676942935695668E+06
    0.315579234584902835E+00    0.250805714238063082E+02    0.145860988284242568E-05    0.262736942338587298E+00    0.388222347847644755E+01    0.153943613112730943E+00    0.140698865722941435E+00    0.809297489923086921E+00    0.724581139212850474E+02    0.543266765592454570E+00    0.256694424313368064E+01   -0.159676936766817875E+06
    0.699097999283036509E+00    0.238174727824315831E+02    0.252743717835607166E-02    0.245049602857040627E+01    0.646971770605628604E+00    0.161790733987915436E+00    0.148104942234446701E+00    0.809916054394592466E+00    0.718638941767277828E+02    0.545391626671491436E+00    0.253882691656595583E+01   -0.159670398703815066E+06
