    0.166419482231140137E+02    0.885180294513702393E+01    0.876787781715393066E+01   -0.272531032562255859E+00   -0.624585385526445229E+07   -0.340101220333519727E+01    1
    0.348916649818420410E+01    0.482457697391510010E+01   -0.980479717254638672E+01    0.934607148170471191E+00   -0.156404842535155825E+06   -0.343434553666853093E+01    1
    0.391885042190551758E+01    0.927574932575225830E+01   -0.888983249664306641E+01   -0.719490289688110352E+00   -0.146068680257448083E+06   -0.346767887000186459E+01    1
    0.157004034519195557E+02    0.569901466369628906E+01   -0.781381607055664062E+01    0.156463503837585449E+00   -0.145369667673181684E+06   -0.350101220333519692E+01    1
    0.865720629692077637E+01    0.893929719924926758E+01    0.459699392318725586E+01   -0.193084001541137695E+00   -0.145049720179773110E+06   -0.353434553666853013E+01    1
    0.107694244384765625E+02    0.149616479873657227E+01   -0.718225717544555664E+01   -0.491265177726745605E+00   -0.126542495690226933E+06   -0.356767887000186423E+01    1
    0.196455597877502441E+01    0.567080378532409668E+00   -0.873093843460083008E+01    0.981934189796447754E+00   -0.125758836310569619E+06   -0.360101220333519745E+01    1
    0.102870869636535645E+02    0.537305951118469238E+01   -0.685229063034057617E+01   -0.758428573608398438E+00   -0.124035212302156593E+06   -0.363434553666853066E+01    1
    0.138854742050170898E+01    0.761275231838226318E+01   -0.809624552726745605E+01    0.144703984260559082E+00   -0.119791709975236692E+06   -0.366767887000186432E+01    1
    0.517073035240173340E+01    0.188991427421569824E+00   -0.757985472679138184E+01    0.157308340072631836E+00   -0.118423321962880291E+06   -0.370101220333519754E+01    1
    0.652101635932922363E+01    0.601045131683349609E+01   -0.653364062309265137E+01   -0.341542363166809082E+00   -0.114125117769497461E+06   -0.373434553666852986E+01    1
    0.206885695457458496E+01    0.502232611179351807E+01   -0.684366226196289062E+01   -0.237956762313842773E+00   -0.105516827093898100E+06   -0.376767887000186352E+01    1
    0.271129608154296875E+01    0.649741411209106445E+01   -0.635971546173095703E+01    0.467460751533508301E+00   -0.102080040478589784E+06   -0.380101220333519718E+01    1
    0.764230489730834961E+01    0.997923731803894043E+01   -0.527294039726257324E+01   -0.366543173789978027E+00   -0.964004557340625033E+05   -0.383434553666853084E+01    1
    0.131776332855224609E+00    0.427523851394653320E+00   -0.717274069786071777E+01   -0.998329877853393555E+00   -0.837129763214019185E+05   -0.386767887000186361E+01    1
    0.178577363491058350E+02    0.213595688343048096E+01   -0.440034031867980957E+01   -0.404760837554931641E-01   -0.831225915167087660E+05   -0.390101220333519683E+01    1
    0.775670766830444336E+01    0.681871175765991211E+01   -0.416559338569641113E+01    0.849456429481506348E+00   -0.770918662172540935E+05   -0.393434553666853137E+01    1
    0.155898332595825195E+02    0.521109819412231445E+01   -0.332057714462280273E+01    0.183997273445129395E+00   -0.658161844739152584E+05   -0.396767887000186414E+01    1
    0.168075680732727051E+01    0.712683200836181641E+01   -0.400912761688232422E+01    0.148848295211791992E-01   -0.644765694318407404E+05   -0.400101220333519692E+01    1
    0.189040017127990723E+02    0.302440941333770752E+01   -0.284499049186706543E+01   -0.442336797714233398E-01   -0.566087020258351258E+05   -0.403434553666852835E+01    1
    0.195453464984893799E+02    0.850835740566253662E+01   -0.259326219558715820E+01   -0.351059436798095703E-01   -0.551397725270145602E+05   -0.406767887000186334E+01    1
    0.527191877365112305E+01    0.642477393150329590E+01   -0.247288465499877930E+01   -0.333363294601440430E+00   -0.472648893454110657E+05   -0.410101220333519656E+01    1
    0.155665278434753418E+02    0.770524382591247559E+01   -0.214746594429016113E+01   -0.841596603393554688E+00   -0.462333277818842398E+05   -0.413434553666853066E+01    1
    0.185047936439514160E+02    0.519732892513275146E+01   -0.217001080513000488E+01    0.328640222549438477E+00   -0.460100476583362324E+05   -0.416767887000186299E+01    1
    0.126449656486511230E+02    0.925558805465698242E-01    0.376542806625366211E+00   -0.255419731140136719E+00   -0.374132775954871540E+05   -0.420101220333519709E+01    1
    0.117350530624389648E+02    0.669295430183410645E+01   -0.156582593917846680E+01   -0.861616849899291992E+00   -0.349501088418529980E+05   -0.423434553666853031E+01    1
    0.112470853328704834E+02    0.503629446029663086E+01   -0.145969867706298828E+01   -0.217093348503112793E+00   -0.322249744045210973E+05   -0.426767887000186441E+01    1
    0.392991304397583008E+00    0.989148080348968506E+01    0.138353228569030762E+01   -0.782557725906372070E+00   -0.236958772287924621E+05   -0.430101220333519496E+01    1
    0.168561446666717529E+02    0.402016043663024902E+01   -0.936541557312011719E+00    0.713070750236511230E+00   -0.231481632773292113E+05   -0.433434553666852906E+01    1
    0.137912297248840332E+02    0.973904848098754883E+01    0.582516193389892578E+01   -0.303789258003234863E+00   -0.159739807109833800E+05   -0.436767887000186317E+01    1
    0.593758702278137207E+01    0.225253164768218994E+01   -0.601828098297119141E+00   -0.693480014801025391E+00   -0.145761638853332079E+05   -0.440101220333519549E+01    1
    0.780609250068664551E+01    0.955010771751403809E+01   -0.278286933898925781E+00   -0.120775222778320312E+00   -0.135943105031146297E+05   -0.443434553666852871E+01    1
    0.144052171707153320E+02    0.864781737327575684E+00    0.592604875564575195E+00   -0.355073451995849609E+00   -0.119265426851438351E+05   -0.446767887000186370E+01    1
    0.133773827552795410E+02    0.284259378910064697E+01    0.569353103637695312E+00   -0.553200721740722656E+00   -0.828061438133139018E+04   -0.450101220333519869E+01    1
    0.671776175498962402E+01    0.420302093029022217E+01    0.591418743133544922E+00   -0.925492048263549805E+00   -0.498151377045810659E+04   -0.453434553666853013E+01    1
    0.168221867084503174E+02    0.172777950763702393E+01    0.191099643707275391E+00    0.633657813072204590E+00   -0.318730707856708204E+04   -0.456767887000186246E+01    1
    0.610789537429809570E+01    0.883539080619812012E+01    0.664548873901367188E+00    0.875687718391418457E+00   -0.306929911420757526E+04   -0.460101220333519567E+01    1
    0.105222380161285400E+02    0.216970026493072510E+01    0.770925283432006836E+01    0.966411828994750977E+00   -0.272252220178162997E+04   -0.463434553666852889E+01    1
    0.197157847881317139E+02    0.593827068805694580E+01    0.637158989906311035E+01    0.930806517601013184E+00   -0.262561829407835194E+04   -0.466767887000186210E+01    1
    0.556218624114990234E+00    0.144072532653808594E+01    0.639420747756958008E+00   -0.512969136238098145E+00   -0.237021683068681159E+04   -0.470101220333519709E+01    1
    0.160047459602355957E+02    0.381314814090728760E+01    0.644664764404296875E+01    0.841869354248046875E+00   -0.236840574485772549E+04   -0.473434553666853031E+01    1
    0.229607105255126953E+01    0.623981952667236328E+01    0.323623776435852051E+01   -0.951750516891479492E+00   -0.234828770828540473E+04   -0.476767887000186263E+01    1
    0.700280785560607910E+01    0.671220600605010986E+01    0.723846197128295898E+01   -0.953184723854064941E+00   -0.234317208279248871E+04   -0.480101220333519674E+01    1
    0.840809345245361328E+01    0.327729940414428711E+01    0.205007791519165039E+00   -0.151286363601684570E+00   -0.227114433109408537E+04   -0.483434553666853084E+01    1
    0.822436571121215820E+01    0.640900075435638428E+01    0.771135926246643066E+01   -0.912726640701293945E+00   -0.222046820346413369E+04   -0.486767887000186406E+01    1
    0.982766747474670410E+01    0.918127715587615967E+01    0.914403200149536133E+01    0.781801342964172363E+00   -0.218082825662069899E+04   -0.490101220333519638E+01    1
    0.631324410438537598E+01    0.215649008750915527E+00    0.807625055313110352E+00    0.776708126068115234E+00   -0.217197841656835271E+04   -0.493434553666853049E+01    1
    0.170811355113983154E+02    0.297225832939147949E+01    0.297410249710083008E+01   -0.881593823432922363E+00   -0.213059187555607195E+04   -0.496767887000186192E+01    1
    0.157790040969848633E+02    0.801969110965728760E+01    0.743713974952697754E+01   -0.884015798568725586E+00   -0.213055957900925068E+04   -0.500101220333519514E+01    1
    0.636521220207214355E+01    0.831680774688720703E+01    0.440020918846130371E+01   -0.876400828361511230E+00   -0.210942878034252226E+04   -0.503434553666852924E+01    1
    0.107779681682586670E+02    0.690850079059600830E+01    0.535005450248718262E+01   -0.845341801643371582E+00   -0.200626573237744378E+04   -0.506767887000186334E+01    1
    0.872489809989929199E+01    0.611803233623504639E+01    0.622579574584960938E+01   -0.818698763847351074E+00   -0.191689643929150566E+04   -0.510101220333519745E+01    1
    0.923475027084350586E+00    0.580518841743469238E+00    0.853723526000976562E+01    0.700880765914916992E+00   -0.190737816196497056E+04   -0.513434553666853066E+01    1
    0.131839764118194580E+02    0.544705986976623535E+00    0.715767741203308105E+01    0.697029113769531250E+00   -0.189370187642126348E+04   -0.516767887000186299E+01    1
    0.119689381122589111E+02    0.221836507320404053E+01    0.176841616630554199E+01   -0.615795254707336426E+00   -0.184852774628192174E+04   -0.520101220333519798E+01    1
    0.141932404041290283E+02    0.698417305946350098E+01    0.527469992637634277E+01   -0.791895627975463867E+00   -0.182622443079910227E+04   -0.523434553666853031E+01    1
    0.176318013668060303E+02    0.457120656967163086E+01    0.277289390563964844E+01    0.663227081298828125E+00   -0.176798177823286665E+04   -0.526767887000186175E+01    1
    0.326017856597900391E+01    0.405937254428863525E+01    0.616050958633422852E+01    0.625832080841064453E+00   -0.162868538884113650E+04   -0.530101220333519674E+01    1
    0.114951086044311523E+02    0.656776070594787598E+01    0.437406182289123535E+01   -0.716565847396850586E+00   -0.156216099410026686E+04   -0.533434553666853084E+01    1
    0.710829615592956543E+01    0.645624458789825439E+01    0.151056885719299316E+01    0.606424212455749512E+00   -0.155487076103339996E+04   -0.536767887000186228E+01    1
    0.104499483108520508E+02    0.423086285591125488E+01    0.218857645988464355E+01    0.587601423263549805E+00   -0.146951566058978460E+04   -0.540101220333519727E+01    1
    0.304872035980224609E+01    0.211457610130310059E+01    0.496429920196533203E+01   -0.681656241416931152E+00   -0.142661875301301006E+04   -0.543434553666853226E+01    1
    0.100572514533996582E+02    0.960261046886444092E+01    0.925364136695861816E+01    0.558156490325927734E+00   -0.135270442185858792E+04   -0.546767887000186459E+01    1
    0.184626185894012451E+02    0.725949525833129883E+01    0.576556444168090820E+01   -0.658133745193481445E+00   -0.133755104938994373E+04   -0.550101220333519603E+01    1
    0.168363583087921143E+02    0.306056857109069824E+01    0.746436357498168945E+01   -0.368977069854736328E+00   -0.131799385684904200E+04   -0.553434553666853102E+01    1
    0.196202969551086426E+02    0.909696221351623535E+01    0.762698650360107422E+01    0.525073051452636719E+00   -0.120783033377289985E+04   -0.556767887000186423E+01    1
    0.119943848949066876E+02    0.662710202280265559E+01    0.544031199072766114E+01    0.520113543807860346E+00   -0.118526959427771567E+04   -0.560101220333519656E+01    1
    0.161540091037750244E+02    0.629768252372741699E+01    0.761917710304260254E+01   -0.615610718727111816E+00   -0.117279156071685134E+04   -0.563434553666853066E+01    1
    0.122153413295745850E+02    0.276795625686645508E+01    0.348690509796142578E+01   -0.409861445426940918E+00   -0.114460577619226251E+04   -0.566767887000186210E+01    1
    0.566310496374218819E+00    0.246790407460712302E+01    0.624297250907139656E+01    0.505723610471723761E+00   -0.111971970797563245E+04   -0.570101220333519709E+01    1
    0.134747624397277832E+02    0.383794069290161133E+01    0.585403800010681152E+01    0.459023118019104004E+00   -0.895814004397355689E+03   -0.573434553666853208E+01    1
    0.411055922508239746E+01    0.992851853370666504E+00    0.555929422378540039E+01   -0.398222446441650391E+00   -0.857594702938677074E+03   -0.576767887000186175E+01    1
    0.102766537666320801E+02    0.530317962169647217E+01    0.714372754096984863E+01    0.449968338012695312E+00   -0.850513239672227655E+03   -0.580101220333519674E+01    1
    0.934112544392123567E+01    0.771034926901791984E+01    0.220539215564319591E+01    0.452265361577802505E+00   -0.845883307285237265E+03   -0.583434553666853084E+01    1
    0.127643680572509766E+02    0.983751237392425537E+01    0.501881361007690430E+01   -0.446636557579040527E+00   -0.745710628345422947E+03   -0.586767887000186494E+01    1
    0.480992794036865234E+01    0.636668205261230469E+00    0.632476806640625000E+01   -0.492126107215881348E+00   -0.742491986468931827E+03   -0.590101220333519905E+01    1
    0.150178682804107666E+02    0.796429693698883057E+01    0.631523847579956055E+01   -0.480433583259582520E+00   -0.720351932609571350E+03   -0.593434553666853049E+01    1
    0.397805929183959961E+01    0.179363191127777100E+01    0.665134072303771973E+01   -0.425280332565307617E+00   -0.705025917588377069E+03   -0.596767887000186370E+01    1
    0.982353648993737671E+01    0.493704005594628104E+01    0.347424658338608339E+01    0.389758551693817790E+00   -0.525980515100348725E+03   -0.600101220333519692E+01    1
    0.120647430419921875E+01    0.165908336639404297E+00    0.697021484375000000E+01    0.386693596839904785E+00   -0.513236741273593566E+03   -0.603434553666853013E+01    1
    0.453061421386240504E+01    0.409816023561427567E+01    0.587253881908379327E+01    0.350432279359560450E+00   -0.301926321347917110E+03   -0.606767887000186334E+01    1
    0.450623631477355957E+01    0.139230668544769287E+01    0.607124567031860352E+00    0.261549830436706543E+00   -0.152076137305992063E+02   -0.610101220333519567E+01    1
    0.133465087413787842E+02    0.744982063770294189E+01    0.649960756301879883E+01    0.293218255043029785E+00    0.621004903308999019E+02   -0.613434553666852977E+01    1
    0.100948858261108398E+02    0.712027490139007568E+01    0.347803950309753418E+01    0.294127583503723145E+00    0.658544538350230937E+02   -0.616767887000186565E+01    1
    0.168489778041839600E+02    0.139122426509857178E+01    0.779802560806274414E+01    0.263766884803771973E+00    0.265907173672355214E+03   -0.620101220333519709E+01    1
    0.467241536479384578E+01    0.509050190042591577E+01    0.336475749484496767E+01    0.261815662687602924E+00    0.290953627602586721E+03   -0.623434553666852942E+01    1
    0.254640538627459501E+01    0.635294319243654471E+01    0.807514649575283272E+01    0.255312960552211532E+00    0.326738047284489539E+03   -0.626767887000186263E+01    1
    0.461720477510652838E+01    0.571249045449020887E+01    0.774004443962546418E+01    0.241127791790922252E+00    0.431117042613745980E+03   -0.630101220333519585E+01    1
    0.847156686103976320E+01    0.470602348008649685E+01    0.881046530131141026E+01    0.236145650430797716E+00    0.468439578918644770E+03   -0.633434553666852995E+01    1
    0.104181980835781687E+02    0.410771595294328140E+01    0.319459625326391716E+01    0.223400664565193807E+00    0.579049981977955895E+03   -0.636767887000186406E+01    1
    0.178082988328093483E+01    0.288303442714656066E+01    0.655228493173454041E+01    0.856196767796002511E-02    0.605044853066987343E+03   -0.640101220333519727E+01    1
    0.666447465545424134E+01    0.113239702552380117E+01    0.872779110786708756E+01    0.205925605895449060E+00    0.702884437307325697E+03   -0.643434553666853137E+01    1
    0.105448160972961542E+02    0.265332909569892861E+01    0.992874403419591545E+01    0.205307574775328128E+00    0.707817024270793240E+03   -0.646767887000186636E+01    1
    0.471682896144176933E+01    0.338811648435525647E+01    0.377148618021560900E+01    0.200026353642415389E+00    0.756989990195174641E+03   -0.650101220333519869E+01    1
    0.843853554382457283E+01    0.237682262677389167E+01    0.423184301928543860E+01    0.187167604255732645E+00    0.857709394659640793E+03   -0.653434553666853191E+01    1
    0.891967535018920898E+01    0.377560138702392578E+01    0.533898115158081055E+01    0.186820387840270996E+00    0.858821158066360681E+03   -0.656767887000186334E+01    1
    0.177936446666717529E+02    0.491534054279327393E+01    0.392969727516174316E+01    0.187030553817749023E+00    0.863604824278224555E+03   -0.660101220333519567E+01    1
    0.976942387530241163E+01    0.868172761391210557E+01    0.395782659727633934E+01    0.177695896085806826E+00    0.947252246465949497E+03   -0.663434553666853066E+01    1
    0.532349039909199639E+01    0.221355761294967568E+01    0.581027263227484703E+01    0.142236644698712222E-01    0.103357268276392097E+04   -0.666767887000186388E+01    1
    0.980929154333565423E+00    0.708126605762111083E+01    0.163547416415140034E+01    0.167801564706114625E+00    0.108006339472167815E+04   -0.670101220333519709E+01    1
    0.505866196272699753E+01    0.410928336269888472E+01    0.298709895705909823E+01    0.157072056753735367E+00    0.113673375165855759E+04   -0.673434553666853208E+01    1
    0.103675637451580211E+02    0.202427682258540109E+01    0.582655294644749411E+01    0.147581427939061482E+00    0.118979062614090321E+04   -0.676767887000186530E+01    1
    0.198074838086554301E+02    0.719278350010660894E+01    0.750994188788156336E+01    0.140186129266910431E+00    0.125317686402973027E+04   -0.680101220333519674E+01    1
    0.100326880330117660E+02    0.658554286644296827E+01    0.186944330751656018E+01    0.148282891173099340E+00    0.128242642594106201E+04   -0.683434553666852995E+01    1
    0.653325955731176933E+01    0.493640182017189844E+01    0.294114832818697103E+01    0.132447166159921359E+00    0.136035964446826006E+04   -0.686767887000186406E+01    1
    0.763277219182500133E+00    0.664919373663642155E+01    0.833165154466034252E+01    0.240069896486838630E-01    0.146463975489457334E+04   -0.690101220333519727E+01    1
    0.168642449378967285E+02    0.746846199035644531E-03    0.118590354919433594E+01    0.113202214241027832E+00    0.148229002563468725E+04   -0.693434553666853049E+01    1
    0.793459125267213139E+01    0.279885827340677551E+01    0.333452902223539382E+01    0.114178845857232591E+00    0.149205562835487672E+04   -0.696767887000186459E+01    1
    0.375986006195435429E+01    0.327142912893540583E+01    0.142779855277871448E+01    0.120308136134821275E-01    0.149534554678666746E+04   -0.700101220333519780E+01    1
    0.528004284857764539E+01    0.546760019384134033E+01    0.303243544025760592E+01    0.116773391838823626E+00    0.149847192706931037E+04   -0.703434553666853102E+01    1
    0.977275263468614774E+01    0.716481370442302179E+01    0.868018175790856006E+01    0.255300308016150890E-01    0.150912949770933210E+04   -0.706767887000186512E+01    1
    0.738917112350463867E+01    0.777563095092773438E+01    0.299805164337158203E+01    0.216913223266601562E-01    0.152456149207846011E+04   -0.710101220333519745E+01    1
    0.345610380172729492E+01    0.214594602584838867E+00    0.656265377998352051E+01    0.107339382171630859E+00    0.153007249262482014E+04   -0.713434553666853066E+01    1
    0.112549770203500827E+02    0.517116035620403425E+00    0.371059910593771747E+01    0.274957936999253860E-01    0.156458483040301962E+04   -0.716767887000186477E+01    1
    0.149144366582521286E+02    0.740959814680174667E+01    0.526784962524876477E+01    0.285141133096300514E-01    0.159076091768994866E+04   -0.720101220333519887E+01    1
    0.157430648803710938E+01    0.423497855663299561E+01    0.683400392532348633E+01    0.996590852737426758E-01    0.159100655451523244E+04   -0.723434553666853208E+01    1
    0.352474522739397589E+01    0.102987237148801070E+01    0.783291505542231903E+01    0.288540525659399805E-01    0.159119220299641665E+04   -0.726767887000186530E+01    1
    0.870635628700256348E+01    0.265558302402496338E+01    0.926403522491455078E+01    0.290416479110717773E-01    0.159524505323071389E+04   -0.730101220333519763E+01    1
    0.198825069599979578E+02    0.422817457875263436E+01    0.574360593585347523E+01    0.291299024911302329E-01    0.159921552619561044E+04   -0.733434553666852995E+01    1
    0.126018264916794021E+01    0.654263252881403012E+01    0.488307953168365394E+01    0.981669953231081305E-01    0.160911237693393196E+04   -0.736767887000186406E+01    1
    0.287005596141064778E+01    0.340439783423802611E+01    0.628148394628509266E+01    0.870496634232569289E-01    0.168298271313568648E+04   -0.740101220333519549E+01    1
    0.993029717466855466E+01    0.479575536079973919E+01    0.886550360241016833E+01    0.840778551839738153E-01    0.170205033252446492E+04   -0.743434553666852960E+01    1
    0.195767007656131469E+02    0.652991920504983625E+01    0.831700389736598567E+01    0.386685285419989810E-01    0.174262290619327177E+04   -0.746767887000186281E+01    1
    0.538889922236622354E+01    0.759657403501327044E+00    0.896024298906534256E+01    0.387038974785902656E-01    0.174289221730833151E+04   -0.750101220333519603E+01    1
    0.786345959949310025E+01    0.325431388904341645E+01    0.433351468049409938E+01    0.771205497113212068E-01    0.175149617789218132E+04   -0.753434553666853013E+01    1
    0.105475742720221621E+02    0.955506940906415636E+01    0.759248263238695387E+01    0.396481464642457482E-01    0.175234154192647748E+04   -0.756767887000186423E+01    1
    0.182265768202156320E+01    0.771449335340893150E+01    0.475972425944783772E+01    0.380835766792002595E-01    0.175310101132524051E+04   -0.760101220333519745E+01    1
    0.372381607479392507E+01    0.361088212446443446E+01    0.710491677464786875E+01    0.753692119037374653E-01    0.175355792056026576E+04   -0.763434553666853066E+01    1
    0.647470587634593753E+00    0.279631263994326806E+01    0.641988252432432205E+01    0.399342828207018830E-01    0.175523825674446289E+04   -0.766767887000186299E+01    1
    0.939244010495541559E+01    0.342912591347589224E+01    0.775656080685214633E+01    0.411998017291237417E-01    0.176535461500133943E+04   -0.770101220333519709E+01    1
    0.176664700041802103E+01    0.368657992473990070E+01    0.648118984039422941E+01    0.725036984795472961E-01    0.176830215828517203E+04   -0.773434553666853120E+01    1
    0.158884634091660493E+01    0.671636045655398206E+01    0.523134633082234046E+01    0.708538455442833115E-01    0.178103152514998828E+04   -0.776767887000186441E+01    1
    0.108801597052968990E+01    0.303687195106659402E+01    0.654376620618541338E+01    0.681325183527490275E-01    0.178718585055888661E+04   -0.780101220333519851E+01    1
    0.206180810928344727E+01    0.619862973690032959E+01    0.594175577163696289E+01    0.684887170791625977E-01    0.178734813839759317E+04   -0.783434553666853173E+01    1
    0.117696830762561948E+02    0.749199658599613016E+01    0.970395454754810771E+01    0.445399335997991308E-01    0.178758645308330074E+04   -0.786767887000186494E+01    1
    0.988843515354606239E+01    0.965927456764938697E+01    0.614066762840958447E+01    0.674102548618313868E-01    0.179154052945324520E+04   -0.790101220333519638E+01    1
    0.401987706498132091E+01    0.396210430429010252E+01    0.808605766536675574E+01    0.661102214364095442E-01    0.179419439845586044E+04   -0.793434553666853137E+01    1
    0.323281460353324590E+01    0.836877475983467356E+01    0.428886572667243371E+01    0.410374095455052768E-01    0.179432057139896460E+04   -0.796767887000186548E+01    1
    0.116713315589530353E+02    0.211544563491215243E+01    0.250626160432067380E+01    0.772141049790828760E-01    0.179519259309194967E+04   -0.800101220333519869E+01    1
    0.974950598260327972E+01    0.965366766018649081E+01    0.566983321205709423E+01    0.645417037076101430E-01    0.180317277227575846E+04   -0.803434553666853191E+01    1
    0.175548202467509995E+02    0.337127426622338877E+01    0.878024943023909188E+01    0.482886674628533186E-01    0.180384606872801146E+04   -0.806767887000186334E+01    1
    0.130603489008706326E+02    0.505005249463879657E+01    0.922564735420806059E+01    0.488154770906297220E-01    0.180547063089053540E+04   -0.810101220333519656E+01    1
    0.328592362411802563E+01    0.819270923324197575E+01    0.359375326515001348E+01    0.749263881988453395E-01    0.180555291184916700E+04   -0.813434553666852977E+01    1
    0.101307981358141461E+02    0.417883788066893391E+01    0.302737474519181937E+01    0.384090676685404642E-01    0.181010984502449219E+04   -0.816767887000186299E+01    1
    0.864518267163001930E+01    0.434436760750845608E+01    0.857107651033008722E+01    0.576317645069013285E-01    0.181324007084238247E+04   -0.820101220333519620E+01    1
    0.452770962722060410E+01    0.135171341783879684E+01    0.867040071591808115E+01    0.569260887353342238E-01    0.181377349439444333E+04   -0.823434553666853120E+01    1
    0.423010527554313231E+01    0.450304253950725197E+01    0.878127920180611810E+01    0.546660366816003052E-01    0.181433563479520876E+04   -0.826767887000186441E+01    1
    0.148259605873173079E+02    0.276378922891369738E+01    0.605775309590354993E+01    0.537186181524589301E-01    0.181464400732639251E+04   -0.830101220333519763E+01    1
    0.129180692366051186E+02    0.764522588178123907E+01    0.578163876286499345E+01    0.516354757295693911E-01    0.181470189785006346E+04   -0.833434553666853084E+01    1
    0.113593222300660415E+02    0.273284508425832007E+01    0.220619112404866691E+01    0.338586344916449455E-01    0.181509340412863230E+04   -0.836767887000186406E+01    1
    0.156356190835225188E+02    0.546058780372510100E+01    0.447109492535574127E+01    0.493533424614618355E-01    0.181936743540464568E+04   -0.840101220333519727E+01    1
    0.647848372450689780E+01    0.336682463737930204E+01    0.351671268243361190E+01    0.449799383545883558E-01    0.182193056749802554E+04   -0.843434553666853049E+01    1
    0.471390321143218394E+01    0.330549777455972693E+01    0.423929311484329574E+01    0.515483055135965706E-01    0.182343354953581957E+04   -0.846767887000186548E+01    1
    0.144253162910348394E+02    0.204398555863469361E+00    0.230159771928681245E+01    0.566028903730755317E-01    0.182394807891967957E+04   -0.850101220333519692E+01    1
    0.141753699494101770E+02    0.950204234713250662E+00    0.296827973324667127E+01    0.604173520549466936E-01    0.182560145161421406E+04   -0.853434553666853191E+01    1
    0.155930841309790775E+02    0.268974922286020224E+01    0.352577471672183229E+01    0.574545114111508770E-01    0.183395100132200514E+04   -0.856767887000186334E+01    1
    0.137973555604236626E+02    0.912415005486206709E+01    0.404194793008695541E+01    0.617653527760597676E-01    0.183735524948673401E+04   -0.860101220333519656E+01    1
    0.653446062272514716E+01    0.773016145174103553E+01    0.391613170095695473E+01    0.511488869632148457E-01    0.184859544569422360E+04   -0.863434553666853155E+01    1
    0.397243250195437358E+01    0.152103938485583079E+01    0.285754865628091537E+01    0.533553612075152728E-01    0.184968722798380031E+04   -0.866767887000186477E+01    1
    0.468865119787439077E+01    0.310360662955986966E+01    0.244171457063945496E+01    0.386948923106951170E-01    0.186177334447885551E+04   -0.870101220333519620E+01    1
    0.855192152520108273E+01    0.180470165266131688E+01    0.261227985670769591E+01    0.537033583856629804E-01    0.186579641524707654E+04   -0.873434553666852942E+01    1
    0.121516869147293960E+01    0.238877032574724346E+01    0.217507907412499435E+01    0.727969664394527705E-01    0.187283884958699264E+04   -0.876767887000186441E+01    1
    0.161202469643251156E+02    0.879110147309207690E+01    0.329258676420920793E+01    0.457303092180785242E-01    0.187340775053655580E+04   -0.880101220333519763E+01    1
    0.344641438293713165E+01    0.524212237598541009E+01    0.296401456280054632E+01    0.653029821899677732E-01    0.187445588039455811E+04   -0.883434553666853084E+01    1
    0.130745938883133572E+02    0.328076018327702101E+01    0.210396311664700875E+01    0.727043129394415732E-01    0.187727745963739744E+04   -0.886767887000186228E+01    1
    0.131135223819477389E+02    0.646980432222336699E+01    0.315173547592246628E+01    0.566637503577491763E-01    0.188289497057069821E+04   -0.890101220333519549E+01    1
    0.224124670028686523E+01    0.998306632041931152E+01    0.315964579582214355E+01    0.656765699386596680E-01    0.189723724491514986E+04   -0.893434553666853049E+01    1
    0.167087680049993317E+02    0.844326714310593829E+01    0.295063902545095402E+01    0.465074525900039948E-01    0.190478971491759239E+04   -0.896767887000186370E+01    1
    0.920816653035446464E+00    0.788675031569604279E+01    0.248792482063304732E+01    0.721031239289258163E-01    0.192950080574305866E+04   -0.900101220333519692E+01    1
    0.616377498128473178E+01    0.868690028115500112E+01    0.292868288963895829E+01    0.511729907116187377E-01    0.193081068053763579E+04   -0.903434553666853013E+01    1
    0.111556849581729800E+02    0.743590941016648621E+01    0.267576667455682582E+01    0.465116863532673008E-01    0.193131900682312585E+04   -0.906767887000186334E+01    1
    0.531154724423851121E+01    0.621392825666263970E+01    0.267021365997902649E+01    0.532897635739983944E-01    0.193800887634552510E+04   -0.910101220333519656E+01    1
    0.112293335020455469E+02    0.174358211797506857E+01    0.178957844374886044E+01    0.522237586698128808E-01    0.194184152529802918E+04   -0.913434553666852977E+01    1
    0.128570050552169022E+02    0.233392407631725751E+01    0.182796741054172607E+01    0.543587134211656053E-01    0.195610883002384662E+04   -0.916767887000186477E+01    1
    0.102377547708460028E+02    0.625520010600717402E+01    0.185969974503136903E+01    0.707676212580525821E-01    0.196111189355117745E+04   -0.920101220333519620E+01    1
    0.120993665478780486E+02    0.735507089764068134E+01    0.835078587641513437E+00    0.419929253716220252E-01    0.196282701647903832E+04   -0.923434553666852942E+01    1
    0.489156024508919884E+01    0.110945393436929507E+01    0.142915777299165114E+01    0.427370767547252672E-01    0.196551518373330146E+04   -0.926767887000186263E+01    1
    0.701687411101303393E+01    0.339014128918031865E+01    0.193356166561294884E+01    0.463961863459909640E-01    0.197899289935362958E+04   -0.930101220333519585E+01    1
    0.114081650790914182E+02    0.337435996818329098E+01    0.759491411136778538E+00    0.527759319966669693E-01    0.198058750168339157E+04   -0.933434553666853084E+01    1
    0.314426814358175744E+01    0.924655850291920700E+01    0.251495948662337554E+01    0.474312544386912283E-01    0.199474709727905929E+04   -0.936767887000186406E+01    1
    0.105734925214355169E+02    0.838471051782918231E+01    0.861157523058999175E+00    0.359354221644527794E-01    0.199725781004437818E+04   -0.940101220333519727E+01    1
    0.598017171882600884E+01    0.879868079867138775E+01    0.201607354427562768E+01    0.662561135156218839E-01    0.199922952827068139E+04   -0.943434553666853049E+01    1
    0.159856311044655861E+02    0.583901540250216655E+01    0.193863684296738548E+01    0.530485759977876725E-01    0.200798009881624671E+04   -0.946767887000186192E+01    1
    0.139198108793448476E+02    0.775451236467750693E+01    0.188683008400440855E+01    0.625588266204843979E-01    0.200884684724253157E+04   -0.950101220333519692E+01    1
    0.605472944315630102E+01    0.332738027279966930E+01    0.158207654980354562E+01    0.629438801240569390E-01    0.201239482485868893E+04   -0.953434553666853191E+01    1
    0.997763702881246273E+00    0.318853972487167514E+01    0.139827619560069039E+01    0.690841381321236625E-01    0.201627181028738050E+04   -0.956767887000186334E+01    1
    0.101116380558253987E+02    0.138950286600911466E+01    0.125595143895758810E+01    0.456412901097766888E-01    0.202254475554426108E+04   -0.960101220333519656E+01    1
    0.330629587645174006E+01    0.849840456606191452E+01    0.126519823528252751E+01    0.672836548362256703E-01    0.202275445356414980E+04   -0.963434553666853155E+01    1
    0.289635172249469841E+01    0.598574720419361217E+01    0.211173392070902288E+01    0.498735499091673695E-01    0.202611907863987881E+04   -0.966767887000186477E+01    1
    0.503751926066344069E+01    0.842258915245842132E+01    0.205496201192277361E+01    0.408813213907559536E-01    0.202770562117515283E+04   -0.970101220333519620E+01    1
    0.110027246067802498E+02    0.331613532807341294E+01    0.156380013550666597E+01    0.453571263026952831E-01    0.203419488669525708E+04   -0.973434553666853120E+01    1
    0.385520967980826024E+01    0.363173848697411561E+01    0.170111297191914979E+01    0.566301961122936959E-01    0.203672938629647706E+04   -0.976767887000186263E+01    1
    0.947295802527799324E+01    0.212479082625989202E+01    0.116757666295391260E+01    0.337726862485652202E-01    0.206178324112660721E+04   -0.980101220333519763E+01    1
    0.144917337945905444E+02    0.126608946022755298E+01    0.994919929013223125E+00    0.540728189820105509E-01    0.206245702605122096E+04   -0.983434553666853084E+01    1
    0.994566537548092811E+01    0.691616139227209104E+01    0.168998685113650460E+01    0.461590629025976362E-01    0.207513896412355098E+04   -0.986767887000186228E+01    1
    0.802678915309149410E+01    0.703845591620929056E+01    0.148166366413327566E+01    0.621315902389873997E-01    0.207546782783965682E+04   -0.990101220333519549E+01    1
    0.112777878167656898E+02    0.750763068128152167E+01    0.152556422135996961E+01    0.594818819823021983E-01    0.207792012942811880E+04   -0.993434553666853049E+01    1
    0.130696164577726570E+02    0.334907497014469646E+01    0.802264491657037837E+00    0.504074297104988300E-01    0.207861537375724947E+04   -0.996767887000186548E+01    1
    0.962215418059957273E+01    0.892263034791956500E+01    0.110226216785068054E+01    0.592697169200568919E-01    0.207951913294601036E+04   -0.100010122033351969E+02    1
    0.111844024895629790E+02    0.786023850127118262E+01    0.169202596563710728E+01    0.472082099042694381E-01    0.208084257074135940E+04   -0.100343455366685301E+02    1
    0.784337762506300251E+01    0.444752746397052778E+01    0.152686912645902595E+01    0.449441298112023269E-01    0.208314277598696117E+04   -0.100676788700018633E+02    1
    0.604342290716528652E+01    0.608963084888645678E+01    0.161420124123805842E+01    0.553694481811879413E-01    0.208545249696641031E+04   -0.101010122033351983E+02    1
    0.953315427059040665E+01    0.207476153923096174E+01    0.695832179495470271E+00    0.414801221571696743E-01    0.209123428744815919E+04   -0.101343455366685316E+02    1
    0.167393634682917600E+02    0.398486751771002412E+01    0.109378055975525967E+01    0.265956806637108745E-01    0.209432898765442269E+04   -0.101676788700018648E+02    1
    0.142195601739999660E+02    0.776464847362894339E+01    0.146089155311932828E+01    0.368604851504981124E-01    0.209987496550927199E+04   -0.102010122033351998E+02    1
    0.550203865822730798E+01    0.540606729667831321E+01    0.120383808883800469E+01    0.600743399044454396E-01    0.210544535675396173E+04   -0.102343455366685294E+02    1
    0.131232828892428461E+02    0.776523346733119268E+01    0.856602668711264670E+00    0.283564634432591500E-01    0.211370291651120351E+04   -0.102676788700018609E+02    1
    0.255983911346037329E+01    0.716058142345152948E+01    0.103107527451330050E+01    0.334641934862132118E-01    0.211438265819025719E+04   -0.103010122033351958E+02    1
    0.478840397012919894E+01    0.671266408744036003E+01    0.140849627103417063E+01    0.587151697092445080E-01    0.211478904703861690E+04   -0.103343455366685308E+02    1
    0.178912797956011360E+02    0.380534052365943953E+01    0.114911557072690940E+01    0.334603203924455084E-01    0.211662766320045921E+04   -0.103676788700018641E+02    1
    0.183524876872085052E+02    0.855598450022970880E+01    0.126380794272306751E+01    0.289491139305038114E-01    0.211828923962046065E+04   -0.104010122033351973E+02    1
    0.101778903136324850E+02    0.283706507461074153E+01    0.100676625471656500E+01    0.255555907218043554E-01    0.212206465473797880E+04   -0.104343455366685305E+02    1
    0.625555731955707195E+01    0.450091116434366700E+01    0.824953401698333977E+00    0.279760191320665985E-01    0.213168068423976456E+04   -0.104676788700018637E+02    1
    0.534034400359364891E+00    0.263521724976305993E+01    0.119382394218703070E+01    0.486598434761598142E-01    0.213473133150190461E+04   -0.105010122033351987E+02    1
    0.157190221563581272E+02    0.231243617582711991E+01    0.103428978626023671E+01    0.397842117314262111E-01    0.213603602696021562E+04   -0.105343455366685319E+02    1
    0.182579743770219558E+02    0.229070934095559808E+01    0.800962428596854181E+00    0.484809418856453345E-01    0.214273404192687576E+04   -0.105676788700018633E+02    1
    0.637515402573132128E+01    0.104134591477959382E+01    0.798843362559910730E+00    0.408832151555569290E-01    0.214343839320773122E+04   -0.106010122033351966E+02    1
    0.225276803656005153E+01    0.801162345702360312E+01    0.160673389240570508E+01    0.326760554594036634E-01    0.214380403877597291E+04   -0.106343455366685316E+02    1
    0.114162076274689426E+02    0.359590329656953989E+01    0.118269679955322182E+01    0.442840938661281935E-01    0.214617043700576050E+04   -0.106676788700018648E+02    1
    0.870068999430452195E+01    0.461912281833007565E+01    0.127254582772965108E+01    0.389265219616292679E-01    0.214956346465158640E+04   -0.107010122033351980E+02    1
    0.445055582070810463E+01    0.900332033816797939E+00    0.689345164802674049E+00    0.363559033952500776E-01    0.214969721684263823E+04   -0.107343455366685294E+02    1
    0.632093081602986295E+01    0.824523556315978823E+01    0.106121917573407210E+01    0.440237923409454446E-01    0.215451808168621619E+04   -0.107676788700018644E+02    1
    0.173565796129354624E+02    0.802868929027687450E+01    0.116245944816544977E+01    0.529042328247293359E-01    0.215626561174860308E+04   -0.108010122033351976E+02    1
    0.879106163049311817E+01    0.703026988860527702E+01    0.116705621875232879E+01    0.528389899433920895E-01    0.215635912335881312E+04   -0.108343455366685308E+02    1
    0.288660987497201083E+01    0.674955278580750040E+01    0.132944116022661873E+01    0.259053634693284796E-01    0.216195646387130273E+04   -0.108676788700018641E+02    1
    0.104894728167373703E+02    0.223809391039366146E+01    0.993939076108690145E+00    0.414287304770368792E-01    0.216202964218204897E+04   -0.109010122033351973E+02    1
    0.127584797709710234E+02    0.193467055593779858E+01    0.720814106297281043E+00    0.390163725466130540E-01    0.216343879478958161E+04   -0.109343455366685323E+02    1
    0.636768596583352497E+00    0.695053883410763262E+01    0.126135455877004787E+01    0.364530212567488743E-01    0.216384654095629912E+04   -0.109676788700018655E+02    1
    0.339322244486882862E+01    0.886413007694444488E+01    0.159759344721787322E+01    0.429615864334822462E-01    0.216522591148097536E+04   -0.110010122033351969E+02    1
    0.192548040821631083E+02    0.684380198755237590E+01    0.100653197324853849E+01    0.212623304383958711E-01    0.216557039766489015E+04   -0.110343455366685319E+02    1
    0.361759324208602684E+00    0.714510177472759000E+01    0.157730694577527863E+01    0.494321792278089589E-01    0.216797119768772291E+04   -0.110676788700018651E+02    1
    0.120682077454612919E+02    0.711163732516757463E+01    0.129167135006411193E+01    0.431769044877039487E-01    0.217072782357934466E+04   -0.111010122033351966E+02    1
    0.132358372042334729E+02    0.562852944869169214E+01    0.119714282888887169E+01    0.456840080041831520E-01    0.217183314015981159E+04   -0.111343455366685316E+02    1
    0.111659438505696684E+02    0.768672032296081120E+01    0.130471627370180698E+01    0.389058404931756918E-01    0.217406198677163820E+04   -0.111676788700018630E+02    1
    0.534924646454865638E+01    0.684003684647181398E+01    0.138961924903547462E+01    0.440224210161841434E-01    0.217517637361116886E+04   -0.112010122033351962E+02    1
    0.152241782846574694E+02    0.319501766558767741E+01    0.998747000984307576E+00    0.416658158776499477E-01    0.218283765674049027E+04   -0.112343455366685312E+02    1
    0.786063500740196286E+01    0.477638478805172362E+01    0.979001156155291596E+00    0.203828907343355237E-01    0.218286033149482500E+04   -0.112676788700018644E+02    1
    0.175317763005776470E+02    0.892880426726831722E+01    0.992022573580582545E+00    0.413157260959575723E-01    0.218345509373136792E+04   -0.113010122033351976E+02    1
    0.156135124291054588E+02    0.440827113618348321E+01    0.107850476360630054E+01    0.428319793968776619E-01    0.218471872403167981E+04   -0.113343455366685308E+02    1
    0.105989648292406002E+01    0.734762093422728846E+01    0.118590962162071989E+01    0.267461489701790178E-01    0.218528424039931815E+04   -0.113676788700018641E+02    1
    0.193063729788560146E+02    0.365478234769659771E+01    0.940633738039656109E+00    0.280857789781141509E-01    0.218796305961244889E+04   -0.114010122033351973E+02    1
    0.888648786233602195E+01    0.817720331280350976E+01    0.120921291268050268E+01    0.292960036574156923E-01    0.218940515616396260E+04   -0.114343455366685287E+02    1
    0.162068784597695341E+02    0.832350101396977848E+01    0.116097384455613195E+01    0.310246825367677115E-01    0.219116630505498870E+04   -0.114676788700018637E+02    1
    0.155227826194903820E+02    0.793663538848390182E+01    0.112871793219533068E+01    0.462806839916038992E-01    0.219175979301933558E+04   -0.115010122033351987E+02    1
    0.807083113117540840E+01    0.540087882012807263E+01    0.903588473241052625E+00    0.311247560348906216E-01    0.219185837920603217E+04   -0.115343455366685301E+02    1
    0.111561603387938479E+02    0.573231047641859170E+01    0.115030220026963903E+01    0.347996866007618255E-01    0.219365470084911476E+04   -0.115676788700018616E+02    1
    0.191399647723578603E+02    0.289199290372041951E+01    0.915265455057458155E+00    0.345107036958489655E-01    0.219523366872186489E+04   -0.116010122033351966E+02    1
    0.640452180849117259E+01    0.833791141608935327E+01    0.114628979035259526E+01    0.435501822254495963E-01    0.219680320974086135E+04   -0.116343455366685298E+02    1
    0.194818065447559974E+02    0.288197985648581589E+01    0.880443662633187074E+00    0.401351422789195666E-01    0.219695440392982164E+04   -0.116676788700018630E+02    1
    0.542204975661851485E+01    0.991393940441606780E+01    0.138123026440631413E+01    0.349210269207735902E-01    0.219710278046630492E+04   -0.117010122033351980E+02    1
    0.167076057897674985E+02    0.853418405874647057E+01    0.118993457292162930E+01    0.427512093927471248E-01    0.219735258730679925E+04   -0.117343455366685312E+02    1
    0.401368056027351372E+01    0.704807793184576603E+01    0.130184793380770003E+01    0.440417948483791122E-01    0.220095323099557254E+04   -0.117676788700018644E+02    1
    0.372710026517329318E+01    0.641464713543798304E+01    0.111470871692636742E+01    0.395659000264168004E-01    0.220111020267501908E+04   -0.118010122033351958E+02    1
    0.671413907066588411E+01    0.703172706882562437E+01    0.124303690689456303E+01    0.426912240114394326E-01    0.220153201156586920E+04   -0.118343455366685308E+02    1
    0.105860101911634494E+02    0.925036754702664510E+01    0.126118098366717213E+01    0.401383572362254970E-01    0.220228590482317441E+04   -0.118676788700018641E+02    1
    0.149951501089424344E+02    0.991801249191302325E+01    0.115555209697179073E+01    0.436561070379937188E-01    0.220402011935194651E+04   -0.119010122033351955E+02    1
    0.123680610431679749E+02    0.556583449590122736E+01    0.104048570887656666E+01    0.425599502128695129E-01    0.220424906150799143E+04   -0.119343455366685305E+02    1
    0.741269500879694831E+01    0.240933957693096223E+01    0.861539040868740003E+00    0.359374305976445374E-01    0.220523264654733612E+04   -0.119676788700018637E+02    1
    0.385977668079176262E+01    0.335878031968966795E+01    0.973084066992147001E+00    0.368600769507463344E-01    0.220579652078613071E+04   -0.120010122033351969E+02    1
    0.135150336934945656E+02    0.706250965500517758E+01    0.102701740598811497E+01    0.412079118197818950E-01    0.220614652164267000E+04   -0.120343455366685301E+02    1
    0.102760644675216106E+02    0.997122689866848688E+01    0.108363097050347079E+01    0.385691498677369626E-01    0.220662313835479972E+04   -0.120676788700018633E+02    1
    0.145922415341965177E+02    0.671957302979898419E+01    0.103131809586068535E+01    0.416592577356074134E-01    0.220735062144394533E+04   -0.121010122033351983E+02    1
    0.817142517583623373E+01    0.398340881806533709E+01    0.837749004815549370E+00    0.252591801216270895E-01    0.220743104470155959E+04   -0.121343455366685298E+02    1
    0.158949324758869981E+02    0.465414333018363724E+01    0.963236006811902357E+00    0.404694876311961771E-01    0.220819983863498010E+04   -0.121676788700018630E+02    1
    0.739193628366388467E+01    0.778369933467193942E+01    0.117486846476846551E+01    0.294706419389605401E-01    0.220837749944737243E+04   -0.122010122033351962E+02    1
    0.535131736728335738E+01    0.566614413452183285E+01    0.965235857491183680E+00    0.272863503304934252E-01    0.220857621145499343E+04   -0.122343455366685294E+02    1
    0.311923680537539205E+01    0.474855704913077936E+01    0.105158676729243084E+01    0.354779376241243227E-01    0.220900837990767513E+04   -0.122676788700018626E+02    1
    0.106532951695126865E+02    0.466032592515595656E+01    0.861863487655433858E+00    0.287105237767881771E-01    0.220902971082997419E+04   -0.123010122033351958E+02    1
    0.210010498508913335E+01    0.594689562363578261E+01    0.135383780880752269E+01    0.366358399360102727E-01    0.221015727609912756E+04   -0.123343455366685291E+02    1
    0.100287674691803002E+02    0.543120259887402224E+01    0.967020511157279827E+00    0.375126978148243584E-01    0.221028052075625556E+04   -0.123676788700018623E+02    1
    0.132001966145213636E+02    0.279918026551257304E+01    0.860623653546127798E+00    0.341151815707609884E-01    0.221339573133049089E+04   -0.124010122033351955E+02    1
    0.252347309296104338E+01    0.611370905161518330E+01    0.111864462820592259E+01    0.246148475756591267E-01    0.221369661558530970E+04   -0.124343455366685287E+02    1
    0.533765771579463033E+00    0.845465603311908787E+01    0.156202909404521151E+01    0.311131619185311958E-01    0.221537295630493236E+04   -0.124676788700018619E+02    1
    0.960298693176530627E+01    0.739764970056238980E+01    0.116322542417051977E+01    0.374026603453097017E-01    0.221571628293116555E+04   -0.125010122033351969E+02    1
    0.160627388714305361E+02    0.861331978152984057E+01    0.112663992635371102E+01    0.339666889610856781E-01    0.221594742818338591E+04   -0.125343455366685301E+02    1
    0.901519930625938049E+00    0.752959139120905796E+01    0.150723968736972580E+01    0.375535294470243919E-01    0.221603595785526250E+04   -0.125676788700018633E+02    1
    0.194133172891630394E+02    0.717162541983809732E+01    0.921909947267518959E+00    0.310095124098381802E-01    0.221651697275295555E+04   -0.126010122033351966E+02    1
    0.753138244528292056E+01    0.276397613363825245E+01    0.797989485657330633E+00    0.237182824551627203E-01    0.221658171906383450E+04   -0.126343455366685316E+02    1
    0.981918649846102198E+01    0.879662063965650276E+01    0.118517212057066956E+01    0.382212671106232360E-01    0.221767872824435926E+04   -0.126676788700018648E+02    1
    0.192742080012336814E+02    0.584481705900744775E+01    0.101461020222920872E+01    0.367928430518671412E-01    0.221824024772047278E+04   -0.127010122033351980E+02    1
    0.195176246018374044E+02    0.992412091439003063E+01    0.107168035288257713E+01    0.286591423041522297E-01    0.221828277739027908E+04   -0.127343455366685294E+02    1
    0.980802823570562587E+01    0.555461479648461154E+01    0.107316721181314811E+01    0.342713864417132363E-01    0.221844588428028055E+04   -0.127676788700018626E+02    1
    0.303439722000428969E+01    0.611091235405105682E+01    0.109801266441043310E+01    0.267352974141401578E-01    0.221874684233183780E+04   -0.128010122033351958E+02    1
    0.128531152609923573E+02    0.438401169327762208E+01    0.878125784687053823E+00    0.232200519785494830E-01    0.221883912264835226E+04   -0.128343455366685308E+02    1
    0.960578175190857486E+01    0.545611558699978083E+01    0.106957869275817430E+01    0.347287846849384518E-01    0.221898049765010273E+04   -0.128676788700018623E+02    1
    0.114823657907392160E+02    0.998778512071367963E+01    0.112272779964790814E+01    0.290236827589624991E-01    0.221902844265276599E+04   -0.129010122033351973E+02    1
    0.133581786592203233E+02    0.835572823195326286E+01    0.100649562507270218E+01    0.334373857054106605E-01    0.221910532445779836E+04   -0.129343455366685323E+02    1
    0.174599009277628738E+02    0.827006622665225777E+01    0.107987478281670768E+01    0.384727547422669680E-01    0.221914398043201982E+04   -0.129676788700018637E+02    1
    0.752335755082459201E+01    0.322700103274558980E+01    0.913096361760688424E+00    0.280298834454537626E-01    0.221919181815242064E+04   -0.130010122033351969E+02    1
    0.124362074107041778E+02    0.598807876877709422E+01    0.924428353962907678E+00    0.299936349969247562E-01    0.221925063036850952E+04   -0.130343455366685319E+02    1
    0.239818334387495380E+01    0.867409358341891767E+01    0.125964585133720774E+01    0.351183975633113654E-01    0.221946859805672739E+04   -0.130676788700018651E+02    1
    0.295102431879722626E+01    0.520566015612938848E+01    0.117745035667944720E+01    0.310274399832717318E-01    0.221952067713159886E+04   -0.131010122033351983E+02    1
    0.119210966329044119E+02    0.788104503874547646E+01    0.101835211182763175E+01    0.344774277713824073E-01    0.222020761618139977E+04   -0.131343455366685316E+02    1
    0.187723326540321978E+02    0.644123773903120256E+01    0.911480912979317992E+00    0.306197540686494740E-01    0.222045175843655670E+04   -0.131676788700018630E+02    1
    0.298536078227457047E+01    0.850986923848714838E+01    0.119896721096195868E+01    0.313428845432890402E-01    0.222048737646537620E+04   -0.132010122033351962E+02    1
    0.162596603383377634E+02    0.731584912564801293E+01    0.106388958300615677E+01    0.324166136896621992E-01    0.222048816537115727E+04   -0.132343455366685294E+02    1
    0.167588661701417507E+02    0.472002374835171512E+01    0.845694208129273761E+00    0.270765634481897610E-01    0.222068993596226119E+04   -0.132676788700018626E+02    1
    0.116001160274359183E+02    0.710698181454572619E+01    0.102190293959777989E+01    0.269055991180155996E-01    0.222076286832224059E+04   -0.133010122033351958E+02    1
    0.186387822354523855E+02    0.393546128841267073E+01    0.903927638836277580E+00    0.323160658045360538E-01    0.222097689087910067E+04   -0.133343455366685291E+02    1
    0.868209280298742314E+01    0.840506402557738852E+01    0.116297021982123816E+01    0.330581178760971373E-01    0.222125033979598356E+04   -0.133676788700018623E+02    1
    0.975768235391176120E+01    0.696977202849848965E+01    0.110275846495876095E+01    0.322706937844818853E-01    0.222125337356470754E+04   -0.134010122033351955E+02    1
    0.575378629291755850E+01    0.473937626845255000E+01    0.103860988412354693E+01    0.356731908380467644E-01    0.222147731933549539E+04   -0.134343455366685287E+02    1
    0.135401871450581837E+02    0.975093934435989773E+01    0.103221593266190226E+01    0.309671824274966312E-01    0.222151742114634089E+04   -0.134676788700018637E+02    1
    0.188802585940078815E+01    0.816623396417506520E+01    0.127084575576789760E+01    0.300186178326438124E-01    0.222162923096458371E+04   -0.135010122033351987E+02    1
    0.138888410802229387E+02    0.971048367651545696E+01    0.103146426263497304E+01    0.278005331093362784E-01    0.222163744649688033E+04   -0.135343455366685301E+02    1
    0.185432707989617356E+02    0.677012060597182241E+01    0.956607077623040425E+00    0.343692348147857096E-01    0.222194933906783353E+04   -0.135676788700018633E+02    1
    0.179929153987538193E+02    0.369654975498973837E+01    0.797229619470897433E+00    0.238979272994639391E-01    0.222203970278873430E+04   -0.136010122033351966E+02    1
    0.126846874432415557E+02    0.644895914213687682E+01    0.102166572499097086E+01    0.289822571663009843E-01    0.222215813456759952E+04   -0.136343455366685298E+02    1
    0.397480307134891531E+01    0.996156557505388207E+01    0.127833452484314058E+01    0.373357531318962987E-01    0.222239224900550562E+04   -0.136676788700018630E+02    1
    0.935128391451549312E+01    0.929008131103582357E+01    0.110877684813067034E+01    0.359079602813143772E-01    0.222251576887908368E+04   -0.137010122033351980E+02    1
    0.166372205055185596E+02    0.487280404033697856E+01    0.931771972963190365E+00    0.348146580604240530E-01    0.222282601613556199E+04   -0.137343455366685312E+02    1
    0.177986279951622528E+02    0.594099194827092347E+01    0.996243937946390545E+00    0.357310601487894619E-01    0.222282625762373755E+04   -0.137676788700018626E+02    1
    0.987936383002298335E+01    0.771258964003973002E+01    0.110550295969625623E+01    0.369189205563298373E-01    0.222308334707440918E+04   -0.138010122033351976E+02    1
    0.113441982947675122E+02    0.431571028410655266E+01    0.943350123319490308E+00    0.336223151390089292E-01    0.222363255745684410E+04   -0.138343455366685308E+02    1
    0.637580998375420194E+01    0.600662767041702672E+01    0.110298797693254080E+01    0.358739036169011261E-01    0.222363294273506563E+04   -0.138676788700018623E+02    1
    0.942814116345750897E+01    0.874073403952720085E+01    0.113524207940113975E+01    0.365424816744965852E-01    0.222385176286165733E+04   -0.139010122033351955E+02    1
    0.334229344239264536E+01    0.641021286023829351E+01    0.121286987015544412E+01    0.336081907034859739E-01    0.222385387411242755E+04   -0.139343455366685305E+02    1
    0.132669092030157731E+02    0.468456858513287155E+01    0.876302793493131560E+00    0.259594285482178666E-01    0.222400694055897111E+04   -0.139676788700018637E+02    1
    0.122080332331721273E+02    0.697206723545474105E+01    0.101623646306434878E+01    0.281632081459344263E-01    0.222413839747777592E+04   -0.140010122033351969E+02    1
    0.148778581912208363E+02    0.927275680277931080E+01    0.105718763234878388E+01    0.349041231943838515E-01    0.222432553499738469E+04   -0.140343455366685301E+02    1
    0.143356816613612104E+02    0.618182354418345525E+01    0.930795737969273063E+00    0.290206239446475500E-01    0.222433943952616664E+04   -0.140676788700018633E+02    1
    0.137427553001924529E+02    0.362952166230228679E+01    0.869102902194953231E+00    0.300477438384147977E-01    0.222435248758911666E+04   -0.141010122033351948E+02    1
    0.159593934486890365E+02    0.553812030361445107E+01    0.903866929266012420E+00    0.257599021354468771E-01    0.222437949808544545E+04   -0.141343455366685280E+02    1
    0.150083556316280298E+02    0.883147912561866910E+01    0.104044279975660636E+01    0.344791401452542168E-01    0.222441246556628084E+04   -0.141676788700018630E+02    1
    0.642350197713860105E+01    0.933126483693903097E+01    0.114061984460599852E+01    0.329960172317882439E-01    0.222445107217506575E+04   -0.142010122033351962E+02    1
    0.606035459153009626E+01    0.475174785560479851E+01    0.102850468624876790E+01    0.302882974657723292E-01    0.222454048582359428E+04   -0.142343455366685276E+02    1
    0.923261572437011857E+01    0.732796409214318434E+01    0.109900724494857371E+01    0.319582821792407934E-01    0.222456460451217208E+04   -0.142676788700018626E+02    1
    0.835986270273605214E+01    0.977970279145468169E+01    0.116001814878819687E+01    0.318305636132747427E-01    0.222464593045674064E+04   -0.143010122033351958E+02    1
    0.647749829510003927E+01    0.741204121722080700E+01    0.107053889815605707E+01    0.297447929652849830E-01    0.222474306089427137E+04   -0.143343455366685308E+02    1
    0.130836862523451707E+02    0.395611901098885221E+01    0.857247878593019763E+00    0.276585466076482156E-01    0.222482003148423291E+04   -0.143676788700018641E+02    1
    0.633124855180238200E+01    0.678277485431661109E+01    0.112911123516631129E+01    0.325785820167385776E-01    0.222493616203568399E+04   -0.144010122033351973E+02    1
    0.137573511007102915E+02    0.793761359110840647E+01    0.105354038184477794E+01    0.355304969756538025E-01    0.222498246369574008E+04   -0.144343455366685305E+02    1
    0.115163676261827046E+02    0.854764391700230952E+01    0.109235473675812322E+01    0.356431124111846742E-01    0.222502852492955526E+04   -0.144676788700018637E+02    1
    0.131565409349003026E+02    0.422737323013150146E+01    0.921493877078491508E+00    0.309802698927479359E-01    0.222507766123347255E+04   -0.145010122033351969E+02    1
    0.192585003804305117E+02    0.913097162770617743E+01    0.106032840506105686E+01    0.354082907361614740E-01    0.222509144527561648E+04   -0.145343455366685284E+02    1
    0.408565587174592260E+01    0.687495929316161813E+01    0.117913528460951511E+01    0.351235748767309008E-01    0.222510369085801267E+04   -0.145676788700018616E+02    1
    0.126825411833002377E+02    0.390508384995470914E+01    0.882490520763724362E+00    0.299832248746447760E-01    0.222528545728062363E+04   -0.146010122033351966E+02    1
    0.696037353564234262E+01    0.684353381421409779E+01    0.110966620083304690E+01    0.352305177895217980E-01    0.222532847217951303E+04   -0.146343455366685298E+02    1
    0.514284686800124469E+01    0.712683510123337438E+01    0.116993875706973327E+01    0.342853949140884406E-01    0.222535854971149001E+04   -0.146676788700018612E+02    1
    0.118146022686210834E+02    0.408196007703876074E+01    0.879768463698798797E+00    0.284116819136395193E-01    0.222542430261135405E+04   -0.147010122033351962E+02    1
    0.166327290943375985E+02    0.413591919406440756E+01    0.884058307702861867E+00    0.310314041611143843E-01    0.222547689178053679E+04   -0.147343455366685294E+02    1
    0.484050850404448774E+01    0.603983465656286356E+01    0.111496379641553567E+01    0.314124961494703925E-01    0.222569552124437087E+04   -0.147676788700018609E+02    1
    0.537361582442902197E+01    0.513504591343858330E+01    0.106084460048166918E+01    0.324006951373856378E-01    0.222581231555656268E+04   -0.148010122033351958E+02    1
    0.734178501346291146E+01    0.819440933687775797E+01    0.113830557490927831E+01    0.349591096501136178E-01    0.222584505001984644E+04   -0.148343455366685291E+02    1
    0.163552895773757498E+02    0.429249449797019711E+01    0.895278209104873213E+00    0.310537778871080583E-01    0.222585846336969416E+04   -0.148676788700018641E+02    1
    0.156539602041974764E+02    0.561474517753950586E+01    0.953811303558806500E+00    0.287954701263646307E-01    0.222595367996914138E+04   -0.149010122033351973E+02    1
    0.138784959607803682E+02    0.725632204704810935E+01    0.104990063582008020E+01    0.329845222317941555E-01    0.222599982657119108E+04   -0.149343455366685305E+02    1
    0.106311645480455415E+02    0.708138626693759221E+01    0.104099557492628136E+01    0.297295086577447076E-01    0.222602284520184094E+04   -0.149676788700018619E+02    1
    0.178214259750243400E+02    0.566268323570837229E+01    0.907954591017894330E+00    0.298003207974844031E-01    0.222606110325271675E+04   -0.150010122033351951E+02    1
    0.132388396185744810E+02    0.652925617917829193E+01    0.101738418608184489E+01    0.344300550052472065E-01    0.222606597897215579E+04   -0.150343455366685284E+02    1
    0.117977652814828904E+02    0.726086256774297212E+01    0.106695191784538324E+01    0.335629563749186843E-01    0.222607146789251556E+04   -0.150676788700018633E+02    1
    0.471923383604963664E+01    0.685994059811673385E+01    0.111526693350185901E+01    0.312075241568203765E-01    0.222608370744887088E+04   -0.151010122033351983E+02    1
    0.171332642262349886E+02    0.593607290466293236E+01    0.934174663660638060E+00    0.317586101730991111E-01    0.222613218387038705E+04   -0.151343455366685298E+02    1
    0.595588126357774339E+01    0.529599750035929340E+01    0.105287064610280723E+01    0.326128268213319306E-01    0.222617603372158192E+04   -0.151676788700018612E+02    1
    0.154278400631745889E+02    0.611379801429196679E+01    0.937062531256589892E+00    0.301870771532559701E-01    0.222619403908312142E+04   -0.152010122033351962E+02    1
    0.162077340669560570E+02    0.424011254367932722E+01    0.871383929925960032E+00    0.292883912603616459E-01    0.222621981929815138E+04   -0.152343455366685294E+02    1
    0.658017127355335951E+01    0.687000609725984202E+01    0.109763843668994987E+01    0.309210028258990466E-01    0.222622703922051232E+04   -0.152676788700018644E+02    1
    0.148263684768174286E+02    0.425695988470510756E+01    0.889901750973663752E+00    0.290394680014092188E-01    0.222627908654344901E+04   -0.153010122033351976E+02    1
    0.162653325353464915E+02    0.454845046050423996E+01    0.875282329830973538E+00    0.273529767312876704E-01    0.222628184395350763E+04   -0.153343455366685291E+02    1
    0.115349515609428046E+02    0.621919206372901900E+01    0.103096047453593798E+01    0.329738728498230049E-01    0.222629264852352662E+04   -0.153676788700018641E+02    1
    0.147397394133938739E+02    0.559001046366312782E+01    0.919061408529117330E+00    0.289127114898592996E-01    0.222630209511798512E+04   -0.154010122033351973E+02    1
    0.472915889299910841E+01    0.793678297932647503E+01    0.117029316984676868E+01    0.323604910642170118E-01    0.222632039343350698E+04   -0.154343455366685305E+02    1
    0.171552212375407862E+02    0.426955695240438793E+01    0.877191042618012062E+00    0.287275047232795622E-01    0.222635655738490686E+04   -0.154676788700018637E+02    1
    0.149343762303849914E+02    0.758825678800277892E+01    0.986605876362283141E+00    0.294545134621784221E-01    0.222636778723528232E+04   -0.155010122033351987E+02    1
    0.108382072300712089E+02    0.770094974447366187E+01    0.105909291129270677E+01    0.303854755143682098E-01    0.222636937996117922E+04   -0.155343455366685301E+02    1
    0.114339846207590483E+02    0.549655330672583897E+01    0.953516087151822234E+00    0.311935757332080232E-01    0.222637750029539438E+04   -0.155676788700018616E+02    1
    0.123476741686012090E+02    0.954542425699613517E+01    0.107650403020847918E+01    0.313342254683666166E-01    0.222639020813210800E+04   -0.156010122033351966E+02    1
    0.103538660484502731E+02    0.617119782214459889E+01    0.102887598638081990E+01    0.310322086680747677E-01    0.222642276166836655E+04   -0.156343455366685298E+02    1
    0.158108337322977714E+02    0.877567350505848509E+01    0.106868584465393113E+01    0.328967574556149334E-01    0.222644309795351683E+04   -0.156676788700018612E+02    1
    0.109948646037895905E+02    0.830992825415697034E+01    0.105225280110439812E+01    0.301716624380046206E-01    0.222644887063182250E+04   -0.157010122033351962E+02    1
    0.196605930210517563E+02    0.639467596482397038E+01    0.957432887409723321E+00    0.287367769541608808E-01    0.222644927824897468E+04   -0.157343455366685294E+02    1
    0.110574200547651138E+02    0.679410741815274122E+01    0.101897540704909773E+01    0.293550459344429360E-01    0.222649639955424891E+04   -0.157676788700018626E+02    1
    0.183338804076798674E+02    0.531462896832980114E+01    0.934089654250962909E+00    0.295672121472618787E-01    0.222652402707493457E+04   -0.158010122033351958E+02    1
    0.151564135091820251E+02    0.980992034055870477E+01    0.106643171946904047E+01    0.313999080720877011E-01    0.222654465873809477E+04   -0.158343455366685273E+02    1
    0.134080945462090106E+02    0.648789944089410486E+01    0.993843562634156186E+00    0.333675608358967590E-01    0.222657481214849895E+04   -0.158676788700018623E+02    1
    0.191159392555357996E+02    0.804982404609531699E+01    0.996924872822638974E+00    0.327829030964514878E-01    0.222662054924856238E+04   -0.159010122033351973E+02    1
    0.105915002916459500E+02    0.926530717188618169E+01    0.109566199122983576E+01    0.328686496064811706E-01    0.222662070826808758E+04   -0.159343455366685305E+02    1
    0.675682664774154595E+01    0.734705805352403374E+01    0.112037250038693870E+01    0.337846626543276685E-01    0.222664851019049547E+04   -0.159676788700018637E+02    1
    0.736916363591329482E+01    0.495326246739924159E+01    0.992913398830433280E+00    0.307108630152495010E-01    0.222665524794219209E+04   -0.160010122033351969E+02    1
    0.189108496853989720E+02    0.667072278227432136E+01    0.987363506133986490E+00    0.337588925673804052E-01    0.222670077500692696E+04   -0.160343455366685319E+02    1
    0.153441392833993504E+02    0.470615236779903512E+01    0.904959606859158328E+00    0.284896804690608629E-01    0.222670717009340842E+04   -0.160676788700018633E+02    1
    0.114429794236979845E+02    0.656350343260070801E+01    0.984134943850174082E+00    0.294962332788515358E-01    0.222672908252078105E+04   -0.161010122033351948E+02    1
    0.111535972620853876E+02    0.933325347166428720E+01    0.109842539674389172E+01    0.324135637885609729E-01    0.222674171763569166E+04   -0.161343455366685298E+02    1
    0.718479758099996069E+01    0.578320637612347888E+01    0.105278240960100433E+01    0.325385617049089859E-01    0.222677171532618831E+04   -0.161676788700018648E+02    1
    0.101495291529478173E+02    0.658791910947115422E+01    0.104041373233000556E+01    0.310019103776077998E-01    0.222681197785436098E+04   -0.162010122033351998E+02    1
    0.105303448927128596E+02    0.681628439773722938E+01    0.100648307683410643E+01    0.295056273725835538E-01    0.222681844060195363E+04   -0.162343455366685312E+02    1
    0.104835111408535653E+02    0.614508806565391108E+01    0.101970495655737281E+01    0.307029597078349870E-01    0.222683427703675261E+04   -0.162676788700018626E+02    1
    0.823240761950929389E+01    0.707547580819837485E+01    0.106666741659098818E+01    0.306083253001898647E-01    0.222684905491922473E+04   -0.163010122033351976E+02    1
    0.111678510379924134E+02    0.799616559099290036E+01    0.105380837302206842E+01    0.330488646641846628E-01    0.222685701912130571E+04   -0.163343455366685326E+02    1
    0.190896225496582694E+02    0.733292498930981917E+01    0.960269204990524372E+00    0.290343542351170214E-01    0.222686779268299642E+04   -0.163676788700018641E+02    1
    0.160813728834015919E+02    0.822350362679614655E+01    0.100698887272642246E+01    0.299795459127192299E-01    0.222688610226583432E+04   -0.164010122033351955E+02    1
    0.188821808450081576E+02    0.914021706377661047E+01    0.102126792328112259E+01    0.315996002981717705E-01    0.222689969594191098E+04   -0.164343455366685305E+02    1
    0.173190512816335520E+02    0.543221187759959534E+01    0.904446733135165104E+00    0.282873750320473683E-01    0.222693408223071447E+04   -0.164676788700018619E+02    1
    0.149042478065595496E+02    0.801538641817611541E+01    0.100784962131369582E+01    0.301380250804939021E-01    0.222693675315570999E+04   -0.165010122033351934E+02    1
    0.196214350046462016E+02    0.850288566402475254E+01    0.101986490209908354E+01    0.333916902731761223E-01    0.222696448543122324E+04   -0.165343455366685284E+02    1
    0.194274755001215169E+02    0.725891328336292574E+01    0.100947250497992513E+01    0.328431067466252724E-01    0.222697771935837227E+04   -0.165676788700018633E+02    1
    0.192533166585378552E+02    0.814864734505802346E+01    0.999363634968998937E+00    0.324681064030083455E-01    0.222699093935963265E+04   -0.166010122033351948E+02    1
    0.871767051791363912E+01    0.667662979523895306E+01    0.103643988451587354E+01    0.300118984460227001E-01    0.222699402463046727E+04   -0.166343455366685298E+02    1
    0.140958113284505782E+02    0.785407947718489297E+01    0.105278516595420513E+01    0.332830751092785260E-01    0.222700009654296173E+04   -0.166676788700018612E+02    1
    0.115938017259031678E+02    0.767222738070721277E+01    0.102625067781906765E+01    0.310143822344763898E-01    0.222701609304723297E+04   -0.167010122033351962E+02    1
    0.113770597645956038E+02    0.546448710865484610E+01    0.964648787268941987E+00    0.291083627232444631E-01    0.222703038219161135E+04   -0.167343455366685312E+02    1
    0.169878610902461560E+02    0.786867188506736248E+01    0.103473224466712743E+01    0.324164277863470129E-01    0.222704307184741356E+04   -0.167676788700018662E+02    1
    0.189751917660946816E+02    0.819754392269863175E+01    0.102387797389750013E+01    0.311420406756310886E-01    0.222704894541457497E+04   -0.168010122033351976E+02    1
    0.158994611861222666E+02    0.662174980087248066E+01    0.975517915836945804E+00    0.290824874074282480E-01    0.222710011154044923E+04   -0.168343455366685291E+02    1
    0.160359408275106077E+02    0.881903746826786694E+01    0.103541097676406224E+01    0.308389957289425531E-01    0.222710670109732018E+04   -0.168676788700018641E+02    1
    0.896918906017581463E+01    0.614110840263652946E+01    0.101836750666637599E+01    0.320953082249733068E-01    0.222721908483956213E+04   -0.169010122033351990E+02    1
    0.123089504597028885E+02    0.522136627401474307E+01    0.960245134544418733E+00    0.315545617952999180E-01    0.222722639583299997E+04   -0.169343455366685305E+02    1
    0.114515438645918763E+02    0.671661527982492768E+01    0.100834768216390458E+01    0.297106527686188393E-01    0.222722731842368194E+04   -0.169676788700018619E+02    1
    0.117743911163306443E+02    0.561062293336982432E+01    0.967589443913940528E+00    0.316253050847490336E-01    0.222723321329947066E+04   -0.170010122033351969E+02    1
    0.156186412958134362E+02    0.799566224983604634E+01    0.102413252127359122E+01    0.329839298261427327E-01    0.222725338874310592E+04   -0.170343455366685284E+02    1
    0.158347484436043437E+02    0.485629242104932946E+01    0.905259717418511300E+00    0.296726521393477771E-01    0.222726334394144487E+04   -0.170676788700018633E+02    1
    0.162533006965596236E+02    0.670600438735835080E+01    0.993706874899784154E+00    0.305874393234462083E-01    0.222727575783276461E+04   -0.171010122033351948E+02    1
    0.104180390867422634E+02    0.824110761077607457E+01    0.107629679249488142E+01    0.325306673926213374E-01    0.222728073430010409E+04   -0.171343455366685298E+02    1
    0.145007284045390090E+02    0.697117051044905800E+01    0.101120864310862935E+01    0.307167788356343952E-01    0.222728700926525789E+04   -0.171676788700018612E+02    1
    0.140128205004950495E+02    0.774074530366918090E+01    0.104477383273837177E+01    0.322903652404440411E-01    0.222729783263004583E+04   -0.172010122033351927E+02    1
    0.160574365905642580E+02    0.581967797536312137E+01    0.967645034757310896E+00    0.309794010213266802E-01    0.222730429015269601E+04   -0.172343455366685312E+02    1
    0.765273951777363415E+01    0.601678328284317487E+01    0.104247782778555376E+01    0.316940172175252943E-01    0.222730619486087107E+04   -0.172676788700018626E+02    1
    0.188664217633618776E+02    0.890660562672930745E+01    0.102426684350314723E+01    0.320779395760371067E-01    0.222730759389002333E+04   -0.173010122033351976E+02    1
    0.860229287962765632E+01    0.696523984811524599E+01    0.104818188287961256E+01    0.316905464495274014E-01    0.222731414810253591E+04   -0.173343455366685291E+02    1
    0.101747430992707244E+02    0.680430852248917972E+01    0.104136282861208507E+01    0.330318272547955871E-01    0.222734126331941661E+04   -0.173676788700018641E+02    1
    0.885716398305843633E+01    0.689739862460942810E+01    0.104428911611787534E+01    0.318632809578287546E-01    0.222737597059096333E+04   -0.174010122033351955E+02    1
    0.128259879313113210E+02    0.567537602336407065E+01    0.948812676603731475E+00    0.295308578851367631E-01    0.222737773337655608E+04   -0.174343455366685305E+02    1
    0.145142054430280858E+02    0.498695096629199242E+01    0.919522374683950261E+00    0.297724239940351243E-01    0.222738129209501085E+04   -0.174676788700018619E+02    1
    0.130802324219129105E+02    0.728577937669920406E+01    0.100353150006600167E+01    0.306031089346849861E-01    0.222739061701503078E+04   -0.175010122033351969E+02    1
    0.180760933342665311E+02    0.496914679142028159E+01    0.899313721403771638E+00    0.290798021525813244E-01    0.222743366627834257E+04   -0.175343455366685319E+02    1
    0.158488468601772059E+02    0.667854832605880233E+01    0.970317291668273185E+00    0.291958006856289920E-01    0.222745408958288044E+04   -0.175676788700018633E+02    1
    0.198673556283120618E+02    0.797836435221868978E+01    0.101247773202523028E+01    0.328752554775837424E-01    0.222754720180855384E+04   -0.176010122033351983E+02    1
    0.148664570931049784E+02    0.655059466421547221E+01    0.998462292556034470E+00    0.326881198080806179E-01    0.222755079464782921E+04   -0.176343455366685298E+02    1
    0.193176284919749435E+02    0.705822989192509542E+01    0.967236986176480684E+00    0.292983811430571617E-01    0.222755093440634482E+04   -0.176676788700018612E+02    1
    0.122427500091888763E+02    0.541829422322103227E+01    0.952549752044953735E+00    0.299746911785825354E-01    0.222756344918448212E+04   -0.177010122033351998E+02    1
    0.114670474915425569E+02    0.752326159105961434E+01    0.103801185234738469E+01    0.310757063413233947E-01    0.222756429188732818E+04   -0.177343455366685312E+02    1
    0.163072856995810014E+02    0.642346147267927137E+01    0.972771800174527357E+00    0.297755450412602318E-01    0.222756550630235006E+04   -0.177676788700018626E+02    1
    0.108674779654652589E+02    0.730260696560608746E+01    0.103510649807858002E+01    0.318384339225150637E-01    0.222756582868808664E+04   -0.178010122033351976E+02    1
    0.175617599278015248E+02    0.712480761168130083E+01    0.100534077008290090E+01    0.324335184460091686E-01    0.222757095035130760E+04   -0.178343455366685291E+02    1
    0.179418786990284005E+02    0.724822430096685810E+01    0.100455632760876945E+01    0.328043217183187075E-01    0.222757860427614651E+04   -0.178676788700018641E+02    1
    0.128760967600981182E+02    0.790116794688375812E+01    0.104421854419415716E+01    0.316788511296228759E-01    0.222758867542975440E+04   -0.179010122033351990E+02    1
    0.188036259756031860E+02    0.741911042458870096E+01    0.977517985334948492E+00    0.312905184238558842E-01    0.222758881782484605E+04   -0.179343455366685340E+02    1
    0.189642127418544995E+02    0.747661069544979906E+01    0.991877367662350906E+00    0.302084232515755780E-01    0.222760390108752699E+04   -0.179676788700018619E+02    1
    0.158353416106262088E+02    0.773327368191139897E+01    0.101380121891744679E+01    0.324088541125528984E-01    0.222760599257830700E+04   -0.180010122033351969E+02    1
    0.199763700935775148E+02    0.531069729190531614E+01    0.919210663126310834E+00    0.308730161000656533E-01    0.222762454228280876E+04   -0.180343455366685319E+02    1
    0.161333871855759838E+02    0.657803681766698212E+01    0.967212849083294302E+00    0.313536117400969871E-01    0.222763437518093269E+04   -0.180676788700018633E+02    1
    0.182107984756829566E+02    0.617004932703153575E+01    0.968911573634336776E+00    0.315941000751258638E-01    0.222764769930906823E+04   -0.181010122033351948E+02    1
    0.133218036365403592E+02    0.756590458408814825E+01    0.103124208008268603E+01    0.325208917076280635E-01    0.222765635003367606E+04   -0.181343455366685298E+02    1
    0.188740506551408842E+02    0.669802650538636257E+01    0.951267382686388885E+00    0.292917726673656009E-01    0.222767033338347210E+04   -0.181676788700018612E+02    1
    0.147913865527425372E+02    0.591455257383709210E+01    0.971400343360098617E+00    0.307637236958793192E-01    0.222768168617965603E+04   -0.182010122033351962E+02    1
    0.164193143858020072E+02    0.803359059290946576E+01    0.101390016560957719E+01    0.316035138538515170E-01    0.222768669857180157E+04   -0.182343455366685312E+02    1
    0.114321431608266231E+02    0.634253879269082699E+01    0.101233318493654068E+01    0.319924754469969042E-01    0.222771015069495024E+04   -0.182676788700018662E+02    1
    0.152549082300952534E+02    0.618272725848421345E+01    0.965748627501115564E+00    0.316628487494208244E-01    0.222771071127169216E+04   -0.183010122033351976E+02    1
    0.130533497229006947E+02    0.655833530687359456E+01    0.986557005811297572E+00    0.300458336268889514E-01    0.222772015697050574E+04   -0.183343455366685326E+02    1
    0.188476316326558653E+02    0.715491171391112957E+01    0.988160118300733359E+00    0.305481947047940849E-01    0.222772041584604131E+04   -0.183676788700018641E+02    1
    0.168343920385546326E+02    0.793647540484453096E+01    0.100901750922239231E+01    0.316341803426503088E-01    0.222772695306697278E+04   -0.184010122033351990E+02    1
    0.143465716956942035E+02    0.600475299344956159E+01    0.974783654189042892E+00    0.319239117137646300E-01    0.222772994114596759E+04   -0.184343455366685305E+02    1
