    0.229449356639050403E-97   -0.888096144084455773E+04    0.544845618865313774E+01    0.752779353270346618E+01    0.651956833989276063E+01    0.123775076570840081E-01
    0.324826206835415771E-85   -0.893698536565146605E+04    0.615962674799844789E+00    0.609361637751461149E+01    0.619503358279022720E+01    0.111323981937747618E-01
    0.400700081235793107E-79   -0.896510289929260944E+04    0.590330079107873473E+01    0.402738362100258129E+01    0.365918093503851694E+01    0.104896317004046224E-01
    0.735271513166760639E-73   -0.899401464030778880E+04    0.435579299926757812E+01    0.444734096527099609E-01    0.330862402915954590E+01    0.982522964477539062E-02
    0.403101423198742033E-72   -0.899748437388860839E+04    0.819890728576229222E+01    0.828653987409338555E+01    0.341661104511092972E+01    0.972638155584926167E-02
    0.191328819788686215E-67   -0.901908650211855092E+04    0.187578025326683360E+02    0.331331470625154179E+01    0.134720411230363979E+01   -0.751318807629575147E-02
    0.279548701805929624E-65   -0.902912187516953782E+04    0.139622409124441091E+02    0.570860567690140286E+01    0.982595686693096937E+01    0.899519479504040653E-02
    0.483258627112632139E-63   -0.903949363310141052E+04    0.686539894237619919E+01    0.368177146710847403E+01    0.145440296094460209E+01   -0.951497679307689026E-03
    0.252084230578181420E-61   -0.904746906275961919E+04    0.180936431209980277E+02    0.431649772504958484E+01    0.370224289239396143E+01    0.855433507189684583E-02
    0.729890926250204042E-56   -0.907268784401001540E+04    0.144071138668813390E+02    0.522420071065487246E+01    0.884968447583344897E+01   -0.913820051356861729E-02
    0.122465813674670114E-44   -0.912444642653275878E+04    0.970851037034505260E+00    0.197954315643976941E+01    0.285043588683346982E+01   -0.858922293695463246E-02
    0.305321619547356137E-39   -0.914936601171406437E+04    0.189593902833736578E+02    0.360826979281974936E+01    0.342473266034480872E+01   -0.824656247246957630E-02
    0.202895510274827839E-38   -0.915322049938166128E+04    0.140399517440120611E+02    0.924789768389031330E+01    0.991533777250751314E+01   -0.817812141618312616E-02
    0.322355298743237025E-36   -0.916342343288163465E+04    0.185179418806477400E+02    0.485779992577829933E+01    0.581590427826205847E+01   -0.803659827395919457E-02
    0.462546163751862239E-32   -0.918263296432427524E+04    0.128600024270486890E+01    0.570871833058404121E+01    0.435169874199526774E+01    0.496913190316505826E-02
    0.100348922455241183E-31   -0.918424861512059033E+04    0.513417399633576022E+01    0.784491311996142660E+01    0.396977496162123522E+01    0.492686660196506310E-02
    0.255137683991150592E-30   -0.919078675197193661E+04    0.110871341708426243E+02    0.872897529431772945E+01    0.878977694164333911E+01   -0.762525505089650668E-02
    0.709849793449893156E-29   -0.919750508892952530E+04    0.681703208318096010E+01    0.187840106588088318E+01    0.327794707603373681E+01    0.452371440644805389E-02
    0.164864465508652824E-27   -0.920386223662028351E+04    0.160294587278258760E+02    0.443876242982840097E+01    0.830330116210047819E+01    0.432733902821569316E-02
    0.282725608804238948E-27   -0.920500760955076839E+04    0.791862606662042623E+01    0.415314442894696101E+00    0.894366403249897246E+00   -0.586970195902969394E-02
    0.293128853588569650E-25   -0.921435688746658343E+04    0.110548702904816665E+02    0.810161738458953096E+01    0.890619212555627371E+01    0.399571336352688711E-02
    0.449868735900540672E-25   -0.921528024124630610E+04    0.227038476666159106E+01    0.213098461597133504E+01    0.964678427365295832E+01   -0.720971171274553679E-02
    0.705526579390556112E-25   -0.921624688511880049E+04    0.335787992980680716E+01    0.538014049496602009E+01    0.522770155554671057E+01   -0.719334400918580918E-02
    0.587201241457042648E-24   -0.922055156826419261E+04    0.443836124125162979E+01    0.347727738457770608E+01    0.636806576773375355E+01    0.379511274719090963E-02
    0.630067473852688428E-23   -0.922536432376386438E+04    0.553464999365746735E+01    0.298850877812495641E+01    0.392373353330498631E+01    0.363960301866339542E-02
    0.120362381314027123E-22   -0.922672552085949974E+04    0.435422161987426470E+01    0.211353241644436141E+01    0.710257779513683829E+01    0.359099869447865316E-02
    0.656651511697458827E-22   -0.923018548036150605E+04    0.737836086095205013E+00    0.354035471672752955E+01    0.759772536392701525E+01   -0.692822693287153957E-02
    0.150402729026365539E-21   -0.923190964341877770E+04    0.135038753592826755E+02    0.454504172294267261E+00    0.874243746555452361E+01   -0.689397744330710882E-02
    0.193552914963512407E-20   -0.923708594903334597E+04    0.121390383593736253E+02    0.524902131685740070E+01    0.474234170910697728E+01   -0.679171078832363495E-02
    0.628989647634254755E-20   -0.923950974342138215E+04    0.766892027426609557E+00    0.533071757103801502E+01    0.215176846532004262E+01   -0.267027593313495792E-02
    0.378276617422881135E-19   -0.924316460211803678E+04    0.167486118260286645E+02    0.234744207480632294E+01    0.183125034954454158E+01    0.188220646740777653E-02
    0.513213122779212722E-19   -0.924384139975029939E+04    0.127978454442373213E+02    0.935104313997479686E+01    0.947235722726784601E+01    0.300074967529528891E-02
    0.889937824209427100E-18   -0.924961415739682343E+04    0.513195273562181198E+00    0.726264593640522982E+01    0.614732859756375660E+01    0.279227700717821214E-02
    0.104712748228930178E-17   -0.925000613278989113E+04    0.420790922006155732E+01    0.274359086306711175E+01    0.561447471476149040E+01   -0.650974541514259819E-02
    0.405868501833130649E-17   -0.925278241615650768E+04    0.100440312912582925E+02    0.976329037921379950E+01    0.514267589517187140E+01    0.267772861925297256E-02
    0.203330384133576981E-16   -0.925607185889737229E+04    0.545368788245051839E+01    0.616949521404035295E+01    0.634180180185166975E+01    0.255212665852977416E-02
    0.328348394631308248E-16   -0.925709701168262291E+04    0.139142837632669263E+02    0.870415165266342150E+01    0.714108250480682827E+01    0.251315245552463651E-02
    0.161415389278548215E-14   -0.926495383047437645E+04    0.158504178965629876E+02    0.608363675661421333E+01    0.773634864629202568E+01   -0.614885664150055522E-02
    0.925169541285727500E-12   -0.927772282933024508E+04    0.190335468025997336E+02    0.676970237565655175E+01    0.267553366933673864E+01    0.154247709050836512E-02
    0.504947786272591400E-11   -0.928118362222653377E+04    0.573146584141234516E+01    0.776878698492654962E+01    0.382114306773407897E+01    0.154437180486910464E-02
    0.197719604831319334E-10   -0.928398024879798504E+04    0.103792739922393995E+02    0.234759029920139684E+01    0.889906103888707634E+01    0.140174954079075320E-02
    0.214649068031714959E-10   -0.928421122459074832E+04    0.176737574117284701E+02    0.381366823364580387E+01    0.252464892539268959E+01    0.128758925658223333E-02
    0.363526926128066875E-10   -0.928533158908942096E+04    0.645977479545905453E+01    0.188565770673374572E+00    0.657810015246673174E+01   -0.556481892734594918E-02
    0.884381901233058841E-10   -0.928717632698699890E+04    0.165542154162928874E+02    0.950722074289371122E+01    0.594319637842390947E+01   -0.550542530107467343E-02
    0.280276362395909367E-09   -0.928954993812093016E+04    0.134039052250039816E+02    0.321433923290943202E+01    0.436116831693821183E+01    0.114606036277575818E-02
    0.423217129353210551E-08   -0.929504599343470181E+04    0.145775742257727394E+02    0.773320939300816601E+01    0.704692545671703030E+01   -0.522948049313243235E-02
    0.531448575601587843E-08   -0.929556810226987363E+04    0.221318364143371582E+01    0.243649363517761230E+01    0.764291763305664062E+01   -0.520992279052734375E-02
    0.139484657168675492E-07   -0.929756463546451596E+04    0.118158279484712114E+02    0.302705084072559538E+01    0.663422465231219860E+01    0.738707199148258553E-03
    0.206711057530869157E-07   -0.929841803683128637E+04    0.465175499938091974E+01    0.205885627263144189E+01    0.551441658716872851E+01    0.693842884070372534E-03
    0.328833350807667438E-07   -0.929941316175620159E+04    0.142819899437636959E+02    0.836854133540003531E+01    0.505508086278249635E+01    0.644214717049562680E-03
    0.761645404424747052E-07   -0.930115968844070812E+04    0.541909606707914460E+01    0.322042211979113580E+01    0.767200456858294189E+01   -0.498959333579429565E-02
    0.122921602553839831E-06   -0.930218365664475277E+04    0.389541723174452126E+00    0.116229155416960506E+01    0.685890554289694876E+01    0.487359888933891483E-03
    0.131601543620033490E-06   -0.930238678725923637E+04    0.141943558339399729E+02    0.249446080688395000E+01    0.638704710114053853E+01   -0.493812427571083123E-02
    0.261027327753878851E-06   -0.930382314664074511E+04    0.726879907923547730E+00    0.255352980377860961E+01    0.431245587944644804E+01   -0.488165632948323047E-02
    0.287526915351190832E-06   -0.930408319604459030E+04    0.143167479209432624E+02    0.557568862396107345E+01    0.655436108417507057E+01   -0.486471118808695646E-02
    0.249163563606708764E-05   -0.930846861907384118E+04    0.232523899476090534E+01    0.257072357587723843E+01    0.381221776122307965E+01   -0.467657931388976156E-02
    0.351754742290215580E-05   -0.930922493497076357E+04    0.814681281470177154E+01    0.182170819300808140E+01    0.570239761924413102E+01    0.668192357133889914E-04
    0.587357059114386740E-05   -0.931031699910720090E+04    0.152072020457849444E+02    0.218779455010086732E+01    0.480717821692513603E+01   -0.188282091684310871E-05
    0.448061256831359272E-04   -0.931444743004842894E+04    0.449937262353898682E+01    0.122872396364546210E+01    0.959634956847996534E+01   -0.434119706963065344E-02
    0.106868341125988209E-03   -0.931625260222707584E+04    0.726900312590525743E+01    0.689751766238375108E+01    0.993644761726126902E+01   -0.423151980621749857E-02
    0.136801610837922324E-03   -0.931681313721411789E+04    0.888220816685338654E+01    0.756796023282333974E+00    0.338096493136335496E+01   -0.456082146422120971E-03
    0.174294720948073127E-03   -0.931736423565010045E+04    0.104980231791513923E+02    0.673262021092721596E+01    0.840680381063816284E+01   -0.509763059703627341E-03
    0.170255978298691990E-03   -0.931738401310542395E+04    0.183371628022154525E+02    0.536114360222884745E+01    0.272955262780346608E+01   -0.532646132913927595E-03
    0.305796536963975885E-03   -0.931862191359145436E+04    0.173902957871561981E+02    0.298357563651207958E+01    0.741544245925848600E+01   -0.407475574511317884E-02
    0.332268621530516545E-03   -0.931885462780581656E+04    0.167134361860913998E+02    0.309783411025965272E+01    0.276136467794238172E+01   -0.587316059137532598E-03
    0.416462221193616684E-03   -0.931937299849110241E+04    0.191607828594250904E+02    0.603383484778634216E+01    0.238237675644848679E+01   -0.159629433746222293E-02
    0.408114215761831527E-03   -0.931939916780525891E+04    0.140817573795535744E+01    0.560401065376992968E+00    0.714681523118184714E+01   -0.401944791483788144E-02
    0.411442514942953440E-03   -0.931948207894825828E+04    0.178197700405076667E+02    0.672554814740405327E+01    0.536036061598027658E+01   -0.401674233275295389E-02
    0.534831851372007550E-03   -0.932007331178893764E+04    0.798302514321253681E-01    0.141605073716247731E+01    0.623978915803456502E+01   -0.396980111876932273E-02
    0.534108287907724289E-03   -0.932013727086310973E+04    0.831398306696667788E+01    0.686622512256476103E+01    0.628058078062788994E+01   -0.742648207469054356E-03
    0.624335485153406982E-03   -0.932051611604100071E+04    0.120934407250842071E+02    0.156091636676247703E+01    0.810774967767383714E+01   -0.777417180109041261E-03
    0.110713968141975465E-02   -0.932172847719673700E+04    0.109521692601157010E+02    0.161483752648523149E+01    0.476120352098911681E+01   -0.888345723679240251E-03
    0.133580943422425408E-02   -0.932217065906335483E+04    0.119970797738497446E+02    0.138135123082394951E+01    0.219397575474812356E+01   -0.382810651772136357E-02
    0.140867050315318415E-02   -0.932234354358626842E+04    0.159825279976103864E+02    0.416809769090025029E+01    0.583610312529719799E+01   -0.378788194358525843E-02
    0.248602822803166987E-02   -0.932354629024056339E+04    0.726769839559049657E+01    0.321243922966375628E+01    0.415073650272732841E+01   -0.105938793181548085E-02
    0.351437702588566553E-02   -0.932430530876462399E+04    0.108338927393849040E+02    0.172990112175954946E+01    0.651646060262652327E+01   -0.360361398955888479E-02
    0.358963759829575898E-02   -0.932441435337795883E+04    0.364083508248327314E+01    0.511553777955297839E+01    0.675362476239642717E+01   -0.117467140330507203E-02
    0.410185430474951408E-02   -0.932474779582675183E+04    0.128994578438156875E+02    0.939515912330406877E+01    0.749966873943391477E+01   -0.355768699690250934E-02
    0.455021747485934939E-02   -0.932502193426856866E+04    0.957407355607945298E+01    0.927644622646944761E+01    0.686220376207888805E+01   -0.352848359034818593E-02
    0.445436582044197397E-02   -0.932504602027520014E+04    0.146045182347797038E+02    0.871911474507131468E+00    0.279519204709842839E+01   -0.358706653217200078E-02
    0.436263061933376065E-02   -0.932507106800186557E+04    0.323141210123662059E+01    0.230474592047258220E+01    0.446496185307567472E+01   -0.353184026584996147E-02
    0.447063268377125879E-02   -0.932518664408878794E+04    0.197929101321741960E+02    0.737129080506703094E+01    0.318683672911403271E+01   -0.112215971130003034E-02
    0.475813348548764000E-02   -0.932537796181113845E+04    0.188228164958316029E+02    0.261339905921736326E+01    0.808182803898506563E+01   -0.129215192857146111E-02
    0.509109551323115844E-02   -0.932557990361678822E+04    0.387147566381779296E+01    0.851308849187070038E+01    0.509728825676531727E+01   -0.347650298509849520E-02
    0.711738226098718868E-02   -0.932631666420727561E+04    0.397981598211255699E-01    0.312277378863032362E+00    0.788008121587380828E+01   -0.141822112887612928E-02
    0.980871394666914080E-02   -0.932702479321589453E+04    0.898935013373036540E+01    0.720582772562596285E+00    0.202196417080184787E+01   -0.174055826856400753E-02
    0.109852353690820508E-01   -0.932731802180894374E+04    0.192796320026010974E+02    0.907586261702157415E+01    0.737770024490270515E+01   -0.157114650411871448E-02
    0.122281979685537716E-01   -0.932759907339892379E+04    0.741562431391356114E+01    0.389060800834360965E+01    0.606529982721804828E+01   -0.161804030484669070E-02
    0.137665443394028031E-01   -0.932790273352925215E+04    0.182090620174620668E+02    0.749951601460041140E+01    0.766293421790360441E+01   -0.314156808711207880E-02
    0.139852140162167876E-01   -0.932800091880452783E+04    0.129302370181246413E+02    0.394355444644143960E+01    0.985041115165836700E+01   -0.312424645022169045E-02
    0.143553264890865749E-01   -0.932811982632606669E+04    0.190029242389302908E+02    0.809791843380584275E+01    0.544460660963318333E+01   -0.311092290573411479E-02
    0.161569077727019353E-01   -0.932842294624641727E+04    0.183735861551494466E+02    0.591011690066249606E+01    0.707542991524325160E+01   -0.304479833696225111E-02
    0.158982858839508794E-01   -0.932845734013966285E+04    0.117964961376958613E+02    0.866465215190211069E+01    0.658554516729502737E+01   -0.303866584420953156E-02
    0.158629982845578006E-01   -0.932851956270215305E+04    0.104942569075797731E+02    0.948809789478628929E+01    0.714246643219189536E+01   -0.302513276137794662E-02
    0.155429796755459336E-01   -0.932854546901599315E+04    0.111244389187948975E+02    0.827436941174753393E+01    0.528467327539333098E+01   -0.303238487385859568E-02
    0.153421069446128717E-01   -0.932858611981735885E+04    0.722887714534125259E+01    0.365931087372113151E+01    0.720974035249269818E+01   -0.301078903716611723E-02
    0.149720735708283332E-01   -0.932860395761943073E+04    0.833243054614282386E+01    0.482904247738804049E+01    0.682084838982009245E+01   -0.300723961031468257E-02
    0.161682463637526606E-01   -0.932882434931369608E+04    0.183629865546141460E+02    0.971644058532583799E+01    0.592504972107977146E+01   -0.296215582653036602E-02
    0.166996543095285985E-01   -0.932895569358327521E+04    0.176511038610730182E+02    0.944838140518751501E+01    0.937866849524323953E+01   -0.190495187441297453E-02
    0.163110806740162026E-01   -0.932897527355719831E+04    0.591629607885680198E+01    0.724496326407087299E+01    0.284536967628280735E+01   -0.262389204085655692E-02
    0.169768767655948047E-01   -0.932912195533404520E+04    0.702156267929983713E+01    0.125300979209384011E+01    0.357952057620885000E+01   -0.190002283053281040E-02
    0.172855669219235293E-01   -0.932922466128756969E+04    0.322284728803579945E+00    0.643504820694038582E+01    0.347301749745986754E+01   -0.249825425477978591E-02
    0.170526474513968719E-01   -0.932926419514641566E+04    0.833567020817847748E+01    0.922895411211232997E+01    0.494031769044397429E+01   -0.195605335339399389E-02
    0.171690665552490379E-01   -0.932934446949537960E+04    0.135757103571934157E+01    0.136417741043166885E+01    0.455072406357099268E+01   -0.282591449643487813E-02
    0.171304622589756213E-01   -0.932940663413955190E+04    0.165902315896668000E+02    0.543998943744433205E+01    0.631594944456405472E+01   -0.204055862935015320E-02
    0.165944524741556132E-01   -0.932940972111399242E+04    0.514365353119799984E+01    0.728264558746776736E+01    0.695207476769412125E+01   -0.279356769973992947E-02
    0.163029537067089156E-01   -0.932944094347904320E+04    0.385249300121894045E+01    0.671922369486888549E+01    0.933250906578310335E+01   -0.278177251042699414E-02
    0.161433296289332402E-01   -0.932948793142147042E+04    0.102326653036974200E+02    0.870317092131780434E+01    0.607535853923062774E+01   -0.206733746116449790E-02
    0.156773408105488100E-01   -0.932949601703033477E+04    0.199314506874083044E+02    0.671493986323511827E+01    0.635523785870842772E+01   -0.276396367727815839E-02
    0.151756166207868432E-01   -0.932949763081846686E+04    0.128154852948286972E+02    0.847490492786148941E+01    0.569273012174132731E+01   -0.206570354018342783E-02
    0.147965054409653456E-01   -0.932951369961298769E+04    0.149200568903074737E+01    0.561291106109380067E+01    0.833638063195651569E+01   -0.275485556635934881E-02
    0.143705526572419171E-01   -0.932952194652848084E+04    0.376072038164670497E+01    0.478996144454309380E+01    0.901663847714142008E+01   -0.208627711948405903E-02
    0.139995100410608281E-01   -0.932953629554212057E+04    0.597375342064603831E+01    0.898938606632387227E+01    0.560715416012163459E+01   -0.207756008598369846E-02
    0.135957443671187485E-01   -0.932954443120409815E+04    0.184303542517516874E+02    0.508215587672347446E+01    0.731460509853557284E+01   -0.274301770537177525E-02
    0.135993983906887994E-01   -0.932961163532315186E+04    0.176238522247879246E+02    0.600214851031313312E+01    0.351494515789920925E+01   -0.301199735558466131E-02
    0.132546704166006911E-01   -0.932962695082743994E+04    0.117226674362619505E+02    0.618091437336881544E+01    0.671207728888392552E+01   -0.213028922067637350E-02
    0.128502009426310210E-01   -0.932963163644247106E+04    0.106717647635941493E+02    0.614299632758366632E-01    0.477582933389126296E+01   -0.270608194015853343E-02
    0.127428152265551455E-01   -0.932968151941383985E+04    0.130190346601689981E+02    0.459616580389432450E+01    0.846616809799271763E+01   -0.215821965856921594E-02
    0.123821301425330026E-01   -0.932969075950957813E+04    0.778085585264558066E+01    0.504956466190861963E+01    0.635839199523936216E+01   -0.267975062288117183E-02
    0.120166490591748897E-01   -0.932969750376452794E+04    0.173745011643657605E+02    0.439135363379280896E+01    0.524644573900188149E+01   -0.269097407079210704E-02
    0.118473668868620246E-01   -0.932973579549008173E+04    0.159061365648979969E+01    0.319108931783372096E+01    0.301858640508030973E+01   -0.243267986049866547E-02
    0.115812323992758592E-01   -0.932975702266082953E+04    0.630406951890188783E+01    0.963536587048393578E+01    0.528575021812780577E+01   -0.268065573988818251E-02
    0.113788877682220891E-01   -0.932978843692144437E+04    0.635260434948018204E+01    0.172859271811300030E+01    0.929828904190024375E+01   -0.262156019930892548E-02
    0.110119881932752520E-01   -0.932978955324180424E+04    0.154670837185791044E+02    0.847142632326459655E+01    0.857280349435365707E+01   -0.262090426246741615E-02
    0.106513098271244500E-01   -0.932978961662435904E+04    0.327837080089358635E+01    0.752830670792931933E+01    0.480873573345568239E+01   -0.214828676729816870E-02
    0.103702358213179253E-01   -0.932980279707033151E+04    0.176002582498150488E+02    0.742508522061770204E+01    0.658571247565099682E+01   -0.222668818377091959E-02
    0.101162766828721898E-01   -0.932981987557047978E+04    0.120649194874037633E+02    0.314490632519800029E+01    0.645594363548373451E+01   -0.224024158081315150E-02
    0.988266634923437755E-02   -0.932983981557575862E+04    0.104811748433901624E+02    0.154186329038294678E+01    0.801087079761379073E+01   -0.225754270976175064E-02
    0.956160351719099848E-02   -0.932984042843475800E+04    0.758431267478901283E+01    0.131864231922084807E+01    0.234523850510087328E+01   -0.241159982144178997E-02
    0.928063112350898875E-02   -0.932984744331855109E+04    0.121341865557771134E+01    0.886070933994552412E+01    0.615058257399247665E+01   -0.225332309536296904E-02
    0.898086271890095704E-02   -0.932984844277594129E+04    0.742010818222284119E+01    0.235990065184092979E+01    0.959182141541364430E+01   -0.226476672597464290E-02
    0.871491759714347961E-02   -0.932985498999218908E+04    0.152655612976628330E+02    0.883835553507817018E+01    0.995661183204965994E+01   -0.227043375928792646E-02
    0.846231525605284883E-02   -0.932986282982579178E+04    0.243681472340606398E+01    0.696508124254861904E+01    0.777299211848273330E+01   -0.227704772038783698E-02
    0.824478443097591621E-02   -0.932987741249873943E+04    0.190410819459860257E+02    0.291574187446997923E+01    0.545149912261479486E+01   -0.256588328143814159E-02
    0.801222246811327497E-02   -0.932988685391348008E+04    0.644923288671497730E+01    0.515297714546131935E+01    0.697484542377307903E+01   -0.254293662115856467E-02
    0.778382032410701846E-02   -0.932989567873537635E+04    0.320691139537622316E+01    0.308682657289390949E+01    0.716770654993408129E+01   -0.253192062116314176E-02
    0.754428041246760564E-02   -0.932989983030805706E+04    0.913200543749787386E+01    0.623057215113552409E+01    0.813061062065244045E+01   -0.231685947388382552E-02
    0.733337096527997539E-02   -0.932990978813752736E+04    0.173389974689035098E+01    0.695764192759708777E+01    0.914223405518217547E+01   -0.233058407804387357E-02
    0.712057571250195986E-02   -0.932991756137288758E+04    0.199127614567374351E+02    0.121000244606624996E+01    0.946241085931132631E+01   -0.250058513860440534E-02
    0.690744858052301427E-02   -0.932992345154581017E+04    0.179902878508224084E+02    0.643377751122050090E+00    0.341327580290576904E+01   -0.221525527838328795E-02
    0.668296389140016212E-02   -0.932992404071583951E+04    0.620480206395106482E+01    0.288784883729139885E+01    0.717149383229205384E+01   -0.235331055456999838E-02
    0.646839546459077215E-02   -0.932992544037469634E+04    0.111525292303483923E+02    0.897243784919449716E+01    0.793940603523695998E+01   -0.248698472436825746E-02
    0.626140434601724517E-02   -0.932992705987100271E+04    0.119378231394921279E+02    0.354806768416017704E+01    0.793307493621755810E+01   -0.236039688689881899E-02
    0.607973899313188262E-02   -0.932993484107750555E+04    0.144821309362647028E+02    0.263762074117851641E+01    0.928079693115653725E+01   -0.246262878595115975E-02
    0.588128098936023091E-02   -0.932993513339861602E+04    0.144879667971219988E+02    0.670922738492579662E+00    0.572373488301161615E+01   -0.246818243207203025E-02
    0.569489988178130228E-02   -0.932993739291169550E+04    0.119283516056972161E+02    0.157283341931443754E+01    0.457238349827616908E+01   -0.230982249470235157E-02
    0.551253179404703232E-02   -0.932993896556168329E+04    0.749417951256043047E+01    0.940443815802384364E+01    0.776463682913991704E+01   -0.244914756486269702E-02
    0.533396541933157681E-02   -0.932993977409692889E+04    0.146913847606851622E+02    0.411377269291304337E+01    0.955774594466086924E+01   -0.244093674095513524E-02
    0.515917045204102032E-02   -0.932993980248117077E+04    0.160256872288439638E+02    0.920422336499435167E+00    0.843970629896488944E+01   -0.240286738782646836E-02
    0.499084286257661571E-02   -0.932994012715658755E+04    0.183036543452881624E+02    0.471695266407411307E+01    0.806743297873678955E+01   -0.243954337364971074E-02
    0.483964180931096243E-02   -0.932994526563488034E+04    0.192557565253358742E+01    0.343970560561362149E+01    0.612855766846867311E+01   -0.244056070921194745E-02
    0.469135719027353321E-02   -0.932994969471861987E+04    0.187342155443353207E+02    0.322567248689980479E+01    0.580466964862536727E+01   -0.241583166540393357E-02
    0.454378557071973173E-02   -0.932995243852644126E+04    0.387593751935710884E+00    0.219239202871606986E+01    0.468474017961777989E+01   -0.235257262083377050E-02
    0.439845017695767067E-02   -0.932995408870431493E+04    0.140956981708329732E+02    0.942749700882360742E+01    0.515097902491161008E+01   -0.228108985583663770E-02
    0.425652986007915221E-02   -0.932995515936122683E+04    0.793468658118132275E+01    0.364872611307542183E+01    0.560466377356589973E+01   -0.243787001352191446E-02
    0.414500498480417298E-02   -0.932996872552730201E+04    0.781361844330284416E+01    0.231181513366764779E+01    0.254019162916677743E+01   -0.265716071827648559E-02
    0.400981228193564299E-02   -0.932996907306705725E+04    0.731626272831752367E+01    0.227329236099950327E+01    0.501766693782725781E+01   -0.241814472716317397E-02
    0.390051378419566715E-02   -0.932998046744624116E+04    0.148238843302385064E+02    0.627769700559016641E+01    0.527196035418623055E+01   -0.237765079750817954E-02
    0.377434364282089058E-02   -0.932998137054117979E+04    0.100429587565964127E+02    0.624276306336350828E+01    0.517739540394094711E+01   -0.248752676372254733E-02
    0.368497611596572787E-02   -0.933000011229998199E+04    0.539953527747058537E+01    0.366613399832611542E+01    0.441814232585790378E+01   -0.256242464014933002E-02
    0.357746443003712812E-02   -0.933000755945767196E+04    0.170616171797612033E+02    0.524493283640710573E+00    0.359750315400303577E+01   -0.235038113411611960E-02
    0.348661366146535683E-02   -0.933002277948010851E+04    0.134120416473532611E+02    0.185501114923503052E+01    0.245910032120347921E+01   -0.280688954235597254E-02
    0.341996750022596340E-02   -0.933005084630792408E+04    0.164722214569268424E+02    0.385850618614806029E+01    0.347292203478842332E+01   -0.282430295707181145E-02
    0.332690193140712477E-02   -0.933006233391828573E+04    0.419242347918899672E+01    0.289762856499079646E+01    0.429864555469305287E+01   -0.238319577027856777E-02
    0.327827244649142200E-02   -0.933009955072591947E+04    0.162694323408037214E+02    0.424291502447250135E+01    0.386833137676537575E+01   -0.268214421491197452E-02
    0.320888030403674186E-02   -0.933012342833428193E+04    0.188944153603294716E+02    0.471740141177078876E+01    0.432426508968129575E+01   -0.234892522122787106E-02
    0.310709593262269330E-02   -0.933012562789069125E+04    0.996707115592238324E+01    0.568268937265436147E+01    0.322877448473116857E+01   -0.193478773929522951E-02
    0.300860635906481351E-02   -0.933012787148073221E+04    0.306678413861833077E+01    0.787283880661553770E+01    0.462158109608768974E+01   -0.240401821795543924E-02
    0.295803364982054253E-02   -0.933016063369176845E+04    0.120806955858075700E+02    0.224456927554246066E+01    0.338686909456306573E+01   -0.216266675206178149E-02
    0.286888247589963188E-02   -0.933016609602369499E+04    0.906734453920331873E+01    0.708679684906091456E+01    0.396764453254716187E+01   -0.213391138997542917E-02
    0.280729244422026850E-02   -0.933018935849663103E+04    0.145779547889326810E+02    0.876976053549655532E+01    0.454321015010899565E+01   -0.239538972508346326E-02
    0.271714978017292223E-02   -0.933019075112351493E+04    0.146182922741835863E+02    0.788212957765854760E+01    0.396198828099948663E+01   -0.211280854805717677E-02
    0.263165030958758660E-02   -0.933019347316532367E+04    0.118997579755560334E+02    0.650138968272261675E+01    0.431622913286832244E+01   -0.251368295237608397E-02
    0.261749916813734879E-02   -0.933024935623682359E+04    0.594232178384280108E+01    0.984771766028279671E+01    0.423713676686532814E+01   -0.222090326786072989E-02
    0.254826044051675860E-02   -0.933026240610396235E+04    0.108532450944192860E+02    0.616678805206035463E+01    0.418632266578091006E+01   -0.236135050080510389E-02
    0.252287335208918129E-02   -0.933030904782034850E+04    0.785101684722562787E+01    0.953123735039066666E+01    0.426701161525801886E+01   -0.228892097902322345E-02
    0.245649518634071798E-02   -0.933032238877104464E+04    0.190539764884140581E+02    0.184239197883630323E+01    0.288265180644341967E+01   -0.277641966112607275E-02
    0.239821681048250478E-02   -0.933034103514270828E+04    0.174665875171358849E+02    0.452202579322717302E+01    0.269914573173257821E+01   -0.279137753525715571E-02
    0.232640269940132547E-02   -0.933034689721562972E+04    0.287014091768874779E+01    0.870174595249580918E+01    0.406075534164768470E+01   -0.258036462742539108E-02
    0.226996135549118383E-02   -0.933036444315958761E+04    0.899895340899340113E+01    0.251617299605384659E+01    0.263933533141302412E+01   -0.228593449490566147E-02
    0.224464941340104130E-02   -0.933040868290298931E+04    0.175358516811130443E+02    0.913887315637149378E+01    0.420965120996677911E+01   -0.239505767854908402E-02
    0.217113617769779501E-02   -0.933040875210769445E+04    0.744059789113213554E+01    0.585070256550308265E+01    0.299632022547097776E+01   -0.214475894560794966E-02
    0.213168772666483871E-02   -0.933043874559672804E+04    0.103137282483135060E+02    0.618040371253988940E+01    0.393487730885313702E+01   -0.236169429733112946E-02
    0.206351798998604318E-02   -0.933044040878830856E+04    0.112965438677415797E+02    0.637583978849924016E+01    0.397274090896672938E+01   -0.242841058605347548E-02
    0.200147293557524902E-02   -0.933044601763282481E+04    0.589739852896349603E+01    0.872567174106449883E+01    0.355801134626925908E+01   -0.206468250683589094E-02
    0.193752177560829308E-02   -0.933044773698732752E+04    0.103318718158826997E+02    0.236929970270624635E+01    0.335401621248129445E+01   -0.235826283014461957E-02
    0.189109428962224812E-02   -0.933046589551306170E+04    0.619243411186042092E+01    0.562224555669076498E+01    0.350329554644921437E+01   -0.271532682721553620E-02
    0.220965187964160259E-02   -0.933077762453343166E+04    0.144312894192057790E+02    0.587551112085872163E+01    0.290684531059654638E+01   -0.276287484598070066E-02
    0.195319400750292894E-02   -0.933053088653855593E+04    0.116684871301768585E+02    0.550582314765441616E+01    0.290900403797638596E+01   -0.212341203644395016E-02
    0.213049761497697415E-02   -0.933070466571721772E+04    0.102276393829397776E+02    0.761178159882900651E+01    0.367403311191265836E+01   -0.263299272640926674E-02
    0.217915930642314940E-02   -0.933074983289457123E+04    0.885344644811227788E+01    0.392058972394742256E+01    0.283394918000208662E+01   -0.250918259355847884E-02
    0.230517699626064379E-02   -0.933086226949116826E+04    0.931155843333261046E+01    0.341904115130925712E+01    0.307997781308430518E+01   -0.248323829438801269E-02
    0.217096821976358418E-02   -0.933074230107276526E+04    0.794005299985593993E+01    0.282088521621013788E+01    0.303622447497420289E+01   -0.246410450292711136E-02
    0.225942733099621009E-02   -0.933082217734385631E+04    0.861196254552296203E+01    0.721815834959168967E+01    0.333774182930201846E+01   -0.215652879766325967E-02
    0.213132254906162272E-02   -0.933070543997240748E+04    0.133730389418035038E+02    0.165476757545651676E+01    0.262922701864469488E+01   -0.251247467396176205E-02
    0.273070331085589540E-02   -0.933120107296631977E+04    0.118033190676615867E+02    0.658749550984084919E+01    0.329268586691132015E+01   -0.241559443218919423E-02
    0.220844979054901939E-02   -0.933077653620254932E+04    0.103080710396014492E+02    0.932754600459762706E+01    0.381934104893881354E+01   -0.254711522312189853E-02
    0.196729677712389073E-02   -0.933054527538038747E+04    0.125264338025572002E+02    0.671606812091754968E+01    0.333782672752883869E+01   -0.202942801720773502E-02
    0.235764020964132322E-02   -0.933090727698348383E+04    0.163980765892365099E+02    0.726039167837418820E+01    0.355495482504282734E+01   -0.260074887084627004E-02
    0.206307160024162602E-02   -0.933064034644891944E+04    0.425510452980550014E+01    0.642143821458958453E+01    0.339373279539926287E+01   -0.264296289544940777E-02
    0.278394911748138874E-02   -0.933123969549931280E+04    0.192042191452789766E+02    0.944625535558389728E+01    0.342695972223564738E+01   -0.220843909818457806E-02
    0.197695624253747988E-02   -0.933055507138959547E+04    0.934265104077058872E+01    0.358135751943937164E+01    0.336707955865052710E+01   -0.260672401288830624E-02
    0.220133614669402447E-02   -0.933077008359906540E+04    0.130650422083943152E+02    0.521920512800181058E+01    0.335426970698707549E+01   -0.220447884730545773E-02
    0.308945531742267285E-02   -0.933144794417362209E+04    0.153804962655260606E+02    0.929477637772372134E+01    0.317871727371279178E+01   -0.233054050442049743E-02
    0.254048921402491319E-02   -0.933105666790109899E+04    0.172073695511703235E+02    0.356097556104665092E+01    0.278043100897245488E+01   -0.251242478375413025E-02
    0.214379450699016998E-02   -0.933071710935422561E+04    0.132291493777195246E+02    0.209335360990628816E+01    0.273935981746576829E+01   -0.229008555323806373E-02
    0.233344999003260280E-02   -0.933088665027796742E+04    0.149391849114274571E+02    0.574994437417235194E+01    0.348630553469912563E+01   -0.250579226675673450E-02
    0.280727185244006522E-02   -0.933125638084969069E+04    0.196199040554673978E+02    0.712398818775977549E+01    0.319332868108207002E+01   -0.221868869279240322E-02
    0.217201065350374877E-02   -0.933074326118221143E+04    0.132232828099704349E+02    0.522465495913519007E+01    0.298640513710621569E+01   -0.211641955417951610E-02
    0.198050812008721986E-02   -0.933055866144441643E+04    0.539437817696943611E+01    0.990011469916290743E+01    0.320455102679550841E+01   -0.227784027758970442E-02
    0.205553602688080981E-02   -0.933063302787676912E+04    0.100152909580370206E+02    0.761380732242351144E+01    0.386210340133458985E+01   -0.246110418701150913E-02
    0.248256176110195131E-02   -0.933101053655867327E+04    0.769158595418612556E+01    0.886858534156297651E+01    0.330127465691417044E+01   -0.223027137956521848E-02
    0.260662527213718518E-02   -0.933110806733925347E+04    0.170311370619365974E+02    0.590568422152310202E+01    0.304581884913803513E+01   -0.271272676344236352E-02
    0.226656768956135998E-02   -0.933082848788061710E+04    0.474672026111322509E+01    0.669515418883512581E+01    0.343994355225519044E+01   -0.241518625668890596E-02
    0.199067018827396710E-02   -0.933056889728836904E+04    0.155642352369838903E+02    0.783409192568342583E+01    0.385553028434199163E+01   -0.259751837611499337E-02
    0.269660290775635900E-02   -0.933117594016527983E+04    0.155338978726847081E+02    0.658901642479972605E+01    0.332257507433945776E+01   -0.232612121555086926E-02
    0.237039217811661328E-02   -0.933091806540314792E+04    0.195304449465212642E+02    0.481379714218710042E+01    0.337120695844163443E+01   -0.249330955416560140E-02
