    0.402268317017037076E-98   -0.887112629736812960E+04    0.792800329755404398E+01    0.290764491955482596E+01    0.410200290970139925E+01   -0.107918111357617752E-01
    0.499536650604211787E-95   -0.888544159789024707E+04    0.143379145153336207E+02    0.996911342677522505E+01    0.354204778689311439E+01   -0.107064069430339304E-01
    0.807191233365107768E-90   -0.890949387476375887E+04    0.901211056955077439E+01    0.157999722996183634E+01    0.104118713178969458E+01   -0.376393384795670194E-02
    0.880993792507446334E-89   -0.891434069155944781E+04    0.505885471407200971E+01    0.660967855850979635E+01    0.512011481391653867E+01    0.115199053827725884E-01
    0.665853215964185059E-81   -0.895068875705372011E+04    0.145727869323156582E+02    0.577452492690245478E+01    0.385793918357971499E+01    0.106968162936811328E-01
    0.181285549831042696E-67   -0.901262581464762297E+04    0.163813808811827677E+02    0.755883037323101803E+01    0.237549708188056208E+01    0.863353217569340359E-02
    0.472744219018882182E-63   -0.903303012419334664E+04    0.912385139615624219E+01    0.892480520558746804E+01    0.257084213114140425E+01    0.827525637327641839E-02
    0.302815182069958105E-60   -0.904602143777835590E+04    0.299451623490761953E+01    0.697759501680555871E+01    0.271321725757721133E+01    0.804738771462654157E-02
    0.719144415404354152E-57   -0.906163349407144051E+04    0.135822154110014957E+02    0.904610202092800963E+00    0.471830252043463361E+01    0.806278211473587803E-02
    0.146137520269621999E-53   -0.907693381329119075E+04    0.198174836966735879E+01    0.585189512309663851E+01    0.277400562808721673E+01    0.733887813285449830E-02
    0.470279708004170325E-53   -0.907933803904399065E+04    0.322435606770120309E+01    0.194543699031679296E+01    0.269287142545314495E+01   -0.902731488345553945E-02
    0.582755315590556122E-50   -0.909364909578529114E+04    0.115019825103913433E+02    0.439419389143796213E+01    0.154408867120563542E+01   -0.653762337278629424E-02
    0.146222205612388240E-49   -0.909555565268098508E+04    0.441396594047546387E+01    0.989832043647766113E+01    0.561495065689086914E+01    0.720226764678955078E-02
    0.705350723345789666E-43   -0.912640047593973395E+04    0.137702662144507038E+02    0.691849315347711169E+01    0.340715189629693427E+01   -0.846305534934110870E-02
    0.186405815311757833E-41   -0.913301594485988971E+04    0.823588129766227794E+01    0.460584614682047899E+01    0.246337618149523330E+01    0.589850669518598991E-02
    0.364548889476015125E-39   -0.914363442103887610E+04    0.297869296628526747E+01    0.588892383312083378E+01    0.273997585459298243E+01   -0.826105573660573800E-02
    0.366198427360248906E-37   -0.915292045741309266E+04    0.125145875768574637E+02    0.874024081822611443E+01    0.576231792762544615E+01   -0.808679324691030654E-02
    0.139082575303315122E-36   -0.915565607923759853E+04    0.695601930186531625E+01    0.620131124724289240E+01    0.183121703513426048E+01   -0.627868565041056481E-02
    0.704370657974496897E-33   -0.917278273025569979E+04    0.368949946426351216E+01    0.440209747098030935E+01    0.252450732160286684E+01   -0.783599523450717594E-02
    0.863404671051762821E-32   -0.917786172465388518E+04    0.362691604154414460E+01    0.674783060680582025E+01    0.626667228704124568E+01    0.493307069079262916E-02
    0.472742252069677676E-30   -0.918593406534285896E+04    0.140404033868516827E+02    0.174923585897149159E+01    0.476540053819438647E+01    0.469112471856480973E-02
    0.114748283286194773E-29   -0.918777428333555508E+04    0.144493532068751822E+02    0.402284694530262144E+01    0.568881681646185022E+01   -0.756184673532533935E-02
    0.918325722068933780E-28   -0.919660574270100187E+04    0.156743416365018540E+02    0.237801186279495225E+01    0.297510654426856469E+01    0.435642176031669770E-02
    0.265792297960491654E-27   -0.919879790560221772E+04    0.871919302131407647E+01    0.770559022315810527E+01    0.226844370052974753E+01    0.298079684248131471E-02
    0.330380909618984663E-26   -0.920390480463754648E+04    0.697696919017185735E+01    0.380539573723444846E+01    0.306839901026520323E+01   -0.732090961248454963E-02
    0.378886367528088974E-26   -0.920424545146006858E+04    0.643639404070693200E+01    0.159820656863883981E+01    0.273268537991904203E+01    0.409273488701411559E-02
    0.131055102213092301E-23   -0.921600439173278210E+04    0.136366267921714588E+02    0.398157221272780948E+01    0.164817009192697661E+01   -0.401601267770224091E-02
    0.216945402598702644E-23   -0.921707911411667556E+04    0.276482836846508429E+01    0.907723548111544964E+01    0.583289195947932271E+01    0.370646688169129490E-02
    0.165753239991807144E-20   -0.923042300025206714E+04    0.175738945545716092E+02    0.633942201083183665E+01    0.318514453277733267E+01   -0.682344992551853213E-02
    0.280426877280459213E-19   -0.923614646275989071E+04    0.713858767704338870E+01    0.536994015523166279E+00    0.240061319502416026E+01    0.302789076683795955E-02
    0.108373835651635748E-18   -0.923891684698739300E+04    0.713519321104113224E+01    0.877231745267208574E+01    0.564360889801950449E+01    0.295368857930466966E-02
    0.106761117347780398E-18   -0.923895352785228897E+04    0.153069056962820849E+01    0.476472701223144135E+01    0.506569882554718909E+01   -0.660196723975248201E-02
    0.367743529728950707E-18   -0.924149377846826974E+04    0.868987216353298564E+01    0.719903832083166506E+01    0.304387146989965629E+01    0.281139286342035888E-02
    0.240307389972614299E-16   -0.924991985176744129E+04    0.618163018972386435E+01    0.485765352972994258E+01    0.513714492889712915E+01   -0.635020917603290602E-02
    0.264852858952575852E-13   -0.926399654004639706E+04    0.907148006802932905E+01    0.127343718951267526E+01    0.307182184850486273E+01   -0.600626171415641341E-02
    0.550914211855515628E-13   -0.926552801607131551E+04    0.120733808179516870E+02    0.943237209633298157E+01    0.214575841738786721E+01   -0.213501701142304601E-02
    0.161705136656198373E-12   -0.926774824378595258E+04    0.112356888145337237E+02    0.770854624337970051E+01    0.222580632749034457E+01    0.219802191625539933E-05
    0.470328585055503645E-12   -0.926995022452244848E+04    0.144537234229869682E+02    0.760530090215429055E+01    0.579233716232663909E+01    0.173996950244381665E-02
    0.288686762327222855E-11   -0.927364588270580134E+04    0.100783129805444194E+02    0.383128884542060222E+01    0.274667057841423912E+01   -0.576771584851143437E-02
    0.844974201163566396E-11   -0.927586047709806735E+04    0.458703195770207195E+01    0.126059206503034649E+00    0.947500895413462274E+00   -0.403295785539659057E-03
    0.297464926445495037E-10   -0.927844429440674503E+04    0.145182905451160558E+02    0.557754073166155795E+01    0.718848898062116248E+01    0.136144211319377817E-02
    0.582636999202765953E-10   -0.927985549712504326E+04    0.148739476632057617E+02    0.774756219492930676E+01    0.240905516028777100E+01   -0.525409040196667121E-02
    0.600740193026380689E-10   -0.927998336019247472E+04    0.523143460699090745E+01    0.769916537617785046E+01    0.401170635548568022E+01    0.129859139421761860E-02
    0.155274871512391931E-08   -0.928655443595317229E+04    0.153407669239843614E+02    0.665623004190017120E+01    0.584647978151440029E+01   -0.528689054809772241E-02
    0.129487388693676889E-07   -0.929086304596749142E+04    0.152382697874929463E+02    0.477642603425428458E+01    0.690025904566875425E+01    0.750428537805492013E-03
    0.424522941838433624E-07   -0.929330447774791173E+04    0.121230891150692628E+02    0.186881562342459606E+01    0.175179104394495866E+01   -0.125802763484639257E-02
    0.644292836714308362E-07   -0.929420551899353450E+04    0.126303088413020426E+02    0.892229062621869673E+01    0.725664662476850708E+01   -0.499079089152154598E-02
    0.115567637420589816E-06   -0.929544076109776506E+04    0.454048745858470859E+01    0.156686501685206014E+01    0.321610539282607810E+01    0.503820177650382561E-03
    0.514506393355659299E-06   -0.929849413179964904E+04    0.780596292484836596E+01    0.547061540565965565E+01    0.823402459995698877E+01    0.324475713507466068E-03
    0.763082648890273766E-06   -0.929934911519597881E+04    0.163733386961995393E+02    0.257083963081480782E+01    0.232313334963461848E+01    0.840650077165161491E-04
    0.852523392338113248E-06   -0.929963745046684198E+04    0.216280488048166308E+01    0.822094666809941188E+01    0.425278574096080675E+01    0.263139272890899889E-03
    0.126921575945135903E-05   -0.930050002478950228E+04    0.769187193131337388E+01    0.293271768039242309E+01    0.701141690466423384E+01   -0.471192065190750853E-02
    0.135939112017859333E-05   -0.930070396684868501E+04    0.122744614302478290E+02    0.841472051578996982E+01    0.400086884156125677E+01    0.210539636182227596E-03
    0.308719599846252356E-05   -0.930241108619799888E+04    0.740328401409949155E+01    0.612053994618335473E+01    0.463489159034398135E+01    0.890955976005081141E-04
    0.314372712666013428E-05   -0.930251404455257580E+04    0.137600093743941265E+02    0.331577619924440103E+01    0.506547929556975518E+01   -0.461509251647884700E-02
    0.277324727752992915E-04   -0.930693510111907381E+04    0.259915204849323578E+01    0.508191843838019874E+01    0.252228353968958174E+01   -0.119913147554817634E-02
    0.424654172463880420E-04   -0.930785393979353285E+04    0.195461607140101634E+02    0.761376804280328301E+01    0.558601946004941219E+01   -0.285645978890802787E-03
    0.496684463014531165E-04   -0.930823396609094198E+04    0.106175007941897253E+02    0.177400215438317632E+01    0.268990828798941095E+01   -0.313556724889640925E-03
    0.745507385474573447E-04   -0.930911285295699417E+04    0.486077471275977935E+01    0.504406476576848384E+01    0.324320735283771455E+01   -0.371470194455603142E-03
    0.803922786751618977E-04   -0.930933039599824770E+04    0.122337350243534715E+02    0.140823793552815513E+01    0.297073637963010029E+01   -0.379556976630279763E-03
    0.163594000564916989E-03   -0.931081800189879141E+04    0.113474751951011896E+02    0.492786037077234607E+01    0.599725129122589173E+01   -0.413815874982637055E-02
    0.181491483047186629E-03   -0.931109231051567986E+04    0.193696079891379935E+01    0.732432062393172068E+01    0.466554418710266106E+01   -0.529686075431246017E-03
    0.198752883315480883E-03   -0.931134068424921315E+04    0.856878108734461286E+01    0.197346717736723232E+01    0.577353963902082512E+01   -0.556168126797151885E-03
    0.479521406886267631E-03   -0.931316880346954713E+04    0.185372465351754627E+02    0.100898116783438518E+01    0.170746786059535438E+01   -0.340205648494240620E-02
    0.609866212573656626E-03   -0.931371637228011787E+04    0.132221152205075416E+02    0.850179648633428187E+01    0.775818449271205779E+01   -0.393055400844988245E-02
    0.624908817693418266E-03   -0.931383177122266352E+04    0.353554612251543432E+01    0.257472523724146818E+01    0.234971704820192784E+01   -0.367189744492479875E-02
    0.794099597769628652E-03   -0.931437764417728067E+04    0.602276133465216645E+01    0.690583117965041904E+01    0.431230958081190963E+01   -0.389895241886650812E-02
    0.855313672735925033E-03   -0.931459282960189921E+04    0.119374037493521854E+02    0.791757296283553202E+01    0.609120742770635815E+01   -0.841980127472274908E-03
    0.132608135668037318E-02   -0.931553652677551145E+04    0.112266561632793973E+02    0.649161575091423160E+01    0.775348832815371125E+01   -0.934808524918229189E-03
    0.147157602978800653E-02   -0.931581140486364529E+04    0.730031638049464426E+01    0.398527120917141353E+01    0.261201888769597268E+01   -0.116646812087695118E-02
    0.277722169445549687E-02   -0.931714830569414698E+04    0.969616710753446753E+01    0.481901840027620221E+01    0.605585054040459170E+01   -0.363471078831012484E-02
    0.299455885163708640E-02   -0.931736566413736728E+04    0.785603985628475776E+01    0.325438136792959343E+01    0.810485860912677225E+01   -0.112984347773448235E-02
    0.416983094178377360E-02   -0.931809448793939009E+04    0.292422008267932387E+01    0.790806341357079567E+01    0.440349233825849673E+01   -0.119575243312797230E-02
    0.509278447047203323E-02   -0.931856105307561666E+04    0.195445523933225509E+02    0.635360047689276541E+01    0.512733005456734503E+01   -0.126820895559509594E-02
    0.616479698496616175E-02   -0.931900978069745724E+04    0.114246146594002695E+02    0.726998402484925244E+01    0.581976912429649218E+01   -0.343532833438842111E-02
    0.606744361990905947E-02   -0.931904461168535090E+04    0.614772178792653712E+01    0.136372184211141084E+00    0.545756973668133583E+01   -0.342947438586149733E-02
    0.599020482115067854E-02   -0.931908565482993799E+04    0.443940296619145869E+01    0.950582728491282403E+01    0.304413652624591080E+01   -0.339304628123282548E-02
    0.690152462650786037E-02   -0.931943555498094065E+04    0.133994864139233805E+02    0.637668007928970137E+01    0.772045470427650926E+01   -0.138969513352571461E-02
    0.848849024150693209E-02   -0.931991615926579834E+04    0.128721568871005143E+02    0.999383482898770836E+01    0.392854414961601606E+01   -0.138568762809210266E-02
    0.887987003042644413E-02   -0.932007297746052427E+04    0.985726078091405888E+01    0.412470718077499221E+01    0.723255255871405822E+01   -0.329698356769336787E-02
    0.108232748296498982E-01   -0.932053546807002749E+04    0.138873502333662060E+02    0.468472380032554270E+01    0.391927554834648362E+01   -0.327770496877044515E-02
    0.120552916089870354E-01   -0.932081774435492844E+04    0.186514453192319607E+02    0.774975650555748263E+01    0.533180159823226418E+01   -0.319184656077675655E-02
    0.117887836730837525E-01   -0.932083970070564828E+04    0.643763200253118129E+01    0.533819753198997660E+01    0.773303759693969539E+01   -0.160824308974993890E-02
    0.130731269896126115E-01   -0.932111318778265741E+04    0.108416363467705974E+02    0.686237914771481794E+01    0.636845405231296979E+01   -0.313745915986707313E-02
    0.135259956586508846E-01   -0.932124796382886780E+04    0.143096803106025448E+02    0.485591310625862960E+01    0.619541257290213565E+01   -0.168233745631585219E-02
    0.134478993527600045E-01   -0.932130304944295494E+04    0.135133380532312373E+02    0.187876859069910451E+01    0.333597158164137042E+01   -0.316666314392466397E-02
    0.138425975736991246E-01   -0.932142757152290142E+04    0.154188862722060627E+02    0.363112488348766149E+01    0.727530381959920192E+01   -0.308023530488510389E-02
    0.138380224397584260E-01   -0.932149357705784860E+04    0.119840209358572203E+02    0.125630711769640524E+00    0.397064502639420880E+01   -0.306923180403861906E-02
    0.140910870126646371E-01   -0.932159648856064814E+04    0.147273544776903584E+02    0.488541033049487528E+01    0.622003765083589499E+01   -0.175249906504859609E-02
    0.137961178616380076E-01   -0.932162084476224845E+04    0.171329017433002484E+01    0.965991918587678911E-01    0.784082640122425900E+01   -0.304278683531988836E-02
    0.184379260308737067E-01   -0.932226755643367505E+04    0.171680892561940475E+02    0.814838797042304819E+01    0.480010352195744439E+01   -0.292360693157389662E-02
    0.188700795245617531E-01   -0.932238055876657563E+04    0.781275840758637763E+01    0.577739644916228912E+01    0.922768678240361595E+01   -0.286537443652379320E-02
    0.188464378881333765E-01   -0.932244471813499331E+04    0.133193904883444070E+02    0.696891368738894368E+01    0.288404577038016185E+01   -0.196226838949209448E-02
    0.182826985056596600E-01   -0.932245064730407103E+04    0.935900270545927171E+01    0.260189282703695124E+01    0.408910582024757474E+01   -0.288263041858582980E-02
    0.177375435862580783E-01   -0.932245677061871174E+04    0.791668352435547718E+01    0.222070648277961258E+01    0.780639794623195016E+01   -0.284341199063820049E-02
    0.178880685492112668E-01   -0.932254033814402101E+04    0.180493232439137863E+02    0.451389555370898687E+01    0.307936277724187946E+01   -0.179728910465359881E-02
    0.178121402695847128E-01   -0.932259849747735643E+04    0.136329691286703607E+02    0.909977937174955187E+01    0.601302169115041352E+01   -0.201182417084966314E-02
    0.174267225502572481E-01   -0.932262141323289325E+04    0.389764574202125758E+01    0.178829916158576951E+01    0.310156888476043058E+01   -0.289990944835860631E-02
    0.174096271101262662E-01   -0.932268611695663822E+04    0.100461521248653263E+02    0.859220055670555638E+01    0.370163665716679091E+01   -0.185714796868852172E-02
    0.169146562286484857E-01   -0.932269509790961820E+04    0.185601831613045363E+02    0.734662036788587436E+01    0.540852969991191479E+01   -0.277645212487154236E-02
    0.177361071015796588E-01   -0.932285660864105739E+04    0.101255944615961440E+02    0.826461587834732292E+01    0.446650045367272241E+01   -0.278062960649572144E-02
    0.178134206306506462E-01   -0.932293197456826420E+04    0.571281096840614566E+01    0.588081842213851580E+01    0.695344137314290833E+01   -0.266557672765388443E-02
    0.172607624747082231E-01   -0.932293560867349515E+04    0.735472775143142243E+01    0.166721093362236328E+01    0.691607282336673279E+01   -0.215630996619597948E-02
    0.168656240155264266E-01   -0.932295595855606189E+04    0.716220053440291515E+01    0.283673352051463157E+01    0.678973437269690550E+01   -0.265275089755623306E-02
    0.163160847666045383E-01   -0.932295637311931750E+04    0.165931751357946951E+02    0.506851815744339262E+01    0.658356666213854425E+01   -0.216657519137697374E-02
    0.157967438527916310E-01   -0.932295834461954655E+04    0.116432025328535289E+02    0.212874822498663896E+01    0.861707350856085696E+01   -0.216884650835746928E-02
    0.153104515900885588E-01   -0.932296247503045197E+04    0.626360853525853400E+01    0.559902935156733950E+01    0.709180890504069339E+01   -0.217061405461527190E-02
    0.149688069344989707E-01   -0.932298400728214619E+04    0.115393273823317095E+02    0.805534927418645985E+01    0.595622868994859189E+01   -0.217678561825385142E-02
    0.145008858765634518E-01   -0.932298715643748073E+04    0.147265647652933973E+01    0.256662800402157876E+01    0.570388953271660171E+01   -0.263862095393507801E-02
    0.140917088423436667E-01   -0.932299657681728422E+04    0.115622067687407526E+02    0.960650404838204075E+00    0.744272371996658322E+01   -0.219106891984188756E-02
    0.136473567666863336E-01   -0.932299916200464941E+04    0.151163401235103034E+02    0.806770447469492424E+01    0.808212881985592801E+01   -0.262781460945771261E-02
    0.132010101110871681E-01   -0.932299932365295354E+04    0.738027303264407131E+01    0.470268564090147567E+01    0.398021524010560057E+01   -0.206984539447019333E-02
    0.128414186329087500E-01   -0.932301075517433128E+04    0.844843909908764523E+01    0.275916524909217875E+01    0.674421943010370484E+01   -0.262118303027436550E-02
    0.127433041402141237E-01   -0.932306208222218993E+04    0.130550014108094530E+02    0.977026821335585716E+01    0.721185402820937682E+01   -0.258666893500336670E-02
    0.123302060657991368E-01   -0.932306284101167148E+04    0.765886802121040056E+01    0.112477822164769203E+01    0.693824093123491892E+01   -0.223595101530038587E-02
    0.119387979613296644E-01   -0.932306499047843863E+04    0.109273280421195018E+02    0.149042960861699464E+00    0.714263343750981861E+01   -0.258352411138162985E-02
    0.116323503670735171E-01   -0.932307965036842870E+04    0.471204547523891115E+01    0.399134240873762725E+01    0.828651660778581345E+01   -0.257205400962046138E-02
    0.113836206081012539E-01   -0.932310308801942301E+04    0.925595486207510731E+01    0.275502703409866712E+01    0.598005044933356800E+01   -0.255525851886972966E-02
    0.110244391039724093E-01   -0.932310563270938655E+04    0.191581043449131343E+02    0.791548628322722525E+01    0.765516371265698226E+01   -0.254961859144542391E-02
    0.106784809113689219E-01   -0.932310853145912733E+04    0.631091828272168165E+01    0.215070157917775662E+01    0.457700822410127728E+01   -0.223852092769527555E-02
    0.103309362604548129E-01   -0.932310902278071444E+04    0.114797008902940760E+02    0.556243813469755111E+01    0.792010025496936620E+01   -0.254613401478942514E-02
    0.100282097175085714E-01   -0.932311620780569865E+04    0.121601575856141348E+02    0.780096720131481192E+01    0.687659925644563330E+01   -0.228124288114694984E-02
    0.970461324478390751E-02   -0.932311727301521751E+04    0.617096396589677632E+01    0.179985488019137607E+01    0.931005691039490557E+01   -0.228437179895357723E-02
    0.940538579526714082E-02   -0.932312130191677352E+04    0.280585685649484384E+01    0.122429831638655662E+01    0.595868803239134692E+01   -0.253549860769353153E-02
    0.916044754945709826E-02   -0.932313519369236383E+04    0.126674831428546106E+02    0.588159881905299020E+01    0.750708889117021627E+01   -0.230432010395897890E-02
    0.886731617896665582E-02   -0.932313681464122965E+04    0.980170131195315086E+01    0.566210721213938228E+01    0.497517470603295564E+01   -0.256959258208588892E-02
    0.857765004236968331E-02   -0.932313705692879012E+04    0.183193111550565213E+02    0.847872785720667466E+01    0.676973258934903299E+01   -0.230405035166858507E-02
    0.830400259432344939E-02   -0.932313887889683974E+04    0.149005316164640238E+02    0.866390560463016968E+01    0.628276214957053014E+01   -0.252111166090085437E-02
    0.806844552437584357E-02   -0.932314799196529202E+04    0.127434395057925460E+02    0.498812484017143642E+01    0.994111228719397033E+01   -0.232230804573829719E-02
    0.781840506196364825E-02   -0.932315169810745829E+04    0.681281744450014326E+01    0.579318782954299305E+01    0.548315774307947734E+01   -0.229894890616244574E-02
    0.756392847118280819E-02   -0.932315218500769879E+04    0.505230622131885632E+01    0.246855583491352615E+01    0.411649485616800703E+01   -0.222149309323094180E-02
    0.735695550393021362E-02   -0.932316336267143197E+04    0.124826648954007560E+02    0.130181470706040825E+01    0.697687064970558879E+01   -0.247385547917988724E-02
    0.712048875274791035E-02   -0.932316468968872323E+04    0.173203963910660939E+02    0.777214602850099556E+01    0.932271053059736943E+01   -0.247042594549029548E-02
    0.689935563266198034E-02   -0.932316825966049873E+04    0.110067822970604148E+02    0.673136649270308940E+01    0.749691007430470435E+01   -0.235960857263339818E-02
    0.667680831804795191E-02   -0.932316935043915873E+04    0.711130922605690330E+01    0.677422641362700606E+01    0.810327933250904664E+01   -0.245931501054563739E-02
    0.646124575860556206E-02   -0.932317038123467501E+04    0.180862123470728662E+02    0.545592212355326645E+01    0.706186771801293744E+01   -0.236420365949474576E-02
    0.625097066831442703E-02   -0.932317087713639557E+04    0.953879550035440893E+01    0.990485254418626004E+00    0.581188959611534095E+01   -0.236279336742273305E-02
    0.605326292703333921E-02   -0.932317326519270500E+04    0.529683648582902933E+01    0.353688350256517792E+01    0.754579041930461614E+01   -0.237552288069431405E-02
    0.585481533043218962E-02   -0.932317326586461422E+04    0.164003305092117060E+02    0.859516256463188810E+01    0.545809458269123127E+01   -0.250954358796662280E-02
    0.566557342592505751E-02   -0.932317421984303473E+04    0.116810675061786373E+02    0.588300023560666574E+01    0.878327779483972648E+01   -0.238020896456736519E-02
    0.548025184134252712E-02   -0.932317437239852916E+04    0.194267330525615911E+02    0.560877758383566949E+01    0.928674784334184267E+01   -0.244184935446245532E-02
    0.530164829550428072E-02   -0.932317477249520925E+04    0.145234142191220847E+02    0.263896317985089768E+01    0.807944915837926914E+01   -0.238253028208368356E-02
    0.513067106721951886E-02   -0.932317587654505769E+04    0.760054493511083606E+01    0.723133923288024327E+01    0.966910430006342381E+01   -0.238846046557339431E-02
    0.496269569983719561E-02   -0.932317596844776563E+04    0.140466443839273794E+02    0.367326570108096062E+01    0.986238934632191899E+01   -0.238903383714927919E-02
    0.480045507973556919E-02   -0.932317615839588507E+04    0.799379564395082731E+01    0.388902514008831623E+01    0.772278893086201990E+01   -0.238897845863184077E-02
    0.464502367260401748E-02   -0.932317699655638717E+04    0.118778439662429403E+02    0.309357183888314724E+01    0.469807283419676835E+01   -0.252643392020002189E-02
    0.449421739297368224E-02   -0.932317765337910532E+04    0.558907538763362499E+01    0.856756708097361042E+01    0.961904211935950570E+01   -0.240383308580061072E-02
    0.434734723805547344E-02   -0.932317786860998240E+04    0.668147340484317631E+01    0.539569242659330683E+01    0.928223210514002517E+01   -0.241260388439312745E-02
    0.420530648984604634E-02   -0.932317809797469818E+04    0.743625715785376507E+01    0.953923443335366450E+01    0.800381668962112514E+01   -0.241521849735648608E-02
    0.408029930084017299E-02   -0.932318441097337200E+04    0.612458921601242690E+01    0.208390648405019485E+01    0.549265598771807184E+01   -0.239426361786465591E-02
    0.394811064051920398E-02   -0.932318521124374274E+04    0.113771640088498653E+02    0.438132653911903791E+01    0.490011370548802283E+01   -0.251470018139299256E-02
    0.382304235508946003E-02   -0.932318749668649980E+04    0.509310077606845990E+01    0.212556393803628868E+00    0.366513377895824632E+01   -0.235522530876863811E-02
    0.370070695732601339E-02   -0.932318911802771618E+04    0.181532972019950343E+02    0.962883094176642018E+01    0.590720332016837979E+01   -0.244307632613915970E-02
    0.359089628355780711E-02   -0.932319554061748568E+04    0.166218941502825359E+02    0.856482695944535521E+01    0.531137734361347214E+01   -0.249147403450655780E-02
    0.351676943065746660E-02   -0.932322048920478665E+04    0.698619576664288555E+01    0.527769379783444936E+01    0.473932978070478406E+01   -0.250917236975745084E-02
    0.340193771776987767E-02   -0.932322076065836700E+04    0.156069275949695019E+01    0.465189217462020999E+01    0.330145695290511476E+01   -0.254497212339876988E-02
    0.330900499412120847E-02   -0.932323203202887453E+04    0.103443539406249094E+02    0.998781123621374611E+01    0.302218621094007922E+01   -0.250702471016150952E-02
    0.320498041591230813E-02   -0.932323481557890409E+04    0.723349702463525368E+01    0.260116153606711631E+01    0.404207760743641842E+01   -0.255802932157889185E-02
    0.310182158732387947E-02   -0.932323604938128483E+04    0.610931776176853791E+01    0.923461276751808313E+01    0.516665504958337607E+01   -0.244437601520575143E-02
    0.300730059450576371E-02   -0.932324082268034363E+04    0.478241632143914863E+01    0.444558702507172310E+01    0.464080664820548883E+01   -0.234714632863064487E-02
    0.291683961172209578E-02   -0.932324640502993861E+04    0.472953743849360819E+01    0.622570253555026198E+01    0.406725308881495273E+01   -0.265804395110702529E-02
    0.282341623332401509E-02   -0.932324796544985657E+04    0.775143354061676071E+01    0.958945672103584990E+01    0.480859570570923545E+01   -0.253139820319403519E-02
    0.276217194548879306E-02   -0.932327077156654559E+04    0.101369033591925355E+02    0.411944208700435333E+01    0.410273461240209159E+01   -0.225167343359444772E-02
    0.268171838103719706E-02   -0.932327831917116418E+04    0.627173277829947562E+01    0.105537395673219647E+01    0.350660592188164344E+01   -0.231371123175905247E-02
    0.260714900677712661E-02   -0.932328858486529134E+04    0.609403085183291715E+01    0.563635716151502386E+01    0.419424694856214231E+01   -0.258346698991207546E-02
    0.255519109817485806E-02   -0.932331499098182030E+04    0.543296904516965640E+01    0.205370981744717751E+01    0.364632456918537962E+01   -0.228173656397046010E-02
    0.247202556144172393E-02   -0.932331547937901814E+04    0.754210209989776814E+01    0.393829284335713015E+00    0.283994207293590328E+01   -0.236717400964892022E-02
    0.239190663381089576E-02   -0.932331625189110127E+04    0.141464026252126516E+02    0.802540759620973887E+01    0.460702052654721861E+01   -0.236507124528206880E-02
    0.231690697412184144E-02   -0.932331920314322088E+04    0.162289093694894078E+02    0.800586711161400189E+01    0.397699361299872756E+01   -0.213352303481739725E-02
    0.225331005964507416E-02   -0.932333020416470390E+04    0.127673929566542714E+02    0.431241062610653447E+01    0.272517794904495503E+01   -0.233552177969853503E-02
    0.221085382573486984E-02   -0.932335882786062939E+04    0.138109961316255241E+02    0.938124639385437042E+01    0.430525118292434605E+01   -0.224164979651730878E-02
    0.214029393241170138E-02   -0.932336062329488232E+04    0.626593319159306361E+01    0.615995419877023309E+01    0.425915562663286451E+01   -0.232445656081503582E-02
    0.207552529257670586E-02   -0.932336583216854342E+04    0.111095121114545581E+02    0.864795724968534252E+01    0.446986949270687717E+01   -0.234862990423623241E-02
    0.201778717336682139E-02   -0.932337607319028393E+04    0.160844161278638289E+02    0.883871257169021263E+01    0.447816208969050500E+01   -0.245045746557714939E-02
    0.275103984902389399E-02   -0.932399639857672446E+04    0.139176801487153128E+02    0.724986566062900017E+01    0.306019973732890982E+01   -0.251707569597892089E-02
    0.260153049755729561E-02   -0.932388464049196773E+04    0.825572148716122989E+01    0.556785845101020094E+01    0.322279314055720967E+01   -0.255012089264738950E-02
    0.202899763067864196E-02   -0.932338752442870464E+04    0.545513746012208500E+01    0.381653432076951837E+01    0.332219968968686175E+01   -0.271072749050593753E-02
    0.204399008696603190E-02   -0.932340224828749342E+04    0.208588838031443169E+01    0.399607238179093915E+01    0.353304100924940556E+01   -0.256001645899173180E-02
    0.263221530635682124E-02   -0.932390809226936472E+04    0.924618056583293679E+01    0.767448669369675507E+01    0.321229513834675728E+01   -0.261559366866703780E-02
    0.221050443530158890E-02   -0.932355888212397986E+04    0.457681759564383039E+01    0.422765315376764050E+01    0.363942552222372129E+01   -0.242674743116599867E-02
    0.213215206242343101E-02   -0.932348670429767299E+04    0.588498431857843407E+01    0.159281792007131662E+01    0.316907717500183495E+01   -0.237707548780730082E-02
    0.202434454159974766E-02   -0.932338293257247824E+04    0.781769693692031087E+01    0.108578060473319415E+01    0.328459756595437646E+01   -0.240286335965078646E-02
    0.240103571397837267E-02   -0.932372424102598598E+04    0.587141447614699175E+01    0.459856042769297257E+01    0.307267964305590446E+01   -0.243397062683481380E-02
    0.244969548244087414E-02   -0.932376436809037659E+04    0.740980152682638060E+01    0.474289146032659836E+01    0.325573204271872463E+01   -0.258275623076476002E-02
    0.258907702760863279E-02   -0.932387504354688281E+04    0.145476592705661556E+02    0.538179370317893202E+01    0.316773986762778037E+01   -0.222097524680253677E-02
    0.206984458675775430E-02   -0.932342738769367134E+04    0.692624063966078918E+01    0.749964430351929678E+01    0.316437107676646789E+01   -0.213363290729462474E-02
    0.214412702729914950E-02   -0.932349790562099770E+04    0.762353416868674749E+01    0.451366507151793073E+01    0.311362097586896880E+01   -0.213435834334163577E-02
    0.284780395579594748E-02   -0.932406553695334514E+04    0.887154211228228284E+01    0.999119806811754785E+01    0.333737194684511174E+01   -0.252080172684077120E-02
    0.246941117677110938E-02   -0.932378040010697441E+04    0.105571237461751259E+02    0.612733699279545707E+01    0.358881066862755205E+01   -0.248842078525346455E-02
    0.215300166175942578E-02   -0.932350616662290849E+04    0.884786159402983863E+01    0.756527591233666996E+01    0.392535093504333688E+01   -0.259835248458861745E-02
    0.237561147373534232E-02   -0.932370295037642427E+04    0.968706588885019393E+01    0.750227929362642509E+01    0.369966978522299428E+01   -0.258422378248079898E-02
    0.232348128341698656E-02   -0.932365857387081633E+04    0.905660610798986454E+01    0.982857739419307208E+01    0.398927832818113437E+01   -0.251375521423380377E-02
    0.242505996290503763E-02   -0.932374415314458565E+04    0.130642567556265359E+02    0.871880243392537224E+01    0.378799056204169204E+01   -0.255595963398269621E-02
    0.204393412319877048E-02   -0.932340219352741042E+04    0.174239494388244793E+02    0.957464214189842977E+01    0.446267533574732767E+01   -0.239822515824206217E-02
    0.250455139749721119E-02   -0.932380865991380415E+04    0.116909974610246401E+02    0.690326469880743421E+01    0.362368753947460576E+01   -0.250278900981448782E-02
    0.274124980588559813E-02   -0.932398926854235106E+04    0.145594283514704887E+02    0.951360943912790624E+01    0.365445555146834167E+01   -0.239506193850413940E-02
    0.228794343826470032E-02   -0.932362774734682353E+04    0.318490451225719085E+01    0.915691651030140363E+01    0.391816803851212647E+01   -0.236585131752065081E-02
    0.213017948573709925E-02   -0.932348485312602679E+04    0.264511841367769929E+01    0.614020023060673292E+01    0.394491725972511809E+01   -0.244220667655070667E-02
    0.298255212881282181E-02   -0.932415799934860479E+04    0.172992564742346921E+02    0.703653573594222337E+01    0.325324022985853212E+01   -0.244338490535833674E-02
    0.204865370294574209E-02   -0.932340680633675220E+04    0.379661806738712393E+01    0.747994179830750738E+01    0.425425550426839827E+01   -0.249109869095376357E-02
    0.204770451282755518E-02   -0.932340587947431959E+04    0.171790077130900158E+02    0.779201576961373288E+01    0.428545418664324274E+01   -0.233137793726623244E-02
    0.205830697914737362E-02   -0.932341620822269761E+04    0.674295626831510297E+01    0.538857225679108964E+01    0.405392515185233648E+01   -0.232946697759195409E-02
    0.283761729956692179E-02   -0.932405837008449089E+04    0.123695624803451629E+02    0.870857422436512962E+01    0.351216017151491755E+01   -0.241805721015597719E-02
    0.269033796867045949E-02   -0.932395177429174146E+04    0.974686735091209222E+01    0.932356634326665201E+01    0.329313477364131124E+01   -0.263950448659822090E-02
