

    0.164244883983011083E-97    0.377412537138489824E+04    0.852033001723028316E+00    0.119051273333445978E+00   -0.950437123375902360E-01
    0.698356734942765348E-96    0.376655879144294522E+04    0.916151279295209564E+00    0.109351844196549572E+00   -0.973481979823418442E-01
    0.785450798706633121E-96    0.376625706924620135E+04    0.519296378136455239E+00    0.131312959025705833E+00   -0.847859563419053330E-01
    0.922595784977139165E-95    0.376126336562623692E+04    0.593601919785752496E+00    0.114403576997647471E+00   -0.861947068339627975E-01
    0.104714346301477861E-94    0.376094343891568496E+04    0.329000404514698752E+00    0.114904156340217556E+00   -0.795258269994185696E-01
    0.152171017190137756E-93    0.375552406432293537E+04    0.874950388395186351E+00    0.117301943337663209E+00   -0.984357922609930824E-01
    0.733105984978146941E-92    0.374770765690897315E+04    0.425293104473291328E+00    0.133998620200332347E+00   -0.833033520493593471E-01
    0.163360823316782683E-91    0.374603847783198216E+04    0.133312250038650909E+00    0.145426602845274200E+00   -0.695322380702059206E-01
    0.213242974309407681E-91    0.374543886947383726E+04    0.557721478246694824E+00    0.128945220763718948E+00   -0.918866392377122310E-01
    0.471809613506235818E-89    0.373457357582926852E+04    0.663625766236411896E+00    0.124031053696587540E+00   -0.938350557059024482E-01
    0.577230195758372249E-88    0.372949840778313956E+04    0.494152362044344096E+00    0.119319121299743175E+00   -0.829976907956471166E-01
    0.474374228273389843E-87    0.372521906016731373E+04    0.711769348982214334E+00    0.119225558353583672E+00   -0.924008900651855924E-01
    0.249429622796912838E-86    0.372183286275241335E+04    0.374350331311866513E+00    0.131107113444765305E+00   -0.784253328672246397E-01
    0.182456048159521594E-85    0.371778636088061467E+04    0.785026962473371670E+00    0.117337539467783331E+00   -0.973384381162425427E-01
    0.291578701548414552E-84    0.371217692273697139E+04    0.597050149441955669E+00    0.112365215936806290E+00   -0.899252591998145334E-01
    0.558828603069103746E-84    0.371080919035998886E+04    0.268024274408139862E+00    0.137141066599727302E+00   -0.767716645956646460E-01
    0.492064457940494005E-83    0.370639181969269885E+04    0.564279040997061054E+00    0.118861507745760667E+00   -0.870367167232402039E-01
    0.931146659691728995E-83    0.370504953887784723E+04    0.431095700848932228E+00    0.122653314057861451E+00   -0.814873580500794503E-01
    0.986972629250018226E-82    0.370026125099776255E+04    0.151307735276830113E+00    0.141913318512262687E+00   -0.726765346550788394E-01
    0.407788097930856314E-78    0.368354169285938951E+04    0.762400964968682038E+00    0.111098652185008195E+00   -0.978330205375517181E-01
    0.560292988071077723E-78    0.368283960185627075E+04    0.359327789598530956E+00    0.121632450473163636E+00   -0.804877479731320733E-01
    0.487266918985397789E-76    0.367384189037501346E+04    0.631766488585376429E+00    0.115775123615749626E+00   -0.926336488282366588E-01
    0.105978743456513589E-75    0.367222120056361746E+04    0.261842524840345425E+00    0.128654913319418945E+00   -0.761778177608523066E-01
    0.828030267362617398E-73    0.365883257118911570E+04    0.203186732447419305E+00    0.131386367525490544E+00   -0.743940723306533158E-01
    0.969087061104255697E-73    0.365845129503106364E+04    0.127135985807186130E+00    0.139668237480806534E+00   -0.727975165313985428E-01
    0.117630451731102942E-72    0.365799707119632785E+04    0.304509574581134868E+00    0.134146284542978583E+00   -0.877753104951608520E-01
    0.180552170696147067E-71    0.365246829069346859E+04    0.724426237914203686E+00    0.114761367911268827E+00   -0.100135308086793273E+00
    0.318691917757432782E-71    0.365126521384534135E+04    0.427525131624306026E-01    0.135154373138424738E+00   -0.673222543666298634E-01
    0.390632676227825292E-71    0.365079146155793023E+04    0.138091334301176066E+00    0.141313642447007753E+00   -0.781702368623413690E-01
    0.772222810961767645E-71    0.364936178398690754E+04    0.344989142228086965E+00    0.127364579774533027E+00   -0.819138035569704215E-01
    0.137536739764812962E-70    0.364814071122208043E+04    0.356660519616305571E-01    0.142769357262221314E+00   -0.684529813277077182E-01
    0.308454827877656197E-70    0.364645867589963927E+04    0.459062502863853361E+00    0.119860732220794325E+00   -0.869607935767167106E-01
    0.363378369134811305E-70    0.364606427078691559E+04    0.668002452912968447E+00    0.118076875695993164E+00   -0.102657313611855372E+00
    0.565270927723229203E-67    0.363129837255490929E+04    0.445064993392248892E-01    0.141679792723936271E+00   -0.699332191484547394E-01
    0.614693562155519991E-67    0.363106406841544049E+04    0.350112931441258213E+00    0.118318673838036736E+00   -0.840379707133624976E-01
    0.468037650627085400E-64    0.361772704144674935E+04    0.272006353734619066E+00    0.132083965906761525E+00   -0.836193297019569570E-01
    0.546457881400023723E-63    0.361274538760971336E+04    0.201476056382203728E+00    0.136476992858327623E+00   -0.859776345773788364E-01
    0.127519057377947226E-62    0.361098393358079920E+04    0.246409371505779018E+00    0.132849618368232225E+00   -0.828239355847717462E-01
    0.781505639147792126E-62    0.360729135382898130E+04    0.336464511395820065E+00    0.129747153154051109E+00   -0.926146902240034819E-01
    0.287881742706714533E-61    0.360461686214718065E+04    0.626469841607734668E+00    0.116790418648561767E+00   -0.102591554348052227E+00
    0.110372258694573059E-60    0.360186240721029026E+04    0.465642929803096073E+00    0.119382327475929306E+00   -0.909076638908139500E-01
    0.132715288655959118E-60    0.360142704589451751E+04    0.195190962455604855E+00    0.133542829672826130E+00   -0.795393542279185795E-01
    0.191459972175091718E-60    0.360062743399323335E+04    0.121683439719273090E+00    0.138155329258713183E+00   -0.773324326573714416E-01
    0.265378205717346769E-60    0.359990781285513731E+04    0.436983945116818095E+00    0.112848420511881528E+00   -0.908065134663740281E-01
    0.626992890961527520E-59    0.359351641759750964E+04    0.419055251277125951E+00    0.124279166074563199E+00   -0.922898006564203399E-01
    0.133990226976839920E-58    0.359193091742106844E+04    0.481849074025192448E+00    0.121583878372762993E+00   -0.955381047117569437E-01
    0.722399998321303581E-58    0.358849462648340887E+04    0.664607496488967345E-02    0.136080966175540524E+00   -0.688583711393100373E-01
    0.667488127081761504E-57    0.358398090442436660E+04    0.307032508203321786E+00    0.117041712894132413E+00   -0.854333775986368948E-01
    0.104222483065829334E-56    0.358302305502879608E+04    0.411722177088309632E-01    0.142525156377634021E+00   -0.761988017118788719E-01
    0.324909031386733143E-56    0.358068235363154236E+04    0.290645271947732931E+00    0.129052202440313818E+00   -0.867835392889997337E-01
    0.519274445675841986E-56    0.357967791236339326E+04    0.350818031085323279E+00    0.125937624439603990E+00   -0.891770105257130297E-01
    0.752012275935133132E-55    0.357426543529527225E+04    0.558496966292707731E+00    0.116338729691157008E+00   -0.990636492791665546E-01
    0.473416226952782564E-54    0.357051915379109596E+04    0.958490310343989849E-01    0.136629558548743896E+00   -0.763960921747681709E-01
    0.711778282368413176E-54    0.356963690414885059E+04    0.776497126742161231E-01    0.128297690862026609E+00   -0.739677632821038600E-01
    0.839088403041444939E-53    0.356463596808355396E+04    0.286924113928928137E+00    0.128634060723976068E+00   -0.882798582533954601E-01
    0.128403536156234858E-52    0.356371840750496995E+04    0.250724059538425317E-01    0.132511707209229973E+00   -0.712446175245560198E-01
    0.807833454252660378E-52    0.355997338486776971E+04    0.140060362467163635E+00    0.127364685627450847E+00   -0.774875880376342252E-01
    0.700258446274432803E-51    0.355558736089598460E+04    0.316960040799954823E+00    0.125036326086032962E+00   -0.880977089459307194E-01
    0.152220471478044528E-50    0.355396776311470057E+04    0.115201225243220809E+00    0.135475896370414600E+00   -0.790090302122727905E-01
    0.185092223641006127E-50    0.355351004791432933E+04    0.341989628311784533E+00    0.123031407021765585E+00   -0.889579979708425839E-01
    0.696802968416068883E-50    0.355079208429053233E+04    0.169410931658004527E+00    0.134700373833327391E+00   -0.876216985015396688E-01
    0.947998209628310707E-50    0.355010971776771112E+04    0.265430223203936222E+00    0.123367636992303756E+00   -0.845447779374470798E-01
    0.125316994443199562E-49    0.354948489317693020E+04    0.209669267480785820E+00    0.130450353939883773E+00   -0.839268276063638297E-01
    0.553822432961617864E-49    0.354644623124123973E+04    0.244009898212601023E+00    0.125796886994765128E+00   -0.840116117140503604E-01
    0.701568630289625911E-48    0.354130144516631663E+04    0.214739314139669069E+00    0.127876912963143685E+00   -0.832591211802053976E-01
    0.801039393035149192E-48    0.354096959570506260E+04    0.221421909597398605E-02    0.123610149859103222E+00   -0.736333620669675781E-01
    0.180964024184952422E-46    0.353466781241757417E+04    0.199525921220011060E+00    0.132030820343472188E+00   -0.884308494558538882E-01
    0.213232408865291876E-46    0.353427297686650491E+04    0.210824717185602084E+00    0.122503749421237706E+00   -0.828482669845076458E-01
    0.248558606537002908E-46    0.353389971826659166E+04    0.373806672194494372E-01    0.131878075093959241E+00   -0.735384586515426264E-01
    0.101406630556458474E-45    0.353102096177354360E+04    0.144059837916011568E+00    0.132768038309746872E+00   -0.818072354140060298E-01
    0.905185157944429030E-44    0.352197112284475952E+04    0.168443019820458090E+00    0.129203063622108760E+00   -0.821676152615253841E-01
    0.912918360321735231E-44    0.352188744229756048E+04    0.122740166632013828E+00    0.122020136318932784E+00   -0.797477939154305204E-01
    0.447679703225309084E-43    0.351864074230269216E+04    0.262211884137026841E+00    0.118958858935808515E+00   -0.866918876771354263E-01
    0.883768543308484880E-43    0.351721384129410944E+04    0.329225102342294351E+00    0.122945279123355539E+00   -0.919970152233737792E-01
    0.188609482738912012E-41    0.351102586735736440E+04    0.386387039921022524E+00    0.120142468985110440E+00   -0.955600421979561077E-01
    0.750280028176646072E-41    0.350819766497234195E+04    0.153120942356467449E+00    0.129693488981714483E+00   -0.824713354000135013E-01
    0.914644915060246798E-41    0.350773481948320114E+04    0.315216198076986032E-01    0.139648727265498096E+00   -0.806815811870045252E-01
    0.131760143571953983E-40    0.350693808811748204E+04    0.315202097758104094E+00    0.117919275373474269E+00   -0.901283840995326102E-01
    0.295589522932459316E-40    0.350525544431174603E+04    0.250668549908029448E+00    0.123320322915489472E+00   -0.871184466189696138E-01
    0.407130932908250820E-40    0.350454845146281150E+04    0.283962035645365152E+00    0.117429547529305373E+00   -0.888124247183661453E-01
    0.429034384799234269E-40    0.350437698033498782E+04    0.320565403236853008E+00    0.124153301862207563E+00   -0.954588563270419854E-01
    0.138695248008100536E-39    0.350196365948426501E+04    0.341300337143618182E+00    0.119142525845084168E+00   -0.921768656019654742E-01
    0.158750335464654075E-39    0.350162688544732555E+04    0.713500230470505287E-01    0.135848356183865621E+00   -0.806436340466412105E-01
    0.595974939176172457E-39    0.349891448704688810E+04    0.206411009950746294E+00    0.121135373094711798E+00   -0.849095679435034612E-01
    0.181193693866961270E-38    0.349662391424798261E+04    0.131513250963150141E+00    0.121151290374578502E+00   -0.815897979606354795E-01
    0.214670233215985553E-37    0.349161300447390022E+04    0.304562286843212293E+00    0.123171971046085335E+00   -0.931694771265494381E-01
    0.436406499112819079E-37    0.349012739561773560E+04    0.902989202320387818E-01    0.133457511977858573E+00   -0.813586578014628969E-01
    0.486564810899876101E-37    0.348984313702096733E+04    0.260178439204577394E+00    0.118541973345854340E+00   -0.884217981357604543E-01
    0.652729803971688724E-37    0.348918888404284189E+04    0.156012611695509645E+00    0.127400340080309232E+00   -0.832314144325305705E-01
    0.939407532619388768E-37    0.348839404512634246E+04    0.140469475321214673E-01    0.132546911330095857E+00   -0.748792698715625704E-01
    0.304444363053407935E-36    0.348597573034848938E+04    0.749674818102484368E-02    0.131275025634852383E+00   -0.745345477688257319E-01
    0.384190538579662229E-36    0.348544376314374495E+04    0.114722359313599045E+00    0.126920163940623776E+00   -0.806928896570440202E-01
    0.167488462681653026E-35    0.348243237459981356E+04    0.156691743957606267E+00    0.129846626984197522E+00   -0.857481873307541775E-01
    0.189637406140818125E-35    0.348211730915163935E+04    0.755194172851807177E-01    0.124238716739734370E+00   -0.790265719837535130E-01
    0.508822743423969607E-35    0.348007667078293525E+04    0.157145069572068863E+00    0.130321505732026832E+00   -0.868486127220418069E-01
    0.622920687508050693E-35    0.347960536513194893E+04    0.109004703925235022E+00    0.133291029880630185E+00   -0.850998042019170953E-01
    0.174517746469862686E-33    0.347287314362905272E+04    0.323528658712034733E+00    0.115075761533093165E+00   -0.930915013002966418E-01
    0.740323811420594523E-33    0.346991635448628949E+04    0.571985907965815513E-01    0.134663454507693015E+00   -0.811346158146424301E-01
    0.133360262798780909E-32    0.346867258456253512E+04    0.303143035094792013E+00    0.120611994893048996E+00   -0.932778334389752217E-01
    0.800045214447643416E-32    0.346502268982568239E+04    0.103619389880209647E+00    0.128611188067726950E+00   -0.817375298466895828E-01
    0.112714039019504113E-31    0.346427048149505936E+04    0.407140025851921022E-01    0.125649165294115905E+00   -0.779527244873037262E-01
    0.215057565633251319E-31    0.346291171131577903E+04    0.311344638224332559E+00    0.120381191763590092E+00   -0.945137348045026471E-01
    0.794901335669737624E-31    0.346023042012620135E+04    0.672834508335144188E-01    0.120518779916108806E+00   -0.807240121611876305E-01
    0.147422849378404732E-30    0.345892840930754573E+04    0.154470230660711916E+00    0.119836772297991889E+00   -0.848847341352989559E-01
    0.488827612663365366E-30    0.345646433281467216E+04    0.335154313858625375E+00    0.116681466455965402E+00   -0.950841881474531192E-01
    0.683059212175969033E-30    0.345572852284183136E+04    0.944911262637727067E-01    0.117989954430674990E+00   -0.830019233846730486E-01
    0.693436724544443854E-30    0.345563169928560274E+04    0.811907416966292511E-01    0.130349288592893769E+00   -0.814560996434448015E-01
    0.255899866676320371E-29    0.345295360997831267E+04    0.148554160517398642E+00    0.129381768352506060E+00   -0.880754870728193140E-01
    0.335425646949738806E-29    0.345234571512953698E+04    0.170304424001852250E+00    0.128133785980092979E+00   -0.891978489136473485E-01
    0.763138319830841641E-29    0.345063497049123907E+04    0.134931830665502128E+00    0.125293033237151075E+00   -0.841190062409040706E-01
    0.771704204871311007E-29    0.345054597977806407E+04    0.498766794578268113E-01    0.133991630091470026E+00   -0.816575809085868798E-01
    0.121079977379376483E-28    0.344957844297533120E+04    0.365531208760064841E-01    0.135780482080711806E+00   -0.825025897125453156E-01
    0.119559278850647954E-28    0.344953705429191723E+04    0.480204204095336443E-01    0.135178257574588401E+00   -0.833082639506965705E-01
    0.215626166564312102E-28    0.344829091984080878E+04    0.220033482921143358E+00    0.124017280321696372E+00   -0.905007796859162994E-01
    0.339943703221385643E-28    0.344731378551971102E+04    0.157671278595276854E+00    0.128235720933836617E+00   -0.883335405723002509E-01
    0.530716783985336417E-28    0.344635622187240369E+04    0.167436938400610524E+00    0.121051350555659562E+00   -0.860930764320482211E-01
    0.109083160798323873E-27    0.344484862098178928E+04    0.322744666890543638E-01    0.126867320441666542E+00   -0.783531054070110144E-01
    0.388312200399024422E-27    0.344224255607144732E+04    0.392869032479170321E-01    0.131210542053906837E+00   -0.794686074753574445E-01
    0.881835175915546544E-27    0.344053549839100742E+04    0.281771770733666369E-01    0.131289093466563367E+00   -0.787543886601653753E-01
    0.136598535623657416E-26    0.343959357941087910E+04    0.101405524817408776E+00    0.127993150609021750E+00   -0.833370491484863862E-01
    0.495041272184422850E-26    0.343695172292352800E+04    0.526157316434971573E-01    0.128852158545151890E+00   -0.801683135568485028E-01
    0.658839435956149350E-26    0.343631337881775289E+04    0.103062202051125082E+00    0.120399527681005925E+00   -0.834884938866427007E-01
    0.810509827001702902E-26    0.343583234493324380E+04    0.133165303937492679E+00    0.121671837848742581E+00   -0.848160522666479011E-01
    0.458335807690624976E-25    0.343230063077199520E+04    0.294917755291114581E+00    0.114616627920546013E+00   -0.943622596839048811E-01
    0.472960624524957838E-25    0.343217114406780092E+04    0.248769224718908694E-01    0.126280600252429959E+00   -0.786687661240605962E-01
    0.739907694230569665E-24    0.342660428061092171E+04    0.136658390577634514E+00    0.125694394580274343E+00   -0.862458424671697088E-01
    0.187179517541334761E-23    0.342468135835362227E+04    0.114473295602599626E+00    0.129659154077036570E+00   -0.876596867099408428E-01
    0.197934247251761243E-23    0.342450295819147323E+04    0.368692542844202414E-01    0.131061461344712499E+00   -0.805681724430211688E-01
    0.353407304748905119E-23    0.342327691884753767E+04    0.337262436956453776E-01    0.121416927494931923E+00   -0.805722030062447914E-01
    0.496609218262866712E-23    0.342252988776874190E+04    0.391693350398690451E-01    0.120897535650761223E+00   -0.810189740069660047E-01
    0.699653052588295577E-23    0.342177765882735548E+04    0.115145077895898340E+00    0.129516940089217131E+00   -0.879406121650667671E-01
    0.689170202834180665E-23    0.342174118476812873E+04    0.966706765794769080E-01    0.129146798274620389E+00   -0.852286186313815364E-01
    0.121839254672039320E-22    0.342053491927146206E+04    0.108607933018803962E+00    0.119935974779643212E+00   -0.846661662996908149E-01
    0.170918886492789677E-22    0.341979127959545804E+04    0.151101738850344808E+00    0.126282581109134401E+00   -0.886374143610328957E-01
    0.243820978970022626E-22    0.341901412259420249E+04    0.223767479651360957E+00    0.119686348503028048E+00   -0.913350994236736824E-01
    0.515950214460788610E-22    0.341744830389961498E+04    0.710659815553372765E-01    0.131579641981103251E+00   -0.853298427611637322E-01
    0.112114022353410193E-21    0.341582945478110014E+04    0.204827342302319859E+00    0.120566080459796401E+00   -0.904784793018702516E-01
    0.208258967634071177E-21    0.341452425625076467E+04    0.115427126295102100E+00    0.122867013376478568E+00   -0.850511245299809815E-01
    0.213829633489043937E-21    0.341440479508253338E+04    0.606187755599818523E-01    0.127714158467894495E+00   -0.820354177827429254E-01
    0.272381550455725776E-21    0.341385407991665306E+04    0.391184015864926571E-01    0.129670769237633127E+00   -0.810057432002935229E-01
    0.601757564604335004E-21    0.341220211163955537E+04    0.115285838700555116E+00    0.122971652749980981E+00   -0.851927204012721262E-01
    0.149863651079016182E-20    0.341031053230627549E+04    0.101707846536118057E+00    0.128204295043291089E+00   -0.861233980969142721E-01
    0.156462845031427644E-20    0.341015768027571175E+04    0.404310118467348864E-01    0.125556644873039303E+00   -0.808014323038808158E-01
    0.575307965523660707E-20    0.340748683976948450E+04    0.632801144464279486E-01    0.121162380218127558E+00   -0.827990665055136077E-01
    0.230808379521194541E-19    0.340464163821531292E+04    0.536896552259361060E-01    0.124950021095926761E+00   -0.819243766458637168E-01
    0.232496938974642933E-19    0.340456039311095083E+04    0.689795704113395219E-01    0.128076166684224557E+00   -0.835330869616530691E-01
    0.269793727842965315E-19    0.340419616517062059E+04    0.115378780813454623E+00    0.128815693103113721E+00   -0.893608211286416321E-01
    0.394023825790873179E-19    0.340337199113805764E+04    0.105203317632294485E+00    0.126982746525666990E+00   -0.862513915060851843E-01
    0.920417441352156761E-19    0.340160849261396288E+04    0.291384078359953197E-01    0.124412883472790683E+00   -0.807129742325507493E-01
    0.233200625704546699E-18    0.339968251210158269E+04    0.926219152500383225E-01    0.122481270903177314E+00   -0.846015650948661602E-01
    0.471150760094748526E-18    0.339820928745425590E+04    0.121906252524059663E+00    0.127016579347381947E+00   -0.885288341243786192E-01
    0.163225700277112389E-17    0.339565753904281519E+04    0.124394314192664154E+00    0.125996375603796590E+00   -0.881580697317438933E-01
    0.205981516918399274E-17    0.339512556730865435E+04    0.137337179331875003E+00    0.124605138687076761E+00   -0.885141679620442545E-01
    0.448931644056875947E-17    0.339350073225263259E+04    0.104969433103887622E+00    0.120306712935152049E+00   -0.858521396424869465E-01
    0.100761869088808514E-16    0.339181711666902447E+04    0.382035961720730080E-01    0.122797073619398150E+00   -0.819512186052531177E-01
    0.133312188905080280E-16    0.339119058267949549E+04    0.615161482501392839E-01    0.122633565738231434E+00   -0.832877265552642854E-01
    0.285973032405811240E-16    0.338959750830996018E+04    0.103903823467402803E+00    0.120450480794626738E+00   -0.859922899160849852E-01
    0.383001358344505158E-16    0.338894655959993543E+04    0.159467051872132365E+00    0.123092976738833917E+00   -0.901964253900739976E-01
    0.756533231743129400E-16    0.338751847708371497E+04    0.539819682943388363E-01    0.126965519481864270E+00   -0.832437921415500881E-01
    0.100124377387819494E-15    0.338689130677810499E+04    0.117481840405019800E+00    0.125869742927243705E+00   -0.882368744583512665E-01
    0.254831537621127729E-15    0.338495626110535522E+04    0.184705676413413726E-01    0.122491362141904564E+00   -0.813029527524413709E-01
    0.352489097749681181E-15    0.338424076043200330E+04    0.744874891490333868E-01    0.126403039547561546E+00   -0.849138514475491490E-01
    0.456467965613783849E-15    0.338365709610480371E+04    0.129267600595519727E+00    0.122874739244674958E+00   -0.880999022130737330E-01
    0.760691124879175733E-15    0.338256901169569755E+04    0.823542862444854307E-01    0.120418037697516744E+00   -0.852066209835840027E-01
    0.774296045140014924E-15    0.338246689124336990E+04    0.249219281583416136E-01    0.121178914536163307E+00   -0.820686486104875712E-01
    0.802102988416605601E-15    0.338232965912393229E+04    0.143562167689811754E+00    0.123865815393629800E+00   -0.898263153427976135E-01
    0.198041032129890298E-14    0.338045534781508286E+04    0.105055959332381113E+00    0.120291203318946549E+00   -0.865921051650992979E-01
    0.211590806743764730E-14    0.338025632112752464E+04    0.133761867340652624E+00    0.122604883502518441E+00   -0.886220212283852504E-01
    0.225793993656963379E-14    0.338005971686399243E+04    0.151262767278059086E-01    0.129308603807891775E+00   -0.813992142019142051E-01
    0.240498877104294105E-14    0.337986686545843077E+04    0.433853022112036246E-01    0.129277296592724938E+00   -0.838920302885135527E-01
    0.268950547277047065E-14    0.337957657458565882E+04    0.412106170575216174E-01    0.128672211635884992E+00   -0.833954044765334856E-01
    0.291543655660487532E-14    0.337934858345274552E+04    0.116647918902205605E+00    0.125655222245360132E+00   -0.887350130822266436E-01
    0.335713050472038637E-14    0.337899978274222849E+04    0.125882117877570254E+00    0.120890138686325491E+00   -0.879035735142803532E-01
    0.425590009036273597E-14    0.337845867670733787E+04    0.622540660114175651E-01    0.127521568359690279E+00   -0.848037982294798098E-01
    0.441650713465071781E-14    0.337831792430887072E+04    0.479331368105003278E-01    0.123761643011499445E+00   -0.831209107508232847E-01
    0.101315916063251758E-13    0.337659063907948257E+04    0.110811280052426978E+00    0.123272917059700976E+00   -0.873586898425529057E-01
    0.105143044371174412E-13    0.337644981594608362E+04    0.126402770124619507E+00    0.122686132167059286E+00   -0.883805314876600079E-01
    0.104664118279490540E-13    0.337639228008157806E+04    0.514010503453074669E-01    0.127355792612557472E+00   -0.839702318257611324E-01
    0.106678798498619858E-13    0.337628748124033700E+04    0.353564075079251805E-01    0.125647237593171146E+00   -0.824591155163432177E-01
    0.123743373595385340E-13    0.337592403974021363E+04    0.103556599927645904E+00    0.125943211270580002E+00   -0.879627363540631535E-01
    0.186988250430323422E-13    0.337503170121425501E+04    0.908589272602784159E-01    0.120220842763206492E+00   -0.861081072090463806E-01
    0.281376381145493590E-13    0.337414773969795715E+04    0.702073442465045716E-01    0.123527180685603061E+00   -0.847608427091692818E-01
    0.318310222460469161E-13    0.337383440654768310E+04    0.573854257372977961E-01    0.125405172700413015E+00   -0.841041967033557825E-01
    0.338067411967082820E-13    0.337364730214159681E+04    0.537873168385763836E-01    0.126803729346683269E+00   -0.841803198982375989E-01
    0.374562186172911918E-13    0.337337561043276582E+04    0.584609312071702261E-01    0.127278524759692674E+00   -0.847692567508939732E-01
    0.760145226332633069E-13    0.337189344044222526E+04    0.227025296812694011E-01    0.122910053250935680E+00   -0.820919586810617830E-01
    0.753917459402041627E-13    0.337184322699671611E+04    0.115084307259054303E+00    0.123318175791479023E+00   -0.880508525375560680E-01
    0.295269442134512119E-12    0.336904617932222391E+04    0.741845680217563391E-01    0.125553539803097747E+00   -0.857512283068526671E-01
    0.364803088543876170E-12    0.336855657381171295E+04    0.995177073943511042E-01    0.122412788110781712E+00   -0.869750043567361075E-01
    0.467932401842621331E-12    0.336799197490422557E+04    0.517122397608026640E-01    0.125814270623631458E+00   -0.841616963625355652E-01
    0.470647020673691025E-12    0.336791373915204349E+04    0.110683175389911112E+00    0.122332937441100562E+00   -0.877800324446322833E-01
    0.722194906139151114E-12    0.336699069914972097E+04    0.182465286829750981E-01    0.124145850989031026E+00   -0.819368117091396897E-01
    0.722190530098557498E-12    0.336692404460181569E+04    0.115218684899487264E+00    0.121148383175451443E+00   -0.880173763439486834E-01
    0.704242081492055772E-12    0.336690771160190343E+04    0.258714995541192531E-01    0.125695972365426512E+00   -0.823957832051895878E-01
    0.720206571180184298E-12    0.336679621311029223E+04    0.524170966138841898E-01    0.124725262433666634E+00   -0.841238833874520253E-01
    0.800382995238937704E-12    0.336651844187987081E+04    0.126087391771810636E+00    0.120986622511215350E+00   -0.887526508283382753E-01
    0.838977546641590798E-12    0.336635758803939279E+04    0.159283038837494950E-01    0.121919806487699997E+00   -0.821830626679265208E-01
    0.128364480175481512E-11    0.336544037163718349E+04    0.102228724543061353E+00    0.120000855485318220E+00   -0.873209149827616216E-01
    0.128027558688643186E-11    0.336537896132219248E+04    0.608383574037572109E-01    0.125262982213236757E+00   -0.849037943878023782E-01
    0.132636897951308485E-11    0.336524155513325422E+04    0.125951784187943533E+00    0.118958389290678160E+00   -0.888011060056452806E-01
    0.197445212291300266E-11    0.336437919679538572E+04    0.391151768555907942E-01    0.124791577095714631E+00   -0.833816670640743496E-01
    0.294911143332081916E-11    0.336351010420434613E+04    0.923234668182511264E-01    0.121332784730041304E+00   -0.867771865682200882E-01
    0.322790608214761666E-11    0.336326277805908103E+04    0.111073615885011162E+00    0.121040599952812217E+00   -0.879788571481316950E-01
    0.336050046792952704E-11    0.336311559887953990E+04    0.641074479143532439E-01    0.124935300316758160E+00   -0.852339309441951798E-01
    0.524055692216499544E-11    0.336216025648513460E+04    0.100524908402761570E+00    0.121051391632401445E+00   -0.873738775050565408E-01
    0.147510001562697557E-10    0.336002382359416697E+04    0.533798800551259084E-01    0.127359457599093090E+00   -0.854379689662252417E-01
    0.168206163391607434E-10    0.335969456810867268E+04    0.879556452523047871E-01    0.122068198481429649E+00   -0.867517667599564390E-01
    0.223760396107717101E-10    0.335905713058395122E+04    0.115745621630017351E+00    0.121162522021450891E+00   -0.885777574935886491E-01
    0.447790449930479644E-10    0.335760296480094439E+04    0.889073595423699459E-01    0.125097083188443869E+00   -0.877247876150057948E-01
    0.448302937531514791E-10    0.335753401048138767E+04    0.997564017824184301E-01    0.123363167362898235E+00   -0.879590686734648131E-01
    0.469065966586405229E-10    0.335737679539768942E+04    0.457031485364928075E-01    0.127410236007232086E+00   -0.849790534140648646E-01
    0.577686703094759446E-10    0.335689355218443961E+04    0.607949398493610876E-01    0.122631785545725250E+00   -0.851866192631121066E-01
    0.591949087378782266E-10    0.335677810762859917E+04    0.547578218240085332E-01    0.123484206430821392E+00   -0.848176027733202886E-01
    0.768635787773990649E-10    0.335618904774353723E+04    0.612884553411420369E-01    0.123195153203230559E+00   -0.852716831214870297E-01
    0.857727484664327118E-10    0.335590304269134685E+04    0.419376271705323295E-01    0.127885398076829304E+00   -0.849897660106329056E-01
    0.112592193831011326E-09    0.335529223392936910E+04    0.413924045934847828E-01    0.124315392891683474E+00   -0.840600148491752464E-01
    0.110131285975577174E-09    0.335526976571022533E+04    0.788347591202013392E-01    0.122796345345518240E+00   -0.864804923960988958E-01
    0.151003881867904582E-09    0.335457183428111239E+04    0.898098862772961082E-01    0.122125265045728543E+00   -0.872099407430244611E-01
    0.182445023031108534E-09    0.335412688093493489E+04    0.484033498995520908E-01    0.126465607564993976E+00   -0.850764424874927983E-01
    0.247630342696387078E-09    0.335344923787513471E+04    0.993701295469101298E-01    0.122543955106561048E+00   -0.880242882517592307E-01
    0.502563914559969730E-09    0.335196699971955240E+04    0.672979639765415860E-01    0.123854762528671503E+00   -0.860265819516712327E-01
    0.547052239583233360E-09    0.335173069010319887E+04    0.896127616457954579E-01    0.123934209360371334E+00   -0.877737392663053839E-01
    0.791242049158337504E-09    0.335092590418631517E+04    0.456878770069011411E-01    0.124113466298391276E+00   -0.846061173396286392E-01
    0.787016215723759596E-09    0.335086994766418502E+04    0.931803998689665486E-01    0.121807590195938051E+00   -0.876522567155575416E-01
    0.795306686623079669E-09    0.335078232308368024E+04    0.797469194164435458E-01    0.122281645017490476E+00   -0.867873455772087965E-01
    0.262029843480140830E-08    0.334833102504285489E+04    0.821825525901766496E-01    0.123422491879582860E+00   -0.872962392751670535E-01
    0.294909992958027116E-08    0.334802793478122658E+04    0.829898526235472306E-01    0.121875013413616062E+00   -0.871531563044634083E-01
    0.732652550757884316E-08    0.334614126535763899E+04    0.576125831339758532E-01    0.122769344552899173E+00   -0.856282155040091197E-01
    0.745373531367053781E-08    0.334604017089600165E+04    0.792132215314622634E-01    0.121822785904955211E+00   -0.870245892998671167E-01
    0.801791615741283528E-08    0.334582757769684576E+04    0.989101422482749348E-01    0.122606384217642944E+00   -0.885566937612143334E-01
    0.149437754990627424E-07    0.334451567842780059E+04    0.512832259179646782E-01    0.126381974337427594E+00   -0.860354248626418183E-01
    0.238119722249605881E-07    0.334351722450053239E+04    0.423299776226166019E-01    0.126679512820226076E+00   -0.854482074246636358E-01
    0.288041125673040325E-07    0.334306989846273973E+04    0.371492695891493668E-01    0.127483463986380274E+00   -0.853856159636485756E-01
    0.122580735124003740E-06    0.334010672839464860E+04    0.906668463131373170E-01    0.122234159176975610E+00   -0.882635487426757237E-01
    0.137350795403598541E-06    0.333981252507106183E+04    0.520345682770011891E-01    0.125226362292825799E+00   -0.860260379449968582E-01
    0.150248953289976223E-06    0.333956634759771623E+04    0.860880310440356039E-01    0.122441731896616751E+00   -0.880021518309970219E-01
    0.211881575345276184E-06    0.333881221312145681E+04    0.902684127818906973E-01    0.122489755670668443E+00   -0.883779631963683698E-01
    0.263264069298247904E-06    0.333831128628982515E+04    0.871443088483951356E-01    0.122297294583239083E+00   -0.881408176086289075E-01
    0.289285342010831072E-06    0.333805610772436921E+04    0.693773599750472647E-01    0.123729853329236750E+00   -0.871206320030530890E-01
    0.414254421779164846E-06    0.333727130748405943E+04    0.532579294167857820E-01    0.123340993413878025E+00   -0.859217326601289244E-01
    0.471422765030211118E-06    0.333694609091481107E+04    0.547134089245388394E-01    0.124380983703193837E+00   -0.862183945479575442E-01
    0.631505346206538847E-06    0.333629472199630618E+04    0.886193217086055779E-01    0.123248500151740714E+00   -0.886478009262194888E-01
    0.686535495823547286E-06    0.333606095228618324E+04    0.791766550654091905E-01    0.122383230645133706E+00   -0.877277090104477963E-01
    0.688384515144446958E-06    0.333598890633804331E+04    0.483922937013563648E-01    0.124337182065481028E+00   -0.857939627558188533E-01
    0.672572541909809999E-06    0.333596871486224700E+04    0.760842775616240308E-01    0.123094213949563075E+00   -0.876367508983300070E-01
    0.650665216225981296E-06    0.333596827764663612E+04    0.811679795131981657E-01    0.121813668189513280E+00   -0.878028041672607173E-01
    0.647579484615384008E-06    0.333591111839384757E+04    0.483293531823007216E-01    0.124667375334818892E+00   -0.858621225684768064E-01
    0.684106037418008033E-06    0.333573470894944148E+04    0.480694626949807607E-01    0.124976817906762738E+00   -0.859297250020745196E-01
    0.749308230227127718E-06    0.333548596730252393E+04    0.875271336320863902E-01    0.121848616551747821E+00   -0.882893836649394359E-01
    0.146916034662854651E-05    0.333407270883063211E+04    0.766149127653198286E-01    0.123113178475943372E+00   -0.878165733317164410E-01
    0.227266009854609840E-05    0.333313352226363531E+04    0.508447984058436053E-01    0.125494625404127147E+00   -0.865174670611530416E-01
    0.229839450522840642E-05    0.333304433591098314E+04    0.472503849946358939E-01    0.124681821770222037E+00   -0.859805426927433558E-01
    0.298459492934617168E-05    0.333245516284913901E+04    0.327538317709000840E-01    0.126141968343258082E+00   -0.852581191516570414E-01
    0.294483867507130404E-05    0.333241531618094086E+04    0.461439457248790860E-01    0.123791190769292195E+00   -0.857788613396230915E-01
    0.287583303809969223E-05    0.333239607281763165E+04    0.383170371389440975E-01    0.124977492623653319E+00   -0.853980163048877472E-01
    0.301394969731011806E-05    0.333223558809951464E+04    0.355108706630030690E-01    0.124798645262175753E+00   -0.851604422838825315E-01
    0.343194374865621633E-05    0.333190917067114242E+04    0.558089872571813223E-01    0.122937831483763305E+00   -0.864032786983912615E-01
    0.356699862836322298E-05    0.333176530854327211E+04    0.405967942703637161E-01    0.124056195389055823E+00   -0.854538395185358013E-01
    0.504298987713433800E-05    0.333100609264872401E+04    0.417347696888621597E-01    0.123247009708557287E+00   -0.855069427845904784E-01
    0.556427172667993321E-05    0.333074269203474250E+04    0.329022744661133515E-01    0.126155559515360283E+00   -0.854003746067473202E-01
    0.624096865218852353E-05    0.333044648678084195E+04    0.484875346802260757E-01    0.125361662122177198E+00   -0.864701027240695197E-01
    0.762678955284414687E-05    0.332997875693946480E+04    0.455314752551948809E-01    0.124492489564551070E+00   -0.860160969895105154E-01
    0.757924178097269425E-05    0.332992459792211048E+04    0.540617508584537512E-01    0.122840695412945039E+00   -0.863980772974919375E-01
    0.135948280779311416E-04    0.332868937872290189E+04    0.441116235341868501E-01    0.124625532571380038E+00   -0.860244563266281403E-01
    0.168536190683033776E-04    0.332819296008981291E+04    0.465946172311930279E-01    0.124966114538603026E+00   -0.863484786242949554E-01
    0.181771834705815370E-04    0.332797508994934833E+04    0.401235254092314614E-01    0.125997561240775102E+00   -0.861744116057181486E-01
    0.185066368541381562E-04    0.332787249875371162E+04    0.437902105074330153E-01    0.123779862134445529E+00   -0.859009868267399668E-01
    0.186636000228787990E-04    0.332778894071212380E+04    0.484363851932635286E-01    0.123595257937397923E+00   -0.862201962419391066E-01
    0.189805502491638139E-04    0.332768859468610026E+04    0.591387715965249403E-01    0.124268660182160179E+00   -0.872030016863636348E-01
    0.295901530979644169E-04    0.332673387430620460E+04    0.352103721050299398E-01    0.125939146033999555E+00   -0.858184589527954955E-01
    0.292685677355712170E-04    0.332668906258696916E+04    0.374579509876324449E-01    0.126773506498685740E+00   -0.863905980964680964E-01
    0.319537381270443670E-04    0.332644684590709949E+04    0.448055108561205492E-01    0.125270353198539630E+00   -0.864248301857060142E-01
    0.315135663989319755E-04    0.332640792132206116E+04    0.449648778868309701E-01    0.124245099306407064E+00   -0.861645890771924883E-01
    0.380335900070183800E-04    0.332596515148663275E+04    0.398764999535282522E-01    0.125005843874986644E+00   -0.859732418067000737E-01
    0.431298975292631300E-04    0.332564699138402284E+04    0.450042523697988389E-01    0.124548653242276347E+00   -0.862881798647610054E-01
    0.417774443585321376E-04    0.332564404441647093E+04    0.326649389626284606E-01    0.127343679424427092E+00   -0.863281830005728779E-01
    0.448053135409936872E-04    0.332543743744386120E+04    0.361272754950079725E-01    0.126884900517878929E+00   -0.864256020226186195E-01
    0.590424801291049935E-04    0.332481890987958832E+04    0.442780425544491568E-01    0.124637304240069496E+00   -0.863108299738115647E-01
    0.616022755118265393E-04    0.332466735996698662E+04    0.519258840670317051E-01    0.122746138956360940E+00   -0.865729890229722798E-01
    0.614146213207107335E-04    0.332460679504216205E+04    0.456342129124111678E-01    0.123155144894442042E+00   -0.861704723243565951E-01
    0.892041813170342714E-04    0.332379356842514426E+04    0.357189635276460721E-01    0.125447584090563724E+00   -0.859143507249999772E-01
    0.108606223021526902E-03    0.332333330017079061E+04    0.331183619291277181E-01    0.127212907970719019E+00   -0.864931780616302603E-01
    0.126282202113150185E-03    0.332296505271653950E+04    0.437483758640755463E-01    0.125693379931243826E+00   -0.867598644894744808E-01
    0.125918326883143637E-03    0.332290415725874300E+04    0.481634335028781196E-01    0.123728733125910359E+00   -0.865460439557246275E-01
    0.263177276856345322E-03    0.332136310186377159E+04    0.441441535988196590E-01    0.125694428318536111E+00   -0.869221566494644549E-01
    0.300939951718686945E-03    0.332102826942249703E+04    0.536598873367038764E-01    0.123980333674118065E+00   -0.871597436504565337E-01
    0.294185605388944571E-03    0.332100700249563670E+04    0.429792547430003849E-01    0.126304813798222670E+00   -0.871452980884264150E-01
    0.378329732366333433E-03    0.332043722534049994E+04    0.362567765335542955E-01    0.125816461801297991E+00   -0.863377046828119887E-01
    0.389810375857896113E-03    0.332031077011002162E+04    0.474120236173151410E-01    0.123097930032554773E+00   -0.865662759378800217E-01
    0.480238124671059519E-03    0.331982686010571524E+04    0.447868369955078602E-01    0.124363586001584425E+00   -0.866332115372046019E-01
    0.695407808563363173E-03    0.331901976069017292E+04    0.364806126263691327E-01    0.125104970984593944E+00   -0.862180965016694500E-01
    0.759486255210031682E-03    0.331877680647085617E+04    0.466591703867669100E-01    0.124740340950544010E+00   -0.869726575795155554E-01
    0.767725509653961529E-03    0.331868855973370773E+04    0.412547803021031528E-01    0.125824313075168726E+00   -0.869283397849489603E-01
    0.759748934576066903E-03    0.331864278152803308E+04    0.442828243596902205E-01    0.124041873219845583E+00   -0.866000226782333016E-01
    0.843597251083253873E-03    0.331836674054019932E+04    0.360220596227924239E-01    0.125004057458892787E+00   -0.861978421071700751E-01
    0.884968702019540130E-03    0.331820431969475612E+04    0.449205151363668218E-01    0.123880262626540269E+00   -0.866455758655853003E-01
    0.870817063312881922E-03    0.331816989373864817E+04    0.564845936164535961E-01    0.125436207805597388E+00   -0.882203766339415552E-01
    0.952721151923163301E-03    0.331792344639919247E+04    0.533500629723956607E-01    0.124831275437289585E+00   -0.876515098857240105E-01
    0.105896972198190296E-02    0.331764532074551789E+04    0.435644296077166843E-01    0.126004870024438442E+00   -0.873204996079390838E-01
    0.105542088920464465E-02    0.331758536776002438E+04    0.420597288903892738E-01    0.125913561659181605E+00   -0.871348713234443295E-01
    0.141786524329608156E-02    0.331692827558100907E+04    0.388334662302014938E-01    0.123916956068882575E+00   -0.862722545674685648E-01
    0.144721977844116702E-02    0.331682062505225622E+04    0.480554393305574340E-01    0.124507168305490690E+00   -0.871588035371786418E-01
    0.144292402132188214E-02    0.331675990377873313E+04    0.435191942137694437E-01    0.125649070186390488E+00   -0.872107495795901855E-01
    0.151753948449926085E-02    0.331659239983621956E+04    0.562848964884008346E-01    0.124888079656354151E+00   -0.880487987455751409E-01
    0.168890481398355241E-02    0.331631175313604945E+04    0.582686794260346697E-01    0.124875854644868611E+00   -0.882501388768179851E-01
    0.182081724873255210E-02    0.331609467615285757E+04    0.522782051726155272E-01    0.125062284865869511E+00   -0.878008788484763159E-01
    0.190586815522673166E-02    0.331593670510373158E+04    0.570161381546372623E-01    0.124751561990409987E+00   -0.881058395039442388E-01
    0.211782608148116313E-02    0.331565913343704960E+04    0.402066326356530779E-01    0.125039406715727969E+00   -0.867557078117915381E-01
    0.269928703625194229E-02    0.331510727167400546E+04    0.414962685573675508E-01    0.125770289516762473E+00   -0.872126360998102257E-01
    0.309629883095102190E-02    0.331476616541693511E+04    0.392060399324374587E-01    0.125204602032731621E+00   -0.867941497691280262E-01
    0.427259941518004331E-02    0.331405546888694334E+04    0.531831036956907643E-01    0.125281109935542923E+00   -0.881628304145003483E-01
    0.417434037228156963E-02    0.331403533432667609E+04    0.524984517975584514E-01    0.124571248003104595E+00   -0.877737797882254256E-01
    0.441366432811633475E-02    0.331385716984663122E+04    0.462282592828052036E-01    0.125142951840917671E+00   -0.874624797926060182E-01
    0.437798947083916160E-02    0.331380673450749418E+04    0.448041114683341568E-01    0.125023845594774946E+00   -0.872897702444443979E-01
    0.423988802790119940E-02    0.331380417330822820E+04    0.586219373562928553E-01    0.124891592874702639E+00   -0.884999362443608106E-01
    0.442417154417067745E-02    0.331365241428377340E+04    0.419972041110706767E-01    0.124706962387474016E+00   -0.869459182286576038E-01
    0.456075479718218157E-02    0.331352493742460501E+04    0.423160660104478781E-01    0.126080330878201363E+00   -0.875865282490355668E-01
    0.444781253378077543E-02    0.331350842220923550E+04    0.468453258305837061E-01    0.124349033080734833E+00   -0.872508000188645383E-01
    0.471701593167433379E-02    0.331332422759872861E+04    0.530357933367397449E-01    0.124807068263806747E+00   -0.879766359187819091E-01
    0.546387538910793856E-02    0.331296359706324074E+04    0.453328418883756357E-01    0.126175954264993784E+00   -0.879997650181767455E-01
    0.667908240693266490E-02    0.331249528580122751E+04    0.418775292796913154E-01    0.124932291685683261E+00   -0.870982406163438583E-01
    0.751275245206260885E-02    0.331219337655519485E+04    0.411383927153248091E-01    0.125676679463882862E+00   -0.873692113665374137E-01
    0.751759974997754429E-02    0.331212541988600060E+04    0.396359200963143088E-01    0.126220170765190376E+00   -0.875191296151243137E-01
    0.789578294081394287E-02    0.331196058940501462E+04    0.549176514734065271E-01    0.124549901596477691E+00   -0.881433179611548212E-01
    0.853801603380345206E-02    0.331173752302978755E+04    0.446457915377110257E-01    0.124396659106340512E+00   -0.872109405962859796E-01
    0.861274269030448160E-02    0.331165342806608169E+04    0.504194812617362598E-01    0.124562238038826545E+00   -0.877708725541594958E-01
    0.876519354178573878E-02    0.331155166983031631E+04    0.383361491044867386E-01    0.126174283604078452E+00   -0.874119945207390003E-01
    0.946114536095773659E-02    0.331133219346266014E+04    0.480755090341666719E-01    0.125024276955340602E+00   -0.877786682899532877E-01
    0.104274111792196818E-01    0.331107103763742452E+04    0.427463303052325605E-01    0.125762899861641020E+00   -0.876594704836879401E-01
    0.101955544726135636E-01    0.331104934345045513E+04    0.388934692751151875E-01    0.125317394707849528E+00   -0.870927292113474749E-01
    0.989772473847055217E-02    0.331104197054966426E+04    0.464213509948645242E-01    0.125632634991558856E+00   -0.879500918546707311E-01
    0.971383498926155567E-02    0.331101281138189734E+04    0.440384107133207706E-01    0.125204722729486906E+00   -0.875141904684788585E-01
    0.958272649933011346E-02    0.331097332271946834E+04    0.442677400088354461E-01    0.124757308997882482E+00   -0.873572519110901169E-01
    0.998153728611167121E-02    0.331082510613203340E+04    0.512356751490992343E-01    0.125230581801019203E+00   -0.882188314640437454E-01
    0.968592239346394851E-02    0.331081856663223516E+04    0.499515899172598421E-01    0.124750301134075300E+00   -0.878705357659210762E-01
    0.998565126051573736E-02    0.331069094865173429E+04    0.434507703047166613E-01    0.124273716940027951E+00   -0.871506087372981852E-01
    0.972818475295664925E-02    0.331067652572848783E+04    0.424308461275542739E-01    0.124317805434754916E+00   -0.870800625363781222E-01
    0.974442269691946049E-02    0.331060652351515273E+04    0.403485573911363873E-01    0.125097750955817766E+00   -0.871691915861099176E-01
    0.979196485841385932E-02    0.331053012275507535E+04    0.463661310880621944E-01    0.124933129790180064E+00   -0.876467010227770515E-01
    0.957880491234508469E-02    0.331050747469030102E+04    0.573684727674998729E-01    0.124494330056786617E+00   -0.884584810462190063E-01
    0.949002131790549659E-02    0.331045943197770976E+04    0.550789908768443970E-01    0.124601114834657370E+00   -0.883005790553337278E-01
    0.918271253846863686E-02    0.331045860174003246E+04    0.407273360622158118E-01    0.124791470050316877E+00   -0.871014986302736105E-01
    0.892198704055004524E-02    0.331044954299396886E+04    0.586190899705592919E-01    0.124650505786891214E+00   -0.886554887956130244E-01
    0.881617817714765682E-02    0.331040673676993174E+04    0.435030913276356831E-01    0.125228967116766510E+00   -0.875237914417876794E-01
    0.857252795445818255E-02    0.331039612169639986E+04    0.493178945247657527E-01    0.124864009699732326E+00   -0.878955537016974375E-01
    0.831057750292440653E-02    0.331039152215954527E+04    0.554779874916013979E-01    0.124898729744303910E+00   -0.884885245838145096E-01
    0.844105572804321885E-02    0.331029369892156501E+04    0.470025042580566044E-01    0.125401689472283362E+00   -0.879450430953934159E-01
    0.835378736547314101E-02    0.331024781700352833E+04    0.408799186319601382E-01    0.125633872034438016E+00   -0.874815829188264615E-01
    0.836611788874020053E-02    0.331017820043366191E+04    0.528948432882468816E-01    0.124418938495416270E+00   -0.880475424612843227E-01
    0.829665220082221461E-02    0.331012820952738366E+04    0.425991530865489701E-01    0.125780561260566082E+00   -0.877334617322027555E-01
    0.853303705041073834E-02    0.331000535634587141E+04    0.431965689088047167E-01    0.125854193972260692E+00   -0.878439986114383231E-01
    0.854948400326438138E-02    0.330993483850105986E+04    0.427493776024567285E-01    0.125791701138452172E+00   -0.877705782161317671E-01
    0.830921337646120702E-02    0.330992518380662841E+04    0.481351254808706913E-01    0.124634556564867813E+00   -0.877304518822938917E-01
    0.812255751465390356E-02    0.330990395689010802E+04    0.436684106676254388E-01    0.124819442206663633E+00   -0.874091138918711152E-01
    0.828878490119921638E-02    0.330979677359359812E+04    0.506466751944894267E-01    0.124913471953620792E+00   -0.880886647268077638E-01
    0.827642933137739088E-02    0.330973309042522851E+04    0.423750940313716712E-01    0.126350133855376301E+00   -0.880940096921847271E-01
    0.808630709794997890E-02    0.330971290273005616E+04    0.447791382892346462E-01    0.124584391834329011E+00   -0.874343093145473205E-01
    0.784643782823461061E-02    0.330970646106439926E+04    0.458090222064742106E-01    0.124494489537988182E+00   -0.874920824049389978E-01
    0.786353437984757368E-02    0.330963544135162010E+04    0.459643697202553048E-01    0.125408883543057459E+00   -0.879035094877185230E-01
    0.763093593497122819E-02    0.330962882602317586E+04    0.400488218028786924E-01    0.126375601210594435E+00   -0.878748027397477927E-01
    0.773896937678287752E-02    0.330953404331576166E+04    0.444727627278528673E-01    0.125231808087193697E+00   -0.876842048194212964E-01
    0.783593519661279422E-02    0.330944247323547643E+04    0.419097292087272019E-01    0.124873025998728682E+00   -0.873097863776060024E-01
    0.793787637722833880E-02    0.330934995546759455E+04    0.459148091200168099E-01    0.124362352901880413E+00   -0.874827413684311495E-01
    0.793825441741478031E-02    0.330928319355349231E+04    0.468544765550767406E-01    0.125172306252631205E+00   -0.878989148955628963E-01
    0.792677123226965576E-02    0.330921942210739508E+04    0.464966351912208045E-01    0.124831965705953368E+00   -0.877185803590947444E-01
    0.780708272252446638E-02    0.330918318430294130E+04    0.453265786152040953E-01    0.125614125111110975E+00   -0.879891842548801151E-01
    0.800468567423485641E-02    0.330906652620332716E+04    0.555603209659749769E-01    0.124936673495202127E+00   -0.886279759039325654E-01
    0.781172892074607876E-02    0.330904866107156340E+04    0.528950404266518778E-01    0.124909603441219375E+00   -0.883592944555982029E-01
    0.866582150340507174E-02    0.330877447357747042E+04    0.425884499465540786E-01    0.124967769902453327E+00   -0.874578589291132857E-01
    0.867255381521800546E-02    0.330870625375209602E+04    0.631931135839222113E-01    0.124955482339420693E+00   -0.894371229064834239E-01
    0.881361507202927351E-02    0.330860731830939767E+04    0.403314465832863775E-01    0.125670127619023048E+00   -0.875813229511486213E-01
    0.934426720087150331E-02    0.330842372098566921E+04    0.439770478827253286E-01    0.124731720403439245E+00   -0.875157718436199161E-01
    0.907424037660837200E-02    0.330841570101914294E+04    0.444227024661564343E-01    0.125866882871657704E+00   -0.881115837873007735E-01
    0.880747698567203516E-02    0.330840871165927274E+04    0.430270440743828614E-01    0.125325251987737307E+00   -0.876834759909570494E-01
    0.866479011071107953E-02    0.330837471162854854E+04    0.451521918596754432E-01    0.124835118456539579E+00   -0.876647560670082981E-01
    0.839489475266426248E-02    0.330837133285523669E+04    0.415990979321393672E-01    0.125012757262932012E+00   -0.874185042604924689E-01
    0.819091437544985229E-02    0.330835386262168322E+04    0.404513295318506688E-01    0.126245788378959806E+00   -0.879453906877607494E-01
    0.797633794267850124E-02    0.330834028822557775E+04    0.477359196422410814E-01    0.125065170557114885E+00   -0.880066588288190843E-01
    0.774376413705577579E-02    0.330833280457832007E+04    0.424018297613852693E-01    0.125665664913920422E+00   -0.878020539105293096E-01
    0.750695041534756025E-02    0.330832825506876361E+04    0.399625572491163414E-01    0.126312510345432644E+00   -0.879398576693866119E-01
    0.726483768290752882E-02    0.330832715512012328E+04    0.411657836104939723E-01    0.125732633923826470E+00   -0.877178665735716123E-01
    0.707269861957573846E-02    0.330831409614800214E+04    0.431853255014415655E-01    0.125845842007200004E+00   -0.879825494850443590E-01
    0.726976754449653283E-02    0.330819246506283343E+04    0.475400926906859311E-01    0.124860325663091160E+00   -0.879061744030416037E-01
    0.705742690869389389E-02    0.330818508597989421E+04    0.428449407815110206E-01    0.124563363230073582E+00   -0.873744095244273211E-01
    0.713648452440625129E-02    0.330809613977917979E+04    0.665222449411575906E-01    0.124995826329031209E+00   -0.898746982903837477E-01
    0.717312320830159125E-02    0.330801923138831080E+04    0.586671434795811922E-01    0.124965167990360296E+00   -0.890417071792946047E-01
    0.727409470830600417E-02    0.330792460829580341E+04    0.409618332339556773E-01    0.126171428830650967E+00   -0.879886539673293555E-01
    0.731040084608377844E-02    0.330784798414719626E+04    0.439443303091446441E-01    0.125624043648195460E+00   -0.879712147856643867E-01
    0.715653421992232600E-02    0.330782386206308365E+04    0.608819780807090399E-01    0.124961158905518593E+00   -0.892816642181610831E-01
    0.699972214295107448E-02    0.330780150612018406E+04    0.479422888342713599E-01    0.124796894901304675E+00   -0.879460971740257946E-01
    0.684865818052245428E-02    0.330777847486826249E+04    0.420073007787783587E-01    0.124961508746646716E+00   -0.874801588146443265E-01
    0.671649879207151298E-02    0.330775077968430560E+04    0.432449171708872079E-01    0.125707324302978846E+00   -0.879568087568909363E-01
    0.676540372685791296E-02    0.330766960315177312E+04    0.433258577858850538E-01    0.124938662968156228E+00   -0.875978011672273738E-01
    0.657722850846775928E-02    0.330765935344775062E+04    0.389765407499462341E-01    0.126195504033298600E+00   -0.878220441475967561E-01
    0.661754382548191029E-02    0.330758046514013404E+04    0.401902040797470633E-01    0.125702126110146473E+00   -0.876687651245617872E-01
    0.663978614433632149E-02    0.330750708751740785E+04    0.383765058499304576E-01    0.125933125825739900E+00   -0.876216215495801976E-01
    0.647651714974672651E-02    0.330749021458436255E+04    0.412479846215600340E-01    0.125109491988223381E+00   -0.874951871800959680E-01
    0.655955535825068509E-02    0.330739806805584885E+04    0.388002762113786939E-01    0.125800356105964850E+00   -0.876005607416878718E-01
    0.637735973182773641E-02    0.330738773867585769E+04    0.430892616839238032E-01    0.124775237676117770E+00   -0.875330749111249418E-01
    0.623472395630674144E-02    0.330736631175251387E+04    0.403871232397679247E-01    0.125978161892245477E+00   -0.878598118838951336E-01
    0.618493225068682088E-02    0.330731568159170820E+04    0.473885734408047710E-01    0.124890968478574477E+00   -0.879756287206117094E-01
    0.605154692070093963E-02    0.330729261917152689E+04    0.450635088304669404E-01    0.124988743992804296E+00   -0.878071094808046126E-01
    0.600071182091029866E-02    0.330724282416430469E+04    0.445454530987763608E-01    0.125428082245362893E+00   -0.879748778869586801E-01
    0.581667271994416347E-02    0.330723845689434165E+04    0.446571361275129100E-01    0.125114805886045899E+00   -0.878310703451692376E-01
    0.564218416300272304E-02    0.330723270452201723E+04    0.469415153926661111E-01    0.125407185289249795E+00   -0.881981645308851370E-01
    0.559620445931418783E-02    0.330718240317667369E+04    0.397878372787024703E-01    0.125861705333067425E+00   -0.877487994366283885E-01
    0.549495824555508352E-02    0.330715225171725433E+04    0.464543127140535778E-01    0.124947432785782256E+00   -0.879279423453507292E-01
    0.532834776848524223E-02    0.330714716462304932E+04    0.395721879703808954E-01    0.125595159033410092E+00   -0.875901330666231104E-01
    0.527365194319174592E-02    0.330710113418050605E+04    0.422338701261555788E-01    0.126045891619940231E+00   -0.881131191475983400E-01
    0.520618004136094020E-02    0.330706022091683917E+04    0.436752179544186575E-01    0.125536291144914963E+00   -0.879630202662369243E-01
    0.507826038395064322E-02    0.330704330951131305E+04    0.390611389236419498E-01    0.125920918013515404E+00   -0.877215822518966348E-01
    0.504847325863205017E-02    0.330698840861721510E+04    0.444730847890788539E-01    0.124804963973178501E+00   -0.876990314380670100E-01
    0.498763129719957416E-02    0.330694599148141242E+04    0.408560037508140517E-01    0.126117241185213669E+00   -0.880292605642267745E-01
    0.487377980666975526E-02    0.330692550747488531E+04    0.404827194439624088E-01    0.126157187798183246E+00   -0.880177380870357240E-01
    0.472832582792402038E-02    0.330691943797779459E+04    0.420676015409552490E-01    0.125772194598001624E+00   -0.879470503065427067E-01
    0.460842285921977783E-02    0.330690414232464354E+04    0.388795163815250783E-01    0.125680071672963245E+00   -0.875864220759954293E-01
    0.453186661263701562E-02    0.330687097920820452E+04    0.462908311006614837E-01    0.125326687668323777E+00   -0.881214660175828612E-01
    0.447861369910485321E-02    0.330682795324957260E+04    0.414828470600152183E-01    0.125480195811861733E+00   -0.877411948512261120E-01
    0.437587080279014991E-02    0.330680770261437465E+04    0.393463424446794940E-01    0.125792752925919266E+00   -0.876988686245638860E-01
    0.427079283127110906E-02    0.330678964805943906E+04    0.472690295269115254E-01    0.124979252434515867E+00   -0.880474940089168712E-01
    0.418404938571397250E-02    0.330676402130200040E+04    0.402109596313807854E-01    0.125432967434871562E+00   -0.876025220219140976E-01
    0.408098025761462983E-02    0.330674723925810213E+04    0.430148724747465433E-01    0.125719130870822510E+00   -0.880258502040796031E-01
    0.416680443646985470E-02    0.330663894818929839E+04    0.457536773922722836E-01    0.125338112428006576E+00   -0.880947406658396659E-01
    0.407261849465662910E-02    0.330661800804759514E+04    0.453502177882606217E-01    0.125450861078923948E+00   -0.881176872173075054E-01
    0.396340150604898578E-02    0.330660570845017719E+04    0.403067308348715320E-01    0.126033557161722098E+00   -0.879503964973888941E-01
    0.384817523366255427E-02    0.330659804888767030E+04    0.405479948139004301E-01    0.125471220769487496E+00   -0.876663669299500015E-01
    0.383821673282023134E-02    0.330653656462984145E+04    0.452151618158800200E-01    0.125391181701506760E+00   -0.880791111720906628E-01
    0.374336495203501582E-02    0.330651994384222417E+04    0.449702502467447321E-01    0.125370405221925385E+00   -0.880457305453958838E-01
    0.364771152224659763E-02    0.330650504704748346E+04    0.467273035946899618E-01    0.124904072900043961E+00   -0.879851715086861219E-01
    0.352891485049342283E-02    0.330650459953053723E+04    0.445319186630433739E-01    0.125633015947356430E+00   -0.881485775714523356E-01
    0.341762571916381149E-02    0.330650202154401813E+04    0.431894499544015348E-01    0.125662401067502677E+00   -0.880317710580627022E-01
    0.336576294611567539E-02    0.330646593769439460E+04    0.458338532640920476E-01    0.125227625569909046E+00   -0.880596323604247999E-01
    0.325676092031351857E-02    0.330646511412487962E+04    0.394868742380380042E-01    0.125485055818634311E+00   -0.875832834613703426E-01
    0.317200888120259443E-02    0.330645118348837059E+04    0.397416314063904486E-01    0.126015853809061801E+00   -0.878954694580560414E-01
    0.308524265694753996E-02    0.330643998640639620E+04    0.396579458793645881E-01    0.126069893524180743E+00   -0.879205845382671214E-01
    0.302704538138144890E-02    0.330641140631807502E+04    0.438972216702973456E-01    0.125813010358094363E+00   -0.881994069259661728E-01
    0.293726592737335529E-02    0.330640495531166380E+04    0.415252230445403853E-01    0.125691006136080308E+00   -0.878912318239084556E-01
    0.285218241713483533E-02    0.330639707810572327E+04    0.403346422907605584E-01    0.125287100619183273E+00   -0.875753872834401648E-01
    0.276261090849353862E-02    0.330639422793450649E+04    0.419842060058539593E-01    0.125516399108730137E+00   -0.878435068315361889E-01
    0.269778062557528503E-02    0.330637505480673099E+04    0.402838763536848971E-01    0.125538745934145574E+00   -0.876929063319646929E-01
    0.261045005221860601E-02    0.330637420174845101E+04    0.414425791011032024E-01    0.125222413248352427E+00   -0.876506366505562795E-01
    0.252671038094475072E-02    0.330637274393832013E+04    0.405769354430804557E-01    0.125929162722977855E+00   -0.879352666453954157E-01
    0.249312617009822719E-02    0.330633283886964273E+04    0.404743709581628641E-01    0.125635209649648832E+00   -0.877643956694669214E-01
    0.243412078793830847E-02    0.330631407579175720E+04    0.421079412109608003E-01    0.125537040171765951E+00   -0.878729169209755412E-01
    0.239032330926515274E-02    0.330628372309704901E+04    0.393604132665955481E-01    0.125686368844619839E+00   -0.876871514694208543E-01
    0.237201715251183793E-02    0.330623243227095008E+04    0.385604353309940903E-01    0.125898339452912039E+00   -0.877275363193597002E-01
    0.230816161829732521E-02    0.330622034428608458E+04    0.400937938067545269E-01    0.125561197535333985E+00   -0.876986744118255501E-01
    0.256781850120316787E-02    0.330600676325988024E+04    0.424706086285653456E-01    0.125635544063158938E+00   -0.879873606007599562E-01
    0.284449600475278428E-02    0.330580210487102522E+04    0.426083849714309765E-01    0.125354988569616299E+00   -0.878698316517123601E-01
    0.256327478512927490E-02    0.330601030536446342E+04    0.443979587929030431E-01    0.125432634138445548E+00   -0.880655788227198144E-01
    0.267736627640660294E-02    0.330592320951505644E+04    0.443910328139896990E-01    0.125445286681700741E+00   -0.880789917369710906E-01
    0.283506423169818840E-02    0.330580874748512360E+04    0.439676617231652966E-01    0.125566261871863760E+00   -0.881135686189100653E-01
    0.262084047434262522E-02    0.330596588655620872E+04    0.432969280852316188E-01    0.125496701139695938E+00   -0.879961861536777690E-01
    0.239012121385868102E-02    0.330615018850883098E+04    0.441769320567486010E-01    0.125559043987291064E+00   -0.881013544368798307E-01
    0.284032595328039374E-02    0.330580503903659883E+04    0.455203618500730350E-01    0.125280798361084078E+00   -0.881113768362702388E-01
    0.241192198232366819E-02    0.330613202880692734E+04    0.455693130672090996E-01    0.125410224500446532E+00   -0.881578304551666747E-01
    0.265845203285106860E-02    0.330593738865061277E+04    0.446946755417332933E-01    0.125514394929315681E+00   -0.881456163947955673E-01
    0.253475688093470278E-02    0.330603268121736255E+04    0.441637826872421160E-01    0.125348281103028258E+00   -0.879966635933051577E-01
    0.285217862473335828E-02    0.330579671040836911E+04    0.460752011815481616E-01    0.125296848607374167E+00   -0.881742593485626003E-01
    0.280644428828101230E-02    0.330582904006385070E+04    0.412875150214928807E-01    0.125461281611347536E+00   -0.877946672638874048E-01
    0.252143852995316683E-02    0.330604321750459167E+04    0.413413204225344527E-01    0.125597273356362116E+00   -0.878526999788906693E-01
    0.262427605454580324E-02    0.330596326653381220E+04    0.406593417992288791E-01    0.125759413142284310E+00   -0.878807524838514098E-01
    0.253993188427677815E-02    0.330602860214542306E+04    0.399109318170681737E-01    0.125710654169788549E+00   -0.877748332443584189E-01
    0.272520471940173670E-02    0.330588778956897841E+04    0.409871985403426620E-01    0.125410627116777529E+00   -0.877359918234894565E-01
    0.285678095057670519E-02    0.330579348577398196E+04    0.400373615136265099E-01    0.125724607898840296E+00   -0.878144049210813904E-01
    0.258359714543158342E-02    0.330599451133174625E+04    0.394407083315489251E-01    0.125352706711980288E+00   -0.875542577401180466E-01
    0.259145778927219418E-02    0.330598843553159713E+04    0.394975268049973724E-01    0.125609069862304940E+00   -0.876847148402717380E-01
    0.233354380153986051E-02    0.330619810055837843E+04    0.393224318467270892E-01    0.125745252967836424E+00   -0.877217191974732913E-01
    0.279404219926137915E-02    0.330583789794383665E+04    0.391277653842467960E-01    0.125680244161286730E+00   -0.876981726890448954E-01
    0.245655760622266349E-02    0.330609535462657732E+04    0.398684308171634860E-01    0.125853039136555905E+00   -0.878436842480745383E-01
    0.249622127945157632E-02    0.330606332047192882E+04    0.409725820088249065E-01    0.125359004768019811E+00   -0.876953772301476420E-01
    0.252221636724134311E-02    0.330604260062075628E+04    0.395568612059417624E-01    0.125577991012895573E+00   -0.876701753540540807E-01
    0.297442404243770421E-02    0.330571277583018855E+04    0.397002575954319356E-01    0.125725275009877735E+00   -0.877883942792738736E-01
    0.278443909503597181E-02    0.330584478377042979E+04    0.400480243039492978E-01    0.125317584247898711E+00   -0.876066608276655501E-01
    0.295157344512220416E-02    0.330572819987356161E+04    0.412178208081823080E-01    0.125532796378333644E+00   -0.878328920006463676E-01
    0.233607630649679569E-02    0.330619593121256730E+04    0.409093271804075453E-01    0.125639228077375098E+00   -0.878202283444231568E-01
    0.291099577040301828E-02    0.330575588624875309E+04    0.404753684487485360E-01    0.125769646147302683E+00   -0.878857200502132230E-01
