    0.765657305717468262E+01    0.709409594535827637E+01    0.847611784934997559E+01   -0.493391752243041992E-01   -0.124926580651322648E+09   -0.340101220333519727E+01    1
    0.193605029582977295E+02    0.146533846855163574E+01    0.518945455551147461E+00   -0.334845066070556641E+00   -0.268232387429554947E+06   -0.343434553666853093E+01    1
    0.161909127235412598E+02    0.538785755634307861E+01   -0.961917877197265625E+01   -0.761202692985534668E+00   -0.147175829537545680E+06   -0.346767887000186459E+01    1
    0.151829385757446289E+02    0.249900698661804199E+01   -0.925759673118591309E+01    0.980376720428466797E+00   -0.139336965784923494E+06   -0.350101220333519692E+01    1
    0.104182767868041992E+02    0.493582487106323242E+00   -0.831184506416320801E+01    0.168296694755554199E+00   -0.118563202969830018E+06   -0.353434553666853013E+01    1
    0.195040059089660645E+02    0.979604363441467285E+01   -0.731950521469116211E+01    0.499788641929626465E+00   -0.116305674542586508E+06   -0.356767887000186423E+01    1
    0.172131896018981934E+02    0.131144165992736816E+01   -0.728502154350280762E+01    0.250645995140075684E+00   -0.109548196215442280E+06   -0.360101220333519745E+01    1
    0.111236345767974854E+02    0.538196742534637451E+01   -0.636235356330871582E+01   -0.566164374351501465E+00   -0.980139790338778403E+05   -0.363434553666853066E+01    1
    0.723229408264160156E+01    0.444433212280273438E+01   -0.653244853019714355E+01    0.200878024101257324E+00   -0.972114917295659397E+05   -0.366767887000186432E+01    1
    0.142412912845611572E+02    0.873088955879211426E+01   -0.596082448959350586E+01   -0.410071372985839844E+00   -0.948279653740378271E+05   -0.370101220333519754E+01    1
    0.464079618453979492E+01    0.119879782199859619E+01   -0.667562484741210938E+01    0.873563289642333984E+00   -0.920725108777235146E+05   -0.373434553666852986E+01    1
    0.286470055580139160E+01    0.959006309509277344E+01   -0.625072479248046875E+01    0.692774534225463867E+00   -0.883185409592807991E+05   -0.376767887000186352E+01    1
    0.558409452438354492E+01    0.147802829742431641E+00   -0.672131538391113281E+01    0.552974581718444824E+00   -0.882628273112283350E+05   -0.380101220333519718E+01    1
    0.119122028350830078E+02    0.210787832736968994E+01   -0.573879718780517578E+01    0.314400911331176758E+00   -0.868063551926187793E+05   -0.383434553666853084E+01    1
    0.122913610935211182E+02    0.515764892101287842E+01   -0.488023400306701660E+01    0.128437042236328125E+00   -0.771783176150624058E+05   -0.386767887000186361E+01    1
    0.398450136184692383E+01    0.722294509410858154E+01   -0.498670101165771484E+01    0.580053091049194336E+00   -0.736797194515559095E+05   -0.390101220333519683E+01    1
    0.152718424797058105E+01    0.721290111541748047E+00   -0.527688503265380859E+01   -0.568539023399353027E+00   -0.639592188407501671E+05   -0.393434553666853137E+01    1
    0.690333843231201172E+01    0.752060413360595703E+00   -0.237067103385925293E+01    0.908409118652343750E+00   -0.344814134227493778E+05   -0.396767887000186414E+01    1
    0.461348176002502441E+01    0.532122075557708740E+01   -0.197723507881164551E+01   -0.681133389472961426E+00   -0.336605684977123674E+05   -0.400101220333519692E+01    1
    0.195441246032714844E+02    0.874193608760833740E+01   -0.170029401779174805E+01    0.292347431182861328E+00   -0.336471266994287216E+05   -0.403434553666852835E+01    1
    0.101041018962860107E+02    0.421425879001617432E+01   -0.154362559318542480E+01    0.436864018440246582E+00   -0.285328591202095486E+05   -0.406767887000186334E+01    1
    0.878541111946105957E+01    0.564177513122558594E+01   -0.138458490371704102E+01   -0.799985051155090332E+00   -0.269218209931181991E+05   -0.410101220333519656E+01    1
    0.776487588882446289E+00    0.389568090438842773E+01   -0.186166644096374512E+01    0.218574643135070801E+00   -0.267020653179642832E+05   -0.413434553666853066E+01    1
    0.600504875183105469E+00    0.539520144462585449E+01   -0.168462634086608887E+01    0.950404644012451172E+00   -0.251601566306958048E+05   -0.416767887000186299E+01    1
    0.807200670242309570E+00    0.541300833225250244E+01   -0.149347186088562012E+01   -0.144031047821044922E-01   -0.237003626798554542E+05   -0.420101220333519709E+01    1
    0.123033046722412109E+01    0.968900561332702637E+01   -0.104336857795715332E+01   -0.333477616310119629E+00   -0.210175260223350524E+05   -0.423434553666853031E+01    1
    0.301339387893676758E+01    0.690524816513061523E+01   -0.367027521133422852E+00    0.102216958999633789E+00   -0.127612506167793490E+05   -0.426767887000186441E+01    1
    0.140134644508361816E+02    0.985211730003356934E+00   -0.672926902770996094E+00    0.261531829833984375E+00   -0.123174354471077768E+05   -0.430101220333519496E+01    1
    0.821600437164306641E+01    0.540477335453033447E+01   -0.169506072998046875E+00   -0.368262529373168945E-01   -0.974383993968142022E+04   -0.433434553666852906E+01    1
    0.143276798725128174E+02    0.295776307582855225E+01   -0.472664833068847656E-02    0.171904563903808594E+00   -0.593849373051596012E+04   -0.436767887000186317E+01    1
    0.120950961112976074E+02    0.593740046024322510E+01    0.154248476028442383E+00   -0.652468681335449219E+00   -0.469468451126812670E+04   -0.440101220333519549E+01    1
    0.119583642482757568E+02    0.302845656871795654E+01    0.287159681320190430E+00    0.917822003364562988E+00   -0.411542974246517588E+04   -0.443434553666852871E+01    1
    0.155765259265899658E+02    0.958236694335937500E+01    0.511602163314819336E+00   -0.733008146286010742E+00   -0.341108464671016145E+04   -0.446767887000186370E+01    1
    0.112395882606506348E+02    0.363376736640930176E+00    0.241041183471679688E-01    0.895663857460021973E+00   -0.328205506948093944E+04   -0.450101220333519869E+01    1
    0.172618472576141357E+02    0.124513685703277588E+01    0.432675600051879883E+01    0.976502418518066406E+00   -0.268966976123438826E+04   -0.453434553666853013E+01    1
    0.140606677532196045E+02    0.287537515163421631E+01    0.858129382133483887E+01    0.969635367393493652E+00   -0.267081276867209181E+04   -0.456767887000186246E+01    1
    0.982173323631286621E+01    0.185447096824645996E+01    0.436325669288635254E+01   -0.979746699333190918E+00   -0.238244559788217475E+04   -0.460101220333519567E+01    1
    0.199869287014007568E+02    0.775866329669952393E+01    0.829009056091308594E+01   -0.932133436203002930E+00   -0.223354385696093050E+04   -0.463434553666852889E+01    1
    0.460750102996826172E+01    0.830956637859344482E+01    0.898269295692443848E+01   -0.891925096511840820E+00   -0.210140250129160768E+04   -0.466767887000186210E+01    1
    0.548100829124450684E+01    0.637542605400085449E+00    0.636280417442321777E+01    0.745072603225708008E+00   -0.197322816078382766E+04   -0.470101220333519709E+01    1
    0.452236652374267578E+01    0.431427001953125000E+01    0.800160765647888184E+01   -0.849820494651794434E+00   -0.195611202246744961E+04   -0.473434553666853031E+01    1
    0.166614055633544922E+02    0.823276996612548828E+01    0.690189480781555176E+01    0.727476358413696289E+00   -0.191057172778532822E+04   -0.476767887000186263E+01    1
    0.582188844680786133E+01    0.171450078487396240E+01    0.905401706695556641E+01    0.700343847274780273E+00   -0.181116283115119427E+04   -0.480101220333519674E+01    1
    0.104200839996337891E+00    0.550274848937988281E+01    0.145005464553833008E+01    0.627521157264709473E+00   -0.180156570490950025E+04   -0.483434553666853084E+01    1
    0.132783293724060059E+02    0.241339921951293945E+01    0.922192096710205078E+01    0.672517538070678711E+00   -0.170546242614531070E+04   -0.486767887000186406E+01    1
    0.135871624946594238E+02    0.471381068229675293E+01    0.257328867912292480E+01   -0.764538288116455078E+00   -0.163307876461558794E+04   -0.490101220333519638E+01    1
    0.185524952411651611E+02    0.758493721485137939E+01    0.362785458564758301E+01   -0.760366320610046387E+00   -0.161988687914183947E+04   -0.493434553666853049E+01    1
    0.173103499412536621E+02    0.197482228279113770E+01    0.484096050262451172E+01    0.644497394561767578E+00   -0.159490159509540763E+04   -0.496767887000186192E+01    1
    0.830600023269653320E+01    0.249661743640899658E+01    0.169410705566406250E+00   -0.431571841239929199E+00   -0.151455535683181756E+04   -0.500101220333519514E+01    1
    0.178624951839447021E+02    0.476374685764312744E+01    0.714816093444824219E+01   -0.731308221817016602E+00   -0.150219472018019655E+04   -0.503434553666852924E+01    1
    0.114507365226745605E+02    0.467016994953155518E+01    0.441903591156005859E+01    0.611998438835144043E+00   -0.146106617412120681E+04   -0.506767887000186334E+01    1
    0.103314471244812012E+02    0.409236550331115723E+01    0.782322645187377930E+01    0.572477340698242188E+00   -0.128922966273629117E+04   -0.510101220333519745E+01    1
    0.245206356048583984E+00    0.929641962051391602E+01    0.510939598083496094E+01   -0.669485211372375488E+00   -0.123312828591112748E+04   -0.513434553666853066E+01    1
    0.945057988166809082E+01    0.757108330726623535E+00    0.460824489593505859E+01   -0.650965332984924316E+00   -0.114744464931786956E+04   -0.516767887000186299E+01    1
    0.140469193458557129E+02    0.618649780750274658E+01    0.871678709983825684E+01   -0.648639559745788574E+00   -0.113649737074381869E+04   -0.520101220333519798E+01    1
    0.186204695701599121E+02    0.538423001766204834E+01    0.560279965400695801E+01   -0.641438961029052734E+00   -0.110230855132543138E+04   -0.523434553666853031E+01    1
    0.114387714862823486E+02    0.689776778221130371E+01    0.867435693740844727E+01    0.527314066886901855E+00   -0.107929984357432795E+04   -0.526767887000186175E+01    1
    0.649597167968750000E+01    0.900939285755157471E+01    0.928520202636718750E+01    0.513587236404418945E+00   -0.101229788781033960E+04   -0.530101220333519674E+01    1
    0.134850573539733887E+02    0.152804255485534668E+01    0.770863175392150879E+01   -0.582354426383972168E+00   -0.805263539383535203E+03   -0.533434553666853084E+01    1
    0.170284438133239746E+02    0.272051692008972168E+01    0.377495884895324707E+01    0.464234590530395508E+00   -0.757603476191012192E+03   -0.536767887000186228E+01    1
    0.343243598937988281E+01    0.869550108909606934E+00    0.985469937324523926E+01    0.452186822891235352E+00   -0.691643342137958030E+03   -0.540101220333519727E+01    1
    0.195316147804260254E+02    0.991968512535095215E+00    0.936505794525146484E+01    0.442531466484069824E+00   -0.637766081244983638E+03   -0.543434553666853226E+01    1
    0.138090837001800537E+02    0.836985528469085693E+01    0.471300601959228516E+01   -0.549607038497924805E+00   -0.626285575837749434E+03   -0.546767887000186459E+01    1
    0.425763249397277832E+01    0.896714270114898682E+01    0.851360559463500977E+01    0.423487544059753418E+00   -0.528419569329921956E+03   -0.550101220333519603E+01    1
    0.401703238487243652E+01    0.760024309158325195E+01    0.863051414489746094E+00    0.194234132766723633E+00   -0.231691894537168167E+03   -0.553434553666853102E+01    1
    0.108372390270233154E+02    0.699289143085479736E+01    0.851379632949829102E+01    0.336093664169311523E+00    0.352690941371727220E+02   -0.556767887000186423E+01    1
    0.199018645286560059E+02    0.824058830738067627E+01    0.705601215362548828E+01    0.318788886070251465E+00    0.161381729994355055E+03   -0.560101220333519656E+01    1
    0.152933835983276367E+01    0.660984456539154053E+01    0.545303225517272949E+01    0.316348671913146973E+00    0.179598398306540048E+03   -0.563434553666853066E+01    1
    0.311814308166503906E+01    0.413751900196075439E+01    0.372209072113037109E+01   -0.417945623397827148E+00    0.231330105212354908E+03   -0.566767887000186210E+01    1
    0.502223014831542969E+01    0.793815672397613525E+01    0.316863894462585449E+01   -0.412968158721923828E+00    0.272212923784959230E+03   -0.570101220333519709E+01    1
    0.214291453361511230E+01    0.287743747234344482E+01    0.551493167877197266E+00    0.313485860824584961E-01    0.345724485969149782E+03   -0.573434553666853208E+01    1
    0.800808990696078205E+01    0.931805773024739459E+01    0.606852876976452649E+01    0.293385582702277770E+00    0.357178332898368581E+03   -0.576767887000186175E+01    1
    0.655273795127868652E+01    0.963416159152984619E+01    0.246404767036437988E+01    0.279226064682006836E+00    0.453685176323861469E+03   -0.580101220333519674E+01    1
    0.581570148468017578E+01    0.587121963500976562E+01    0.884013533592224121E+01   -0.387405514717102051E+00    0.471071508301917390E+03   -0.583434553666853084E+01    1
    0.106934189796447754E+01    0.195896029472351074E+00    0.520004272460937500E+01    0.278342366218566895E+00    0.479754252300211874E+03   -0.586767887000186494E+01    1
    0.115960669517517090E+02    0.620626509189605713E+01    0.899438977241516113E+01    0.259374499320983887E+00    0.642145898325744042E+03   -0.590101220333519905E+01    1
    0.149485677473472371E+02    0.653020934707470779E+01    0.276637228257270884E+01    0.256945292301068662E+00    0.658633026360838130E+03   -0.593434553666853049E+01    1
    0.103356611728668213E+02    0.488225698471069336E+01    0.177136778831481934E+01   -0.354280591011047363E+00    0.690601560678827013E+03   -0.596767887000186370E+01    1
    0.457355737686157227E+01    0.429266452789306641E+01    0.515946865081787109E+01    0.252888798713684082E+00    0.699821322627211771E+03   -0.600101220333519692E+01    1
    0.114596962928771973E+01    0.414190948009490967E+01    0.616324186325073242E+01   -0.357278823852539062E+00    0.728550541814289431E+03   -0.603434553666853013E+01    1
    0.576776504516601562E+01    0.793576538562774658E+01    0.970455527305603027E+01   -0.345652461051940918E+00    0.833965934316738185E+03   -0.606767887000186334E+01    1
    0.715530037879943848E+01    0.917285263538360596E+01    0.962880492210388184E+01   -0.341802120208740234E+00    0.869674726568602182E+03   -0.610101220333519567E+01    1
    0.206087406093695868E+01    0.407342497142530391E+01    0.678925055239210451E+01   -0.341190896766705554E+00    0.875381302990222366E+03   -0.613434553666852977E+01    1
    0.148065817356109619E+02    0.426719725131988525E+01    0.936826348304748535E+01   -0.324475884437561035E+00    0.103550596904914232E+04   -0.616767887000186565E+01    1
    0.901088476181030273E+01    0.915754616260528564E+01    0.343175172805786133E+01    0.215749144554138184E+00    0.105269936546223130E+04   -0.620101220333519709E+01    1
    0.872829002735669945E+01    0.158635011356811018E+01    0.151275700247674649E+01    0.211580477844898418E+00    0.105322582665189520E+04   -0.623434553666852942E+01    1
    0.896362149779647566E+00    0.926523728877967123E+01    0.152136280036288163E+01    0.158022601765767767E+00    0.115784592862848513E+04   -0.626767887000186263E+01    1
    0.141871993756992296E+02    0.584671858834520464E+01    0.277387341017861289E+01    0.197521801801189945E+00    0.124077613517737245E+04   -0.630101220333519585E+01    1
    0.558836460113525391E+01    0.389614045619964600E+01    0.797879695892333984E+00    0.933651924133300781E-01    0.124214602617976334E+04   -0.633434553666852995E+01    1
    0.102338576316833496E+02    0.716496467590332031E+01    0.587377548217773438E+01    0.190298914909362793E+00    0.132521112615078914E+04   -0.636767887000186406E+01    1
    0.797326207160949707E+01    0.460198760032653809E+01    0.256572723388671875E+01   -0.281424999237060547E+00    0.148497137040948746E+04   -0.640101220333519727E+01    1
    0.111240919717579949E+02    0.479752316118693667E+01    0.619685926496292083E+01   -0.277177569862024020E+00    0.153447399316611973E+04   -0.643434553666853137E+01    1
    0.150487208366394043E+02    0.400841653347015381E+01    0.965460658073425293E+01    0.170797586441040039E+00    0.155116284841231277E+04   -0.646767887000186636E+01    1
    0.110518074035644531E+02    0.560705840587615967E+01    0.346350669860839844E+01    0.167147397994995117E+00    0.159443722249292023E+04   -0.650101220333519869E+01    1
    0.115473794937133789E+02    0.247065603733062744E+01    0.568200111389160156E+01   -0.166504383087158203E+00    0.162052498599040064E+04   -0.653434553666853191E+01    1
    0.124391666328440653E+02    0.742055404622284520E+01    0.556623737149680942E+01   -0.263595218164343836E+00    0.169051086578140348E+04   -0.656767887000186334E+01    1
    0.583769981708538221E+01    0.557458367558005019E+01    0.559937411376982297E+01    0.154567389509309372E+00    0.175345601670478050E+04   -0.660101220333519567E+01    1
    0.787135549821481728E+01    0.457473377329677700E+01    0.117151156764291642E+01    0.123304225728577910E+00    0.175860312091189553E+04   -0.663434553666853066E+01    1
    0.809607863426208496E+01    0.946516156196594238E+01    0.230843186378479004E+01    0.151260733604431152E+00    0.176282613940763054E+04   -0.666767887000186388E+01    1
    0.204131722450256348E+01    0.255113601684570312E+01    0.530570626258850098E+01   -0.251590013504028320E+00    0.183249637706223416E+04   -0.670101220333519709E+01    1
    0.264714929649646180E+01    0.231185963324818688E+01    0.294154501700682047E+01    0.145197561892927984E+00    0.187424768291632267E+04   -0.673434553666853208E+01    1
    0.108928453922271729E+02    0.899363577365875244E+01    0.373069047927856445E+01    0.140590310096740723E+00    0.193862847251295284E+04   -0.676767887000186530E+01    1
    0.133031296730041504E+02    0.650684654712677002E+01    0.389954328536987305E+01   -0.172743678092956543E+00    0.194337313389760084E+04   -0.680101220333519674E+01    1
    0.159938955307006836E+02    0.789010703563690186E+01    0.679847955703735352E+01   -0.236587524414062500E+00    0.201317461803004880E+04   -0.683434553666852995E+01    1
    0.177251740650770948E+02    0.827746966054315081E+01    0.498269364012134375E+01    0.130305560908311024E+00    0.208427273808065911E+04   -0.686767887000186406E+01    1
    0.357557140531658169E+01    0.861033602559395916E+01    0.139256992780828526E+01   -0.204476481153703649E-01    0.208710955789804484E+04   -0.690101220333519727E+01    1
    0.226475041287031376E+01    0.282863373254801509E+01    0.643401918767511916E+01    0.129665775640719794E+00    0.209355617714305845E+04   -0.693434553666853049E+01    1
    0.627844352488889701E+01    0.821540891481987501E+01    0.988960071934766205E+01    0.129462776626084075E+00    0.209649592681103377E+04   -0.696767887000186459E+01    1
    0.513716459274291992E+01    0.945190429687500000E+01    0.119382500648498535E+01    0.623599290847778320E-01    0.226789843787440986E+04   -0.700101220333519780E+01    1
    0.124962481864870263E+02    0.502942930239732888E+01    0.420773265486222670E+01   -0.177101484083444949E+00    0.228676138041667900E+04   -0.703434553666853102E+01    1
    0.103465656846594189E+02    0.443323769971820969E+01    0.604133950728073899E+01   -0.210289821240588481E+00    0.231618343212764921E+04   -0.706767887000186512E+01    1
    0.110214542341922606E+01    0.209008057518064305E+01    0.476964393721832991E+01    0.114085356507382052E+00    0.232782386425084678E+04   -0.710101220333519745E+01    1
    0.197263656192710251E+02    0.598846953601950194E+01    0.313548531791247420E+01    0.110077070236619168E+00    0.238898223430224425E+04   -0.713434553666853066E+01    1
    0.532043948167851610E+01    0.594326690054040707E+01    0.441464619951094583E+01   -0.197782879986200810E+00    0.241734893130523915E+04   -0.716767887000186477E+01    1
    0.774681564556941904E+01    0.325665798434940346E+01    0.271486988854223199E+01    0.108123700122434441E+00    0.241802518122701895E+04   -0.720101220333519887E+01    1
    0.157629477192712582E+02    0.574718569122908463E+01    0.642068449066164959E+01   -0.181624834818305159E+00    0.241807103237140109E+04   -0.723434553666853208E+01    1
    0.143893165930947369E+02    0.488560081087846321E+01    0.555818341549372619E+01    0.105264296736759633E+00    0.246903689006466539E+04   -0.726767887000186530E+01    1
    0.566384685018542111E+01    0.227541308198947023E+01    0.669926114635571679E+01    0.102497411425646945E+00    0.251470095506761072E+04   -0.730101220333519763E+01    1
    0.996828750508337258E+01    0.210442934792511860E+01    0.416773365483807723E+01    0.101711645634075420E+00    0.252771124343654583E+04   -0.733434553666852995E+01    1
    0.305232575691252572E+01    0.944880075820338305E+01    0.411020561006185758E+01    0.101298165527910378E+00    0.253402754905917391E+04   -0.736767887000186406E+01    1
    0.115341627597808838E+02    0.954547882080078125E+01    0.856416344642639160E+01    0.100867986679077148E+00    0.254190945143125919E+04   -0.740101220333519549E+01    1
    0.163894152677609348E+02    0.787904852989100757E+01    0.481635724705218848E+01    0.100450449457395896E+00    0.254886136690903459E+04   -0.743434553666852960E+01    1
    0.102140319110954376E+02    0.614129810429422562E+01    0.477103739458323162E+01    0.100426379834468449E+00    0.254926617229682051E+04   -0.746767887000186281E+01    1
    0.199310877319709401E+01    0.343750516006081952E+01    0.471050978160622513E+01   -0.185267909276414233E-01    0.266297938257204805E+04   -0.750101220333519603E+01    1
    0.846175242079401180E+01    0.764458888132060199E+01    0.743280837317989196E+01    0.903950043976946560E-01    0.272272899184437938E+04   -0.753434553666853013E+01    1
    0.165071977659889733E+02    0.901672168147492314E+01    0.657786584478221314E+01    0.897876271514772561E-01    0.273354268388714036E+04   -0.756767887000186423E+01    1
    0.833459784318500674E+01    0.543133077085695426E+01    0.354647501288589595E+01    0.823768356477720953E-01    0.286761875012512792E+04   -0.760101220333519745E+01    1
    0.797085210569825620E+01    0.833359290468385261E+01    0.802811348461936092E+01    0.821600700437650211E-01    0.287260194820871811E+04   -0.763434553666853066E+01    1
    0.120334184169769287E+02    0.923211872577667236E+01    0.678110718727111816E+01    0.807247161865234375E-01    0.289946072367099441E+04   -0.766767887000186299E+01    1
    0.428818753063202696E+01    0.605330253853504008E+01    0.957658388863177379E+01    0.803837530214670526E-01    0.290587514012354268E+04   -0.770101220333519709E+01    1
    0.136434591526552769E+02    0.689374317586589846E+01    0.666158489375826335E+01    0.790665792348461682E-01    0.293077080613208955E+04   -0.773434553666853120E+01    1
    0.414131691732816609E+01    0.804293925235640828E+01    0.567534898863689818E+01    0.773566864325283543E-01    0.296336539405431085E+04   -0.776767887000186441E+01    1
    0.868098315635035078E+01    0.877281752613649424E+01    0.861280288598971211E+01    0.754341377636031929E-01    0.300043684184385938E+04   -0.780101220333519851E+01    1
    0.346448894546224206E+01    0.697687466851823590E+01    0.963134598414579557E+01    0.742638225916458783E-01    0.302320207952706414E+04   -0.783434553666853173E+01    1
    0.949230125499045663E+01    0.522141491181117701E+01    0.579716961575472034E+01    0.724118965817242000E-01    0.305954615978010270E+04   -0.786767887000186494E+01    1
    0.207340747134074199E+01    0.490759742178801162E+01    0.828811479101583259E+01    0.708863404044799417E-01    0.308979610964515541E+04   -0.790101220333519638E+01    1
    0.166447183755973738E+01    0.697696939689962115E+01    0.501205383861774578E+01    0.682927483060207230E-01    0.314177224999903547E+04   -0.793434553666853137E+01    1
    0.964747786521911621E+01    0.535262286663055420E+01    0.660531878471374512E+01    0.678445100784301758E-01    0.315093097225732072E+04   -0.796767887000186548E+01    1
    0.977560388967398097E+01    0.177930131284521442E+01    0.786429969368922954E+01    0.633472871970961471E-01    0.324338447205211787E+04   -0.800101220333519869E+01    1
    0.183882483405292625E+02    0.902865021629316544E+01    0.766171253921368844E+01    0.572154378771889682E-01    0.337352387115459169E+04   -0.803434553666853191E+01    1
    0.845907589811886673E+01    0.106286897433737204E+01    0.418127032107295626E+01    0.565453319009396882E-01    0.338800058219498305E+04   -0.806767887000186334E+01    1
    0.100699155667405584E+02    0.414150522916594355E+01    0.295083923980346441E+01    0.548625203957080476E-01    0.342198113366921370E+04   -0.810101220333519656E+01    1
    0.100951444340577723E+02    0.453061287517491440E+01    0.709394535432117124E+01    0.543722948687164198E-01    0.343549635937845505E+04   -0.813434553666852977E+01    1
    0.136609705539099320E+02    0.479202475521049820E+01    0.853168367444446218E+01    0.468184946764020893E-01    0.360521306887731816E+04   -0.816767887000186299E+01    1
    0.109728738702073358E+01    0.317054541932293965E+01    0.400292064897257305E+01    0.441015263711470595E-01    0.366762632916953544E+04   -0.820101220333519620E+01    1
    0.562962735554143379E+01    0.396862486367846579E+01    0.731357214875647443E+01    0.434708841433977256E-01    0.368275059589497050E+04   -0.823434553666853120E+01    1
    0.143853211402893066E+02    0.893004119396209717E+01    0.961262226104736328E+01    0.432163476943969727E-01    0.368870313273755710E+04   -0.826767887000186441E+01    1
    0.187750024926833419E+02    0.433875268637496170E+01    0.350765944875350577E+01    0.414281790895643098E-01    0.373024165413468700E+04   -0.830101220333519763E+01    1
    0.372374875336867472E+00    0.277395009602888098E+01    0.367392260636702517E+01    0.412306639474568914E-01    0.373421366837480400E+04   -0.833434553666853084E+01    1
    0.636643562177386624E+01    0.458294787186888719E+01    0.245180789347797656E+01    0.373091263304192733E-01    0.381616017343356634E+04   -0.836767887000186406E+01    1
    0.957714219814540613E+01    0.648102787418821613E+01    0.856190277708593683E+01    0.376638271019433812E-01    0.382045767616758349E+04   -0.840101220333519727E+01    1
    0.714451697324597035E+01    0.926872393533441752E+01    0.955011322047285560E+01    0.367490736117204175E-01    0.384249559474414218E+04   -0.843434553666853049E+01    1
    0.661494090959818237E+01    0.462037890657533890E+01    0.945653704472857370E+01    0.364871728216966673E-01    0.384882133757716656E+04   -0.846767887000186548E+01    1
    0.976556678615064477E+01    0.515461522863230037E+01    0.427723806967481579E+01    0.354135461505347138E-01    0.387472903890186944E+04   -0.850101220333519692E+01    1
    0.852218292066385530E+01    0.468022481198626750E+01    0.775517175752550969E+01    0.326573389461859431E-01    0.394208295938877291E+04   -0.853434553666853191E+01    1
    0.135496238692772319E+01    0.777923880330394901E+01    0.864200264212039215E+01    0.325599422363918034E-01    0.394447177139657060E+04   -0.856767887000186334E+01    1
    0.107431300585227412E+02    0.828448549993749239E+01    0.457540092216664540E+01    0.294720175871254764E-01    0.402051239408719903E+04   -0.860101220333519656E+01    1
    0.376679869918361021E+01    0.447696038175776234E+01    0.420359659696701904E+01    0.259639536197204812E-01    0.410750844386402878E+04   -0.863434553666853155E+01    1
    0.793466449944371321E+00    0.295984751950750136E+01    0.792582735403932404E+01    0.257656590094434979E-01    0.411257379800198123E+04   -0.866767887000186477E+01    1
    0.778399571447336402E+01    0.910165774988560727E+01    0.325042317540784786E+01    0.256015937327791487E-01    0.411438825881188677E+04   -0.870101220333519620E+01    1
    0.155560208290410951E+01    0.242737319553951014E+01    0.440707420514282688E+01    0.254998391200387253E-01    0.411911142324937919E+04   -0.873434553666852942E+01    1
    0.212082945140908397E+01    0.463417952804894639E+01    0.540550413339825830E+01    0.245046216134694461E-01    0.414393621707303282E+04   -0.876767887000186441E+01    1
    0.586263936524282325E+01    0.542275487393200351E+01    0.382697762711547185E+01    0.239955469659887122E-01    0.415630569802176615E+04   -0.880101220333519763E+01    1
    0.169906520104732515E+02    0.611758385867654386E+01    0.274687242626923300E+01    0.213455108735294274E-01    0.421819454941088043E+04   -0.883434553666853084E+01    1
    0.176961671248068555E+02    0.357655754561638117E+01    0.199414317525322637E+01    0.201906879100841596E-01    0.422750173634736711E+04   -0.886767887000186228E+01    1
    0.236311625555519367E+01    0.310045871284290531E+01    0.528172597199945137E+01    0.181095191350828522E-01    0.430199474891086902E+04   -0.890101220333519549E+01    1
    0.101556539525367651E+02    0.440976796624934586E+01    0.754200028534437195E+01    0.180472991658986448E-01    0.430351755877680080E+04   -0.893434553666853049E+01    1
    0.181666268925123342E+01    0.746834460080509022E+00    0.449194264358639828E+01    0.174419018586176033E-01    0.431823193960841127E+04   -0.896767887000186370E+01    1
    0.496344061357455768E+01    0.724067625608227949E+01    0.545441657583186768E+01    0.167672082425422975E-01    0.433457294075841855E+04   -0.900101220333519692E+01    1
    0.991809240806761472E+00    0.992948305959723321E+01    0.752323519333545221E+01    0.167296208743095143E-01    0.433548253379351900E+04   -0.903434553666853013E+01    1
    0.221034729328574986E+00    0.873307671520413997E+01    0.279710208028271801E+01    0.151961048505486751E-01    0.433797825877716787E+04   -0.906767887000186334E+01    1
    0.584858374459459629E+01    0.428801711486160730E+01    0.255320838171530085E+01    0.163368356728064157E-01    0.433804967274477713E+04   -0.910101220333519656E+01    1
    0.892544684460710158E+01    0.754349892448169257E+01    0.244712448102390567E+01   -0.116769013637635366E-01    0.436765905614618350E+04   -0.913434553666852977E+01    1
    0.108740161405677664E+02    0.798336461768540229E+01    0.191692299006939493E+01   -0.111019168086983200E-01    0.438860747388479649E+04   -0.916767887000186477E+01    1
    0.172346525850967005E+02    0.187017019608979429E+01    0.573097910476251116E+01    0.139286203066431025E-01    0.440206722765679115E+04   -0.920101220333519620E+01    1
    0.188100349629235168E+02    0.369875585002929697E+01    0.556130174091247653E+01    0.136169275757165309E-01    0.440932972045046063E+04   -0.923434553666852942E+01    1
    0.534467023053330514E+01    0.751011103565121463E+00    0.449576974047507250E+01    0.127976604961295148E-01    0.442823949143135178E+04   -0.926767887000186263E+01    1
    0.792800329755404398E+01    0.290764491955482596E+01    0.410200290970139925E+01   -0.107918111357617752E-01    0.443556314868406480E+04   -0.930101220333519585E+01    1
    0.143379145153336207E+02    0.996911342677522505E+01    0.354204778689311439E+01   -0.107064069430339304E-01    0.444272079894512353E+04   -0.933434553666853084E+01    1
    0.901211056955077439E+01    0.157999722996183634E+01    0.104118713178969458E+01   -0.376393384795670194E-02    0.445474693738187943E+04   -0.936767887000186406E+01    1
    0.505885471407200971E+01    0.660967855850979635E+01    0.512011481391653867E+01    0.115199053827725884E-01    0.445717034577972390E+04   -0.940101220333519727E+01    1
    0.145727869323156582E+02    0.577452492690245478E+01    0.385793918357971499E+01    0.106968162936811328E-01    0.447534437852686005E+04   -0.943434553666853049E+01    1
    0.163813808811827677E+02    0.755883037323101803E+01    0.237549708188056208E+01    0.863353217569340359E-02    0.450631290732381149E+04   -0.946767887000186192E+01    1
    0.912385139615624219E+01    0.892480520558746804E+01    0.257084213114140425E+01    0.827525637327641839E-02    0.451651506209667332E+04   -0.950101220333519692E+01    1
    0.299451623490761953E+01    0.697759501680555871E+01    0.271321725757721133E+01    0.804738771462654157E-02    0.452301071888917795E+04   -0.953434553666853191E+01    1
    0.135822154110014957E+02    0.904610202092800963E+00    0.471830252043463361E+01    0.806278211473587803E-02    0.453081674703572025E+04   -0.956767887000186334E+01    1
    0.198174836966735879E+01    0.585189512309663851E+01    0.277400562808721673E+01    0.733887813285449830E-02    0.453846690664559537E+04   -0.960101220333519656E+01    1
    0.322435606770120309E+01    0.194543699031679296E+01    0.269287142545314495E+01   -0.902731488345553945E-02    0.453966901952199532E+04   -0.963434553666853155E+01    1
    0.115019825103913433E+02    0.439419389143796213E+01    0.154408867120563542E+01   -0.653762337278629424E-02    0.454682454789264557E+04   -0.966767887000186477E+01    1
    0.441396594047546387E+01    0.989832043647766113E+01    0.561495065689086914E+01    0.720226764678955078E-02    0.454777782634049254E+04   -0.970101220333519620E+01    1
    0.137702662144507038E+02    0.691849315347711169E+01    0.340715189629693427E+01   -0.846305534934110870E-02    0.456320023796986698E+04   -0.973434553666853120E+01    1
    0.823588129766227794E+01    0.460584614682047899E+01    0.246337618149523330E+01    0.589850669518598991E-02    0.456650797242994486E+04   -0.976767887000186263E+01    1
    0.297869296628526747E+01    0.588892383312083378E+01    0.273997585459298243E+01   -0.826105573660573800E-02    0.457181721051943805E+04   -0.980101220333519763E+01    1
    0.125145875768574637E+02    0.874024081822611443E+01    0.576231792762544615E+01   -0.808679324691030654E-02    0.457646022870654633E+04   -0.983434553666853084E+01    1
    0.695601930186531625E+01    0.620131124724289240E+01    0.183121703513426048E+01   -0.627868565041056481E-02    0.457782803961879927E+04   -0.986767887000186228E+01    1
    0.368949946426351216E+01    0.440209747098030935E+01    0.252450732160286684E+01   -0.783599523450717594E-02    0.458639136512784989E+04   -0.990101220333519549E+01    1
    0.362691604154414460E+01    0.674783060680582025E+01    0.626667228704124568E+01    0.493307069079262916E-02    0.458893086232694259E+04   -0.993434553666853049E+01    1
    0.140404033868516827E+02    0.174923585897149159E+01    0.476540053819438647E+01    0.469112471856480973E-02    0.459296703267142948E+04   -0.996767887000186548E+01    1
    0.144493532068751822E+02    0.402284694530262144E+01    0.568881681646185022E+01   -0.756184673532533935E-02    0.459388714166777754E+04   -0.100010122033351969E+02    1
    0.156743416365018540E+02    0.237801186279495225E+01    0.297510654426856469E+01    0.435642176031669770E-02    0.459830287135050094E+04   -0.100343455366685301E+02    1
    0.871919302131407647E+01    0.770559022315810527E+01    0.226844370052974753E+01    0.298079684248131471E-02    0.459939895280110886E+04   -0.100676788700018633E+02    1
    0.697696919017185735E+01    0.380539573723444846E+01    0.306839901026520323E+01   -0.732090961248454963E-02    0.460195240231877324E+04   -0.101010122033351983E+02    1
    0.643639404070693200E+01    0.159820656863883981E+01    0.273268537991904203E+01    0.409273488701411559E-02    0.460212272573003429E+04   -0.101343455366685316E+02    1
    0.136366267921714588E+02    0.398157221272780948E+01    0.164817009192697661E+01   -0.401601267770224091E-02    0.460800219586639105E+04   -0.101676788700018648E+02    1
    0.276482836846508429E+01    0.907723548111544964E+01    0.583289195947932271E+01    0.370646688169129490E-02    0.460853955705833778E+04   -0.102010122033351998E+02    1
    0.175738945545716092E+02    0.633942201083183665E+01    0.318514453277733267E+01   -0.682344992551853213E-02    0.461521150012603357E+04   -0.102343455366685294E+02    1
    0.713858767704338870E+01    0.536994015523166279E+00    0.240061319502416026E+01    0.302789076683795955E-02    0.461807323137994536E+04   -0.102676788700018609E+02    1
    0.713519321104113224E+01    0.877231745267208574E+01    0.564360889801950449E+01    0.295368857930466966E-02    0.461945842349369650E+04   -0.103010122033351958E+02    1
    0.153069056962820849E+01    0.476472701223144135E+01    0.506569882554718909E+01   -0.660196723975248201E-02    0.461947676392614449E+04   -0.103343455366685308E+02    1
    0.868987216353298564E+01    0.719903832083166506E+01    0.304387146989965629E+01    0.281139286342035888E-02    0.462074688923413487E+04   -0.103676788700018641E+02    1
    0.618163018972386435E+01    0.485765352972994258E+01    0.513714492889712915E+01   -0.635020917603290602E-02    0.462495992588372064E+04   -0.104010122033351973E+02    1
    0.907148006802932905E+01    0.127343718951267526E+01    0.307182184850486273E+01   -0.600626171415641341E-02    0.463199827002319853E+04   -0.104343455366685305E+02    1
    0.120733808179516870E+02    0.943237209633298157E+01    0.214575841738786721E+01   -0.213501701142304601E-02    0.463276400803565775E+04   -0.104676788700018637E+02    1
    0.112356888145337237E+02    0.770854624337970051E+01    0.222580632749034457E+01    0.219802191625539933E-05    0.463387412189297629E+04   -0.105010122033351987E+02    1
    0.144537234229869682E+02    0.760530090215429055E+01    0.579233716232663909E+01    0.173996950244381665E-02    0.463497511226122424E+04   -0.105343455366685319E+02    1
    0.100783129805444194E+02    0.383128884542060222E+01    0.274667057841423912E+01   -0.576771584851143437E-02    0.463682294135290067E+04   -0.105676788700018633E+02    1
    0.458703195770207195E+01    0.126059206503034649E+00    0.947500895413462274E+00   -0.403295785539659057E-03    0.463793023854903367E+04   -0.106010122033351966E+02    1
    0.145182905451160558E+02    0.557754073166155795E+01    0.718848898062116248E+01    0.136144211319377817E-02    0.463922214720337251E+04   -0.106343455366685316E+02    1
    0.148739476632057617E+02    0.774756219492930676E+01    0.240905516028777100E+01   -0.525409040196667121E-02    0.463992774856252163E+04   -0.106676788700018648E+02    1
    0.523143460699090745E+01    0.769916537617785046E+01    0.401170635548568022E+01    0.129859139421761860E-02    0.463999168009623736E+04   -0.107010122033351980E+02    1
    0.153407669239843614E+02    0.665623004190017120E+01    0.584647978151440029E+01   -0.528689054809772241E-02    0.464327721797658614E+04   -0.107343455366685294E+02    1
    0.152382697874929463E+02    0.477642603425428458E+01    0.690025904566875425E+01    0.750428537805492013E-03    0.464543152298374571E+04   -0.107676788700018644E+02    1
    0.121230891150692628E+02    0.186881562342459606E+01    0.175179104394495866E+01   -0.125802763484639257E-02    0.464665223887395587E+04   -0.108010122033351976E+02    1
    0.126303088413020426E+02    0.892229062621869673E+01    0.725664662476850708E+01   -0.499079089152154598E-02    0.464710275949676725E+04   -0.108343455366685308E+02    1
    0.454048745858470859E+01    0.156686501685206014E+01    0.321610539282607810E+01    0.503820177650382561E-03    0.464772038054888253E+04   -0.108676788700018641E+02    1
    0.780596292484836596E+01    0.547061540565965565E+01    0.823402459995698877E+01    0.324475713507466068E-03    0.464924706589982452E+04   -0.109010122033351973E+02    1
    0.163733386961995393E+02    0.257083963081480782E+01    0.232313334963461848E+01    0.840650077165161491E-04    0.464967455759798941E+04   -0.109343455366685323E+02    1
    0.216280488048166308E+01    0.822094666809941188E+01    0.425278574096080675E+01    0.263139272890899889E-03    0.464981872523342099E+04   -0.109676788700018655E+02    1
    0.769187193131337388E+01    0.293271768039242309E+01    0.701141690466423384E+01   -0.471192065190750853E-02    0.465025001239475114E+04   -0.110010122033351969E+02    1
    0.122744614302478290E+02    0.841472051578996982E+01    0.400086884156125677E+01    0.210539636182227596E-03    0.465035198342434251E+04   -0.110343455366685319E+02    1
    0.740328401409949155E+01    0.612053994618335473E+01    0.463489159034398135E+01    0.890955976005081141E-04    0.465120554309899944E+04   -0.110676788700018651E+02    1
    0.137600093743941265E+02    0.331577619924440103E+01    0.506547929556975518E+01   -0.461509251647884700E-02    0.465125702227628790E+04   -0.111010122033351966E+02    1
    0.259915204849323578E+01    0.508191843838019874E+01    0.252228353968958174E+01   -0.119913147554817634E-02    0.465346755055953690E+04   -0.111343455366685316E+02    1
    0.195461607140101634E+02    0.761376804280328301E+01    0.558601946004941219E+01   -0.285645978890802787E-03    0.465392696989676642E+04   -0.111676788700018630E+02    1
    0.106175007941897253E+02    0.177400215438317632E+01    0.268990828798941095E+01   -0.313556724889640925E-03    0.465411698304547099E+04   -0.112010122033351962E+02    1
    0.486077471275977935E+01    0.504406476576848384E+01    0.324320735283771455E+01   -0.371470194455603142E-03    0.465455642647849709E+04   -0.112343455366685312E+02    1
    0.122337350243534715E+02    0.140823793552815513E+01    0.297073637963010029E+01   -0.379556976630279763E-03    0.465466519799912385E+04   -0.112676788700018644E+02    1
    0.113474751951011896E+02    0.492786037077234607E+01    0.599725129122589173E+01   -0.413815874982637055E-02    0.465540900094939570E+04   -0.113010122033351976E+02    1
    0.193696079891379935E+01    0.732432062393172068E+01    0.466554418710266106E+01   -0.529686075431246017E-03    0.465554615525783993E+04   -0.113343455366685308E+02    1
    0.856878108734461286E+01    0.197346717736723232E+01    0.577353963902082512E+01   -0.556168126797151885E-03    0.465567034212460658E+04   -0.113676788700018641E+02    1
    0.185372465351754627E+02    0.100898116783438518E+01    0.170746786059535438E+01   -0.340205648494240620E-02    0.465658440173477356E+04   -0.114010122033351973E+02    1
    0.132221152205075416E+02    0.850179648633428187E+01    0.775818449271205779E+01   -0.393055400844988245E-02    0.465685818614005893E+04   -0.114343455366685287E+02    1
    0.353554612251543432E+01    0.257472523724146818E+01    0.234971704820192784E+01   -0.367189744492479875E-02    0.465691588561133176E+04   -0.114676788700018637E+02    1
    0.602276133465216645E+01    0.690583117965041904E+01    0.431230958081190963E+01   -0.389895241886650812E-02    0.465718882208864034E+04   -0.115010122033351987E+02    1
    0.119374037493521854E+02    0.791757296283553202E+01    0.609120742770635815E+01   -0.841980127472274908E-03    0.465729641480094961E+04   -0.115343455366685301E+02    1
    0.112266561632793973E+02    0.649161575091423160E+01    0.775348832815371125E+01   -0.934808524918229189E-03    0.465776826338775572E+04   -0.115676788700018616E+02    1
    0.730031638049464426E+01    0.398527120917141353E+01    0.261201888769597268E+01   -0.116646812087695118E-02    0.465790570243182265E+04   -0.116010122033351966E+02    1
    0.969616710753446753E+01    0.481901840027620221E+01    0.605585054040459170E+01   -0.363471078831012484E-02    0.465857415284707349E+04   -0.116343455366685298E+02    1
    0.785603985628475776E+01    0.325438136792959343E+01    0.810485860912677225E+01   -0.112984347773448235E-02    0.465868283206868364E+04   -0.116676788700018630E+02    1
    0.292422008267932387E+01    0.790806341357079567E+01    0.440349233825849673E+01   -0.119575243312797230E-02    0.465904724396969505E+04   -0.117010122033351980E+02    1
    0.195445523933225509E+02    0.635360047689276541E+01    0.512733005456734503E+01   -0.126820895559509594E-02    0.465928052653780833E+04   -0.117343455366685312E+02    1
    0.114246146594002695E+02    0.726998402484925244E+01    0.581976912429649218E+01   -0.343532833438842111E-02    0.465950489034872862E+04   -0.117676788700018644E+02    1
    0.614772178792653712E+01    0.136372184211141084E+00    0.545756973668133583E+01   -0.342947438586149733E-02    0.465952230584267545E+04   -0.118010122033351958E+02    1
    0.443940296619145869E+01    0.950582728491282403E+01    0.304413652624591080E+01   -0.339304628123282548E-02    0.465954282741496900E+04   -0.118343455366685308E+02    1
    0.133994864139233805E+02    0.637668007928970137E+01    0.772045470427650926E+01   -0.138969513352571461E-02    0.465971777749047033E+04   -0.118676788700018641E+02    1
    0.128721568871005143E+02    0.999383482898770836E+01    0.392854414961601606E+01   -0.138568762809210266E-02    0.465995807963289917E+04   -0.119010122033351955E+02    1
    0.985726078091405888E+01    0.412470718077499221E+01    0.723255255871405822E+01   -0.329698356769336787E-02    0.466003648873026214E+04   -0.119343455366685305E+02    1
    0.138873502333662060E+02    0.468472380032554270E+01    0.391927554834648362E+01   -0.327770496877044515E-02    0.466026773403501375E+04   -0.119676788700018637E+02    1
    0.186514453192319607E+02    0.774975650555748263E+01    0.533180159823226418E+01   -0.319184656077675655E-02    0.466040887217746422E+04   -0.120010122033351969E+02    1
    0.643763200253118129E+01    0.533819753198997660E+01    0.773303759693969539E+01   -0.160824308974993890E-02    0.466041985035282414E+04   -0.120343455366685301E+02    1
    0.108416363467705974E+02    0.686237914771481794E+01    0.636845405231296979E+01   -0.313745915986707313E-02    0.466055659389132870E+04   -0.120676788700018633E+02    1
    0.143096803106025448E+02    0.485591310625862960E+01    0.619541257290213565E+01   -0.168233745631585219E-02    0.466062398191443390E+04   -0.121010122033351983E+02    1
    0.135133380532312373E+02    0.187876859069910451E+01    0.333597158164137042E+01   -0.316666314392466397E-02    0.466065152472147747E+04   -0.121343455366685298E+02    1
    0.154188862722060627E+02    0.363112488348766149E+01    0.727530381959920192E+01   -0.308023530488510389E-02    0.466071378576145071E+04   -0.121676788700018630E+02    1
    0.119840209358572203E+02    0.125630711769640524E+00    0.397064502639420880E+01   -0.306923180403861906E-02    0.466074678852892430E+04   -0.122010122033351962E+02    1
    0.147273544776903584E+02    0.488541033049487528E+01    0.622003765083589499E+01   -0.175249906504859609E-02    0.466079824428032407E+04   -0.122343455366685294E+02    1
    0.171329017433002484E+01    0.965991918587678911E-01    0.784082640122425900E+01   -0.304278683531988836E-02    0.466081042238112423E+04   -0.122676788700018626E+02    1
    0.171680892561940475E+02    0.814838797042304819E+01    0.480010352195744439E+01   -0.292360693157389662E-02    0.466113377821683753E+04   -0.123010122033351958E+02    1
    0.781275840758637763E+01    0.577739644916228912E+01    0.922768678240361595E+01   -0.286537443652379320E-02    0.466119027938328782E+04   -0.123343455366685291E+02    1
    0.133193904883444070E+02    0.696891368738894368E+01    0.288404577038016185E+01   -0.196226838949209448E-02    0.466122235906749665E+04   -0.123676788700018623E+02    1
    0.935900270545927171E+01    0.260189282703695124E+01    0.408910582024757474E+01   -0.288263041858582980E-02    0.466122532365203551E+04   -0.124010122033351955E+02    1
    0.791668352435547718E+01    0.222070648277961258E+01    0.780639794623195016E+01   -0.284341199063820049E-02    0.466122838530935587E+04   -0.124343455366685287E+02    1
    0.180493232439137863E+02    0.451389555370898687E+01    0.307936277724187946E+01   -0.179728910465359881E-02    0.466127016907201050E+04   -0.124676788700018619E+02    1
    0.136329691286703607E+02    0.909977937174955187E+01    0.601302169115041352E+01   -0.201182417084966314E-02    0.466129924873867822E+04   -0.125010122033351969E+02    1
    0.389764574202125758E+01    0.178829916158576951E+01    0.310156888476043058E+01   -0.289990944835860631E-02    0.466131070661644662E+04   -0.125343455366685301E+02    1
    0.100461521248653263E+02    0.859220055670555638E+01    0.370163665716679091E+01   -0.185714796868852172E-02    0.466134305847831911E+04   -0.125676788700018633E+02    1
    0.185601831613045363E+02    0.734662036788587436E+01    0.540852969991191479E+01   -0.277645212487154236E-02    0.466134754895480910E+04   -0.126010122033351966E+02    1
    0.101255944615961440E+02    0.826461587834732292E+01    0.446650045367272241E+01   -0.278062960649572144E-02    0.466142830432052870E+04   -0.126343455366685316E+02    1
    0.571281096840614566E+01    0.588081842213851580E+01    0.695344137314290833E+01   -0.266557672765388443E-02    0.466146598728413210E+04   -0.126676788700018648E+02    1
    0.735472775143142243E+01    0.166721093362236328E+01    0.691607282336673279E+01   -0.215630996619597948E-02    0.466146780433674758E+04   -0.127010122033351980E+02    1
    0.716220053440291515E+01    0.283673352051463157E+01    0.678973437269690550E+01   -0.265275089755623306E-02    0.466147797927803094E+04   -0.127343455366685294E+02    1
    0.165931751357946951E+02    0.506851815744339262E+01    0.658356666213854425E+01   -0.216657519137697374E-02    0.466147818655965875E+04   -0.127676788700018626E+02    1
    0.116432025328535289E+02    0.212874822498663896E+01    0.861707350856085696E+01   -0.216884650835746928E-02    0.466147917230977328E+04   -0.128010122033351958E+02    1
    0.626360853525853400E+01    0.559902935156733950E+01    0.709180890504069339E+01   -0.217061405461527190E-02    0.466148123751522598E+04   -0.128343455366685308E+02    1
    0.115393273823317095E+02    0.805534927418645985E+01    0.595622868994859189E+01   -0.217678561825385142E-02    0.466149200364107310E+04   -0.128676788700018623E+02    1
    0.147265647652933973E+01    0.256662800402157876E+01    0.570388953271660171E+01   -0.263862095393507801E-02    0.466149357821874037E+04   -0.129010122033351973E+02    1
    0.115622067687407526E+02    0.960650404838204075E+00    0.744272371996658322E+01   -0.219106891984188756E-02    0.466149828840864211E+04   -0.129343455366685323E+02    1
    0.151163401235103034E+02    0.806770447469492424E+01    0.808212881985592801E+01   -0.262781460945771261E-02    0.466149958100232470E+04   -0.129676788700018637E+02    1
    0.738027303264407131E+01    0.470268564090147567E+01    0.398021524010560057E+01   -0.206984539447019333E-02    0.466149966182647677E+04   -0.130010122033351969E+02    1
    0.844843909908764523E+01    0.275916524909217875E+01    0.674421943010370484E+01   -0.262118303027436550E-02    0.466150537758716564E+04   -0.130343455366685319E+02    1
    0.130550014108094530E+02    0.977026821335585716E+01    0.721185402820937682E+01   -0.258666893500336670E-02    0.466153104111109496E+04   -0.130676788700018651E+02    1
    0.765886802121040056E+01    0.112477822164769203E+01    0.693824093123491892E+01   -0.223595101530038587E-02    0.466153142050583574E+04   -0.131010122033351983E+02    1
    0.109273280421195018E+02    0.149042960861699464E+00    0.714263343750981861E+01   -0.258352411138162985E-02    0.466153249523921932E+04   -0.131343455366685316E+02    1
    0.471204547523891115E+01    0.399134240873762725E+01    0.828651660778581345E+01   -0.257205400962046138E-02    0.466153982518421435E+04   -0.131676788700018630E+02    1
    0.925595486207510731E+01    0.275502703409866712E+01    0.598005044933356800E+01   -0.255525851886972966E-02    0.466155154400971151E+04   -0.132010122033351962E+02    1
    0.191581043449131343E+02    0.791548628322722525E+01    0.765516371265698226E+01   -0.254961859144542391E-02    0.466155281635469328E+04   -0.132343455366685294E+02    1
    0.631091828272168165E+01    0.215070157917775662E+01    0.457700822410127728E+01   -0.223852092769527555E-02    0.466155426572956367E+04   -0.132676788700018626E+02    1
    0.114797008902940760E+02    0.556243813469755111E+01    0.792010025496936620E+01   -0.254613401478942514E-02    0.466155451139035722E+04   -0.133010122033351958E+02    1
    0.121601575856141348E+02    0.780096720131481192E+01    0.687659925644563330E+01   -0.228124288114694984E-02    0.466155810390284933E+04   -0.133343455366685291E+02    1
    0.617096396589677632E+01    0.179985488019137607E+01    0.931005691039490557E+01   -0.228437179895357723E-02    0.466155863650760875E+04   -0.133676788700018623E+02    1
    0.280585685649484384E+01    0.122429831638655662E+01    0.595868803239134692E+01   -0.253549860769353153E-02    0.466156065095838676E+04   -0.134010122033351955E+02    1
    0.126674831428546106E+02    0.588159881905299020E+01    0.750708889117021627E+01   -0.230432010395897890E-02    0.466156759684618191E+04   -0.134343455366685287E+02    1
    0.980170131195315086E+01    0.566210721213938228E+01    0.497517470603295564E+01   -0.256959258208588892E-02    0.466156840732061482E+04   -0.134676788700018637E+02    1
    0.183193111550565213E+02    0.847872785720667466E+01    0.676973258934903299E+01   -0.230405035166858507E-02    0.466156852846439506E+04   -0.135010122033351987E+02    1
    0.149005316164640238E+02    0.866390560463016968E+01    0.628276214957053014E+01   -0.252111166090085437E-02    0.466156943944841987E+04   -0.135343455366685301E+02    1
    0.127434395057925460E+02    0.498812484017143642E+01    0.994111228719397033E+01   -0.232230804573829719E-02    0.466157399598264601E+04   -0.135676788700018633E+02    1
    0.681281744450014326E+01    0.579318782954299305E+01    0.548315774307947734E+01   -0.229894890616244574E-02    0.466157584905372914E+04   -0.136010122033351966E+02    1
    0.505230622131885632E+01    0.246855583491352615E+01    0.411649485616800703E+01   -0.222149309323094180E-02    0.466157609250384940E+04   -0.136343455366685298E+02    1
    0.124826648954007560E+02    0.130181470706040825E+01    0.697687064970558879E+01   -0.247385547917988724E-02    0.466158168133571598E+04   -0.136676788700018630E+02    1
    0.173203963910660939E+02    0.777214602850099556E+01    0.932271053059736943E+01   -0.247042594549029548E-02    0.466158234484436161E+04   -0.137010122033351980E+02    1
    0.110067822970604148E+02    0.673136649270308940E+01    0.749691007430470435E+01   -0.235960857263339818E-02    0.466158412983024937E+04   -0.137343455366685312E+02    1
    0.711130922605690330E+01    0.677422641362700606E+01    0.810327933250904664E+01   -0.245931501054563739E-02    0.466158467521957937E+04   -0.137676788700018626E+02    1
    0.180862123470728662E+02    0.545592212355326645E+01    0.706186771801293744E+01   -0.236420365949474576E-02    0.466158519061733750E+04   -0.138010122033351976E+02    1
    0.953879550035440893E+01    0.990485254418626004E+00    0.581188959611534095E+01   -0.236279336742273305E-02    0.466158543856819779E+04   -0.138343455366685308E+02    1
    0.529683648582902933E+01    0.353688350256517792E+01    0.754579041930461614E+01   -0.237552288069431405E-02    0.466158663259635250E+04   -0.138676788700018623E+02    1
    0.164003305092117060E+02    0.859516256463188810E+01    0.545809458269123127E+01   -0.250954358796662280E-02    0.466158663293230711E+04   -0.139010122033351955E+02    1
    0.116810675061786373E+02    0.588300023560666574E+01    0.878327779483972648E+01   -0.238020896456736519E-02    0.466158710992151737E+04   -0.139343455366685305E+02    1
    0.194267330525615911E+02    0.560877758383566949E+01    0.928674784334184267E+01   -0.244184935446245532E-02    0.466158718619926458E+04   -0.139676788700018637E+02    1
    0.145234142191220847E+02    0.263896317985089768E+01    0.807944915837926914E+01   -0.238253028208368356E-02    0.466158738624760463E+04   -0.140010122033351969E+02    1
    0.760054493511083606E+01    0.723133923288024327E+01    0.966910430006342381E+01   -0.238846046557339431E-02    0.466158793827252885E+04   -0.140343455366685301E+02    1
    0.140466443839273794E+02    0.367326570108096062E+01    0.986238934632191899E+01   -0.238903383714927919E-02    0.466158798422388281E+04   -0.140676788700018633E+02    1
    0.799379564395082731E+01    0.388902514008831623E+01    0.772278893086201990E+01   -0.238897845863184077E-02    0.466158807919794253E+04   -0.141010122033351948E+02    1
    0.118778439662429403E+02    0.309357183888314724E+01    0.469807283419676835E+01   -0.252643392020002189E-02    0.466158849827819358E+04   -0.141343455366685280E+02    1
    0.558907538763362499E+01    0.856756708097361042E+01    0.961904211935950570E+01   -0.240383308580061072E-02    0.466158882668955266E+04   -0.141676788700018630E+02    1
    0.668147340484317631E+01    0.539569242659330683E+01    0.928223210514002517E+01   -0.241260388439312745E-02    0.466158893430499120E+04   -0.142010122033351962E+02    1
    0.743625715785376507E+01    0.953923443335366450E+01    0.800381668962112514E+01   -0.241521849735648608E-02    0.466158904898734909E+04   -0.142343455366685276E+02    1
    0.612458921601242690E+01    0.208390648405019485E+01    0.549265598771807184E+01   -0.239426361786465591E-02    0.466159220548668600E+04   -0.142676788700018626E+02    1
    0.113771640088498653E+02    0.438132653911903791E+01    0.490011370548802283E+01   -0.251470018139299256E-02    0.466159260562187137E+04   -0.143010122033351958E+02    1
    0.509310077606845990E+01    0.212556393803628868E+00    0.366513377895824632E+01   -0.235522530876863811E-02    0.466159374834324990E+04   -0.143343455366685308E+02    1
    0.181532972019950343E+02    0.962883094176642018E+01    0.590720332016837979E+01   -0.244307632613915970E-02    0.466159455901385809E+04   -0.143676788700018641E+02    1
    0.166218941502825359E+02    0.856482695944535521E+01    0.531137734361347214E+01   -0.249147403450655780E-02    0.466159777030874284E+04   -0.144010122033351973E+02    1
    0.698619576664288555E+01    0.527769379783444936E+01    0.473932978070478406E+01   -0.250917236975745084E-02    0.466161024460239332E+04   -0.144343455366685305E+02    1
    0.156069275949695019E+01    0.465189217462020999E+01    0.330145695290511476E+01   -0.254497212339876988E-02    0.466161038032918350E+04   -0.144676788700018637E+02    1
    0.103443539406249094E+02    0.998781123621374611E+01    0.302218621094007922E+01   -0.250702471016150952E-02    0.466161601601443726E+04   -0.145010122033351969E+02    1
    0.723349702463525368E+01    0.260116153606711631E+01    0.404207760743641842E+01   -0.255802932157889185E-02    0.466161740778945205E+04   -0.145343455366685284E+02    1
    0.610931776176853791E+01    0.923461276751808313E+01    0.516665504958337607E+01   -0.244437601520575143E-02    0.466161802469064241E+04   -0.145676788700018616E+02    1
    0.478241632143914863E+01    0.444558702507172310E+01    0.464080664820548883E+01   -0.234714632863064487E-02    0.466162041134017181E+04   -0.146010122033351966E+02    1
    0.472953743849360819E+01    0.622570253555026198E+01    0.406725308881495273E+01   -0.265804395110702529E-02    0.466162320251496931E+04   -0.146343455366685298E+02    1
    0.775143354061676071E+01    0.958945672103584990E+01    0.480859570570923545E+01   -0.253139820319403519E-02    0.466162398272492828E+04   -0.146676788700018612E+02    1
    0.101369033591925355E+02    0.411944208700435333E+01    0.410273461240209159E+01   -0.225167343359444772E-02    0.466163538578327280E+04   -0.147010122033351962E+02    1
    0.627173277829947562E+01    0.105537395673219647E+01    0.350660592188164344E+01   -0.231371123175905247E-02    0.466163915958558209E+04   -0.147343455366685294E+02    1
    0.609403085183291715E+01    0.563635716151502386E+01    0.419424694856214231E+01   -0.258346698991207546E-02    0.466164429243264567E+04   -0.147676788700018609E+02    1
    0.543296904516965640E+01    0.205370981744717751E+01    0.364632456918537962E+01   -0.228173656397046010E-02    0.466165749549091015E+04   -0.148010122033351958E+02    1
    0.754210209989776814E+01    0.393829284335713015E+00    0.283994207293590328E+01   -0.236717400964892022E-02    0.466165773968950907E+04   -0.148343455366685291E+02    1
    0.141464026252126516E+02    0.802540759620973887E+01    0.460702052654721861E+01   -0.236507124528206880E-02    0.466165812594555064E+04   -0.148676788700018641E+02    1
    0.162289093694894078E+02    0.800586711161400189E+01    0.397699361299872756E+01   -0.213352303481739725E-02    0.466165960157161044E+04   -0.149010122033351973E+02    1
    0.127673929566542714E+02    0.431241062610653447E+01    0.272517794904495503E+01   -0.233552177969853503E-02    0.466166510208235195E+04   -0.149343455366685305E+02    1
    0.138109961316255241E+02    0.938124639385437042E+01    0.430525118292434605E+01   -0.224164979651730878E-02    0.466167941393031469E+04   -0.149676788700018619E+02    1
    0.626593319159306361E+01    0.615995419877023309E+01    0.425915562663286451E+01   -0.232445656081503582E-02    0.466168031164744116E+04   -0.150010122033351951E+02    1
    0.111095121114545581E+02    0.864795724968534252E+01    0.446986949270687717E+01   -0.234862990423623241E-02    0.466168291608427171E+04   -0.150343455366685284E+02    1
    0.160844161278638289E+02    0.883871257169021263E+01    0.447816208969050500E+01   -0.245045746557714939E-02    0.466168803659514197E+04   -0.150676788700018633E+02    1
