    0.905378599984281163E+00    0.509938337089942380E+02    0.425911129782765990E-01    0.437089474712264392E+00    0.788624775788754562E+00    0.160316195175080260E-02   -0.209406055990038134E-03    0.694386243224395905E+00    0.929825498619476321E+02    0.497967021793092601E-01    0.304385457978805007E+00    0.653844077871915852E+04
    0.886541638513471009E+00    0.424255525016006843E+02    0.307328827571923743E-01    0.508376965816891957E+00    0.787236231725665259E+00    0.548566598554264644E-03    0.377363687346634301E-02    0.736882516214226069E+00    0.930517866458628191E+02    0.499679209923222650E-01    0.293741905933268266E+00    0.653957607303372060E+04
    0.849189306651812470E+00    0.472618939683576684E+02    0.338931014974870604E-01    0.484455960898068194E+00    0.785776210422792776E+00   -0.950850051900779293E-03   -0.866992563511671810E-03    0.666970225548897955E+00    0.936949437241694909E+02    0.498945891632757224E-01    0.297017791938183451E+00    0.653964782851946984E+04
    0.875671973684497229E+00    0.512722237698316832E+02    0.471245510062323486E-01    0.409190178583096253E+00    0.786569891543525967E+00   -0.183348311728144444E-02    0.355742417519048235E-02    0.672623584155035759E+00    0.936172225567003267E+02    0.497166271101916399E-01    0.302934595515802652E+00    0.653967991759120378E+04
    0.893472694137826595E+00    0.456088512795391452E+02    0.373794428594683564E-01    0.471501369426779782E+00    0.787463840791449377E+00   -0.580557740276198189E-03   -0.109768939877358078E-02    0.703754975589338527E+00    0.920741182866123040E+02    0.499540210167636542E-01    0.282770299522401236E+00    0.654050235706036983E+04
    0.874298491968295455E+00    0.454869575648734781E+02    0.445748963258779385E-01    0.400127240889326274E+00    0.786761945248749539E+00    0.127020360075420107E-02   -0.167257133384016783E-02    0.831798320553105430E+00    0.924938899971550370E+02    0.498827450524514937E-01    0.304964999849287322E+00    0.654125911431787063E+04
    0.854703667533362910E+00    0.498925171425521228E+02    0.458245306814844960E-01    0.395543471267453595E+00    0.777697849551959086E+00   -0.101314813741039357E-02   -0.141926746974692809E-02    0.817855020882107819E+00    0.937567317061295000E+02    0.499194434594197184E-01    0.306403098295103371E+00    0.654135605122194647E+04
    0.900479757662125291E+00    0.465901567590285666E+02    0.332233462909724900E-01    0.513977915213279957E+00    0.778002178202318873E+00    0.218771036115480598E-02   -0.273554498417285120E-02    0.743273244398448218E+00    0.928746232929743059E+02    0.498499517689895422E-01    0.297274299711097867E+00    0.654142086125464448E+04
    0.887570435463803209E+00    0.532755650359325941E+02    0.486125555676591506E-01    0.377866325132044989E+00    0.778836791635696746E+00    0.505851365020453057E-02    0.637840936572506203E-02    0.761804653646250829E+00    0.941977425543522457E+02    0.499498023283971443E-01    0.310191467183313696E+00    0.654150157801231671E+04
    0.928743160474203022E+00    0.450414160108134638E+02    0.456032592123802663E-01    0.421469266980918911E+00    0.779447698582356074E+00    0.145816173983562736E-02   -0.681555506186968022E-03    0.785446709693103151E+00    0.936721863635038972E+02    0.498559891719665624E-01    0.300364324475831390E+00    0.654165621470535007E+04
    0.903420858252581116E+00    0.469778711814860515E+02    0.451048941113760676E-01    0.413516185607127329E+00    0.780087736443143998E+00   -0.282284571939256509E-02    0.195145802081329845E-02    0.678851928779889646E+00    0.918376178631578455E+02    0.499368569263616072E-01    0.295134426423166674E+00    0.654181047447195397E+04
    0.933491833363229828E+00    0.494436817422890158E+02    0.464289626585796047E-01    0.411186468288788187E+00    0.784280912259555762E+00   -0.381338389759479802E-02    0.122593809394628737E-02    0.754629670527175112E+00    0.930062470798833090E+02    0.498489840312319604E-01    0.299935438172001245E+00    0.654183542558115278E+04
    0.881102845582327765E+00    0.435589781507828349E+02    0.379177724249135512E-01    0.482993758507887616E+00    0.796001013389329826E+00   -0.192146319126131819E-02   -0.921617124264890054E-03    0.759468190796483755E+00    0.927656112209495518E+02    0.499402108031425929E-01    0.286170560942633101E+00    0.654228178742376622E+04
    0.854967344118163330E+00    0.446891881473048471E+02    0.452042651659811667E-01    0.400787106090338296E+00    0.780802386130931114E+00   -0.499832443643732569E-02   -0.340006514414477930E-02    0.788097873968881535E+00    0.916051903149184454E+02    0.499343151959350459E-01    0.301674811005097632E+00    0.654231913563238413E+04
    0.875067912996094988E+00    0.402907204463181188E+02    0.411348644058407154E-01    0.430026911882296969E+00    0.788730310012845104E+00    0.197810522999588168E-02    0.203250065506412406E-02    0.760485843991469457E+00    0.912839921814615565E+02    0.498882271110510853E-01    0.296436089052928231E+00    0.654234359117478380E+04
    0.886357596459440122E+00    0.418301941238291235E+02    0.450159509611809533E-01    0.432208045397110441E+00    0.780761251564444425E+00   -0.620150575895901798E-03   -0.423534486749736674E-02    0.802862634711000833E+00    0.943052690511461549E+02    0.499400830295111259E-01    0.297831144364007594E+00    0.654246756101044957E+04
    0.869347748905861861E+00    0.451388647457386867E+02    0.477137261828793000E-01    0.371336663282224810E+00    0.777693392365610525E+00    0.335791020766627087E-02    0.319343576697728301E-02    0.738973935041123964E+00    0.936709508926365260E+02    0.498737653760560617E-01    0.310877659988599009E+00    0.654250392340030521E+04
    0.882396830267605292E+00    0.466504455699684613E+02    0.447542058452234104E-01    0.416592794419155754E+00    0.785733873053672482E+00    0.674421948693448370E-03   -0.611175151158166972E-02    0.783511591413603714E+00    0.905633580806430132E+02    0.499270839934520330E-01    0.295648227799639285E+00    0.654255952971773149E+04
    0.845901579969314810E+00    0.476850470418760537E+02    0.478315098120503657E-01    0.400281625194459090E+00    0.783969454101719809E+00   -0.284104959052739045E-02    0.362311447365286496E-02    0.713839414077185763E+00    0.899406115399300461E+02    0.499818792152204039E-01    0.309914272246111677E+00    0.654257712039817125E+04
    0.856608947907675056E+00    0.425728732060866690E+02    0.417512882495261611E-01    0.442544677215140347E+00    0.786888060508985521E+00    0.470976336538963416E-04    0.419943313736016266E-03    0.812788952097719841E+00    0.942301729962564423E+02    0.499870137636936190E-01    0.310302921603568760E+00    0.654278103953991467E+04
    0.834980567747420466E+00    0.503712478041276270E+02    0.440759857525971216E-01    0.412119979498133282E+00    0.779766023665251717E+00    0.100884438025596718E-02    0.405137266865693551E-02    0.719219830338641453E+00    0.946953454308155642E+02    0.499336986256948695E-01    0.307183354211400417E+00    0.654283544115594668E+04
    0.863411189977872029E+00    0.459558555061143608E+02    0.431089944420067622E-01    0.425124824046927641E+00    0.788335820221614747E+00    0.274574382561550926E-02   -0.300969758116865832E-02    0.791304388251727997E+00    0.936083210128600172E+02    0.499080255219662358E-01    0.291365192041330656E+00    0.654291814220129709E+04
    0.882670739001850890E+00    0.484236359305748607E+02    0.498147816089114515E-01    0.395577979820767811E+00    0.779177858805710111E+00    0.212550955574253471E-02    0.166106114780064360E-02    0.765216724553860139E+00    0.927231248539008277E+02    0.497677403691283438E-01    0.301483831707040129E+00    0.654294298688748131E+04
    0.912164263854912782E+00    0.478967949157333521E+02    0.453164436151679770E-01    0.423476297341711605E+00    0.789206838226980123E+00    0.356713971455363153E-02   -0.329806059917219549E-03    0.760744297755584609E+00    0.938732791120213221E+02    0.498346088298798132E-01    0.289931692756079273E+00    0.654303955499443964E+04
    0.907136708831487226E+00    0.452052788935213385E+02    0.381761974009795779E-01    0.461656579762871055E+00    0.784173186142281153E+00    0.246619386788164382E-03   -0.711200921244213775E-03    0.645453237143788439E+00    0.949263197906869038E+02    0.498590662111724481E-01    0.298052907409819157E+00    0.654306326508672828E+04
    0.855619824687815944E+00    0.453773005447395832E+02    0.428604351117660015E-01    0.436786674389096130E+00    0.782156653611359998E+00    0.965382142409867408E-03   -0.271380415997542071E-02    0.777204188204910107E+00    0.914108565524887098E+02    0.498662827578487816E-01    0.303051316569439289E+00    0.654307530153443440E+04
    0.854646459485723931E+00    0.475363997427848091E+02    0.439934669799891681E-01    0.403655186616690809E+00    0.784865773485957652E+00   -0.474506790095996240E-02    0.208421921594120806E-02    0.725251105282800346E+00    0.937419891967592491E+02    0.498870830022226860E-01    0.300346570168298632E+00    0.654312946848730371E+04
    0.885736411635842491E+00    0.421842793668189273E+02    0.356998035726042370E-01    0.459904572691272440E+00    0.781416576018559628E+00    0.205781243322434009E-02   -0.137687463230318501E-02    0.774976409060491700E+00    0.948860845468932723E+02    0.498236006602834763E-01    0.305128128189091463E+00    0.654313171877409695E+04
    0.912123639607861136E+00    0.483695744294945555E+02    0.389981512334948502E-01    0.454233284811998594E+00    0.780795329263828441E+00    0.491457379241470871E-02    0.505328070062113690E-02    0.750347967567465579E+00    0.929097082088981381E+02    0.499323472393385231E-01    0.297736623226299901E+00    0.654317938769365719E+04
    0.899074447386076225E+00    0.425000017260488789E+02    0.499243778825919152E-01    0.391138761043895222E+00    0.785265751181251970E+00    0.384258029623818628E-02   -0.224068855991050751E-02    0.820588875556747421E+00    0.946590171001009111E+02    0.498124138289495061E-01    0.303954661686391459E+00    0.654321180246799668E+04
    0.884333719322661693E+00    0.470063293292988789E+02    0.465265017298774064E-01    0.405787631360987500E+00    0.789090441904611972E+00   -0.688370520031455937E-03    0.170192464466089666E-03    0.783325277400042874E+00    0.925019724477849934E+02    0.498822222607688687E-01    0.290889600095437573E+00    0.654341716182409073E+04
    0.884301826098013888E+00    0.458415357973885875E+02    0.488273856342924320E-01    0.385181765235612983E+00    0.783403217179878375E+00    0.642026621381889834E-02   -0.431695016878839641E-02    0.745921683822317938E+00    0.917170996620203596E+02    0.498835535705012753E-01    0.300557547865394237E+00    0.654348833638042925E+04
    0.892573286131101873E+00    0.415176392786492343E+02    0.462551611791843995E-01    0.414761867670079887E+00    0.786066248593381700E+00   -0.121033022315025210E-02   -0.617847461785081564E-03    0.738912346047897239E+00    0.900182113676226834E+02    0.499758749863017104E-01    0.291400699159034049E+00    0.654356394251633810E+04
    0.886534652512085186E+00    0.469450360804773652E+02    0.471009005081582388E-01    0.392596438711494300E+00    0.790502394841636202E+00    0.776647924690215667E-03    0.588061684515215049E-02    0.697084601584261998E+00    0.949389917084962462E+02    0.498723897044855077E-01    0.306107468002399796E+00    0.654360691745193708E+04
    0.893123938339519530E+00    0.438471269730338378E+02    0.428865459975262264E-01    0.424013319988317483E+00    0.787691297253893752E+00    0.331920719363536145E-02   -0.136911297757511419E-02    0.831504747921354426E+00    0.936127297887668419E+02    0.498982312322435589E-01    0.296639383475411078E+00    0.654367128069997671E+04
    0.850710488188094027E+00    0.411706678072135119E+02    0.470308743823833891E-01    0.393598471698475949E+00    0.788277270495932325E+00    0.503036599764758452E-02    0.269515734198098704E-02    0.728221127880143371E+00    0.931484724007145388E+02    0.499204467169341304E-01    0.313855353208604304E+00    0.654370429083155250E+04
    0.931137663041284758E+00    0.498721451230313733E+02    0.357392355507271664E-01    0.500190443384800343E+00    0.782660911861199127E+00   -0.142798345459298768E-02    0.273842763983450643E-02    0.723784344025080850E+00    0.946827696386333599E+02    0.499933672954665231E-01    0.287928326837965931E+00    0.654371374467860915E+04
    0.884570079754436689E+00    0.487425770644343430E+02    0.490265589887286662E-01    0.386966921399923947E+00    0.778143092441483386E+00    0.592614570639119972E-02   -0.496787193759922092E-02    0.742668523710327544E+00    0.920860598058721820E+02    0.499155938053345433E-01    0.304631081241319102E+00    0.654377625530368277E+04
    0.894715333796836765E+00    0.439578682630983479E+02    0.499866344264465190E-01    0.391543955931327292E+00    0.793906207227953575E+00    0.874661655674395630E-03    0.296529573440570656E-02    0.699472268642533423E+00    0.946259239476958953E+02    0.498639929231677534E-01    0.296813057589799145E+00    0.654390691261142092E+04
    0.890029079511024057E+00    0.455294140362911008E+02    0.432417916003576958E-01    0.425601007649563434E+00    0.787035428928696712E+00   -0.176512762669618129E-02   -0.216320014062725604E-02    0.676339415867181049E+00    0.939529585113211851E+02    0.498486520212580997E-01    0.292576643810132431E+00    0.654394124524321705E+04
    0.926127523496627414E+00    0.415796090077028495E+02    0.431323591913395227E-01    0.430227290637424042E+00    0.786352199707608945E+00    0.885631785544556817E-03   -0.707242758989662639E-03    0.786122045059169161E+00    0.923122146234581322E+02    0.499497999417944233E-01    0.291819069809353793E+00    0.654410362973694919E+04
    0.863220308946308412E+00    0.477443080609025969E+02    0.413325591725080960E-01    0.425864339667869962E+00    0.787320775096033487E+00   -0.807364466107951474E-03   -0.298121072402205735E-02    0.767302755090275457E+00    0.949319493428128567E+02    0.497662894298493835E-01    0.303116722818267792E+00    0.654414269614550903E+04
    0.879880642161550930E+00    0.447051792067389187E+02    0.378305917426382671E-01    0.464502987821227009E+00    0.795368453450050805E+00   -0.216238207618644606E-02    0.272384238595782535E-02    0.700643294217141444E+00    0.944015469901907380E+02    0.499931125450286257E-01    0.302053062005965822E+00    0.654415426219776600E+04
    0.900795452868501823E+00    0.486986767269132059E+02    0.409517546203216065E-01    0.436711214406375836E+00    0.782899753572265711E+00    0.120787454534238676E-02    0.248982135932088742E-02    0.814565294988709998E+00    0.927918226089346661E+02    0.499095254861418036E-01    0.300483059148469844E+00    0.654417369009473987E+04
    0.889318804018080611E+00    0.495599814111196793E+02    0.385470510397766808E-01    0.469218700962053425E+00    0.781115502551640528E+00   -0.738899937702153491E-02    0.135878364961443073E-02    0.754155100994122973E+00    0.933425715454477114E+02    0.499126750693829613E-01    0.299008836573486203E+00    0.654425043406894019E+04
    0.883207394593985784E+00    0.460846421907740549E+02    0.407908481423271824E-01    0.442449397787320287E+00    0.791026286654585409E+00   -0.560508313724243298E-02   -0.361383309414000297E-02    0.710571089508204912E+00    0.939711062173092131E+02    0.498637016438829572E-01    0.295521403643911829E+00    0.654426740742453694E+04
    0.858367493281658511E+00    0.466774353425478168E+02    0.479014325682988393E-01    0.388704798776683957E+00    0.783417369815299414E+00   -0.101414797509992525E-02   -0.116202647842063018E-02    0.656690284733427165E+00    0.926571386263187264E+02    0.499836453440507394E-01    0.304089908623186411E+00    0.654445849403200737E+04
    0.899320512090536539E+00    0.402473595705317422E+02    0.419505268505453721E-01    0.436764724245933156E+00    0.781494555344561248E+00   -0.137963951756000223E-02   -0.460342436168576733E-02    0.793381397054069959E+00    0.934877669214286016E+02    0.499046063504084703E-01    0.299125354616049721E+00    0.654447339569991891E+04
    0.883186238232245513E+00    0.482561880422685476E+02    0.391926048842619335E-01    0.449788026217566583E+00    0.785718191439246927E+00   -0.169193789213666979E-02    0.819343473018140003E-03    0.827332280887263849E+00    0.949870825908298002E+02    0.498935894971433563E-01    0.298827244083734289E+00    0.654459994308608384E+04
    0.876025356554720358E+00    0.461982800192508591E+02    0.464631688820431460E-01    0.402216914520218682E+00    0.788124149796150975E+00    0.547000198207032474E-02   -0.383952015674724530E-02    0.717584627841355460E+00    0.931093406344087384E+02    0.498317824851181174E-01    0.302609157773594761E+00    0.654461404824238889E+04
    0.903254749857582029E+00    0.404692335743716995E+02    0.486026593214359537E-01    0.397885102881826214E+00    0.782910066403373017E+00   -0.237195335815023342E-02   -0.896121546593459345E-03    0.738624300459201910E+00    0.924628238876069730E+02    0.499119625851606741E-01    0.308267711792413857E+00    0.654466906799780827E+04
    0.873500713879515667E+00    0.409756323726879685E+02    0.369346487245091337E-01    0.456464545364598795E+00    0.782638939482328544E+00    0.310031852577977553E-02   -0.170662902678934405E-02    0.750863445610979174E+00    0.924503936289889765E+02    0.499577730962046732E-01    0.300818440060250769E+00    0.654467132341666820E+04
    0.850452237022809254E+00    0.488213055437951482E+02    0.389853295299200375E-01    0.462744197860933071E+00    0.777729674052487274E+00    0.134835821817413828E-02   -0.302580836762278600E-02    0.713649608682690784E+00    0.940147780111904297E+02    0.499957700421717471E-01    0.304271488387266809E+00    0.654474293094526911E+04
    0.915775551198070970E+00    0.439802770556975915E+02    0.458606449617211948E-01    0.415431894985675010E+00    0.786768599036169025E+00    0.535948523832333913E-03    0.292685343331990219E-02    0.783911298862607908E+00    0.938800487962970038E+02    0.498672743718705999E-01    0.300543622455310744E+00    0.654475618649355238E+04
    0.892174842334354512E+00    0.484433569153102397E+02    0.360678709739229303E-01    0.478916995091367037E+00    0.782693270793486384E+00   -0.403124691192635609E-02   -0.568000142563336065E-03    0.746419847222909993E+00    0.916644987816030437E+02    0.499840522139983895E-01    0.291107551157275768E+00    0.654478670367145605E+04
    0.896792531075778832E+00    0.443783198326754089E+02    0.431128824202458988E-01    0.403880467678635058E+00    0.781798229741927253E+00   -0.509237735538928867E-02    0.959056320242096852E-03    0.799104338784573764E+00    0.933850202130157925E+02    0.499873380875668072E-01    0.303353783669973065E+00    0.654490766367617016E+04
    0.901050642602037266E+00    0.439849235388102002E+02    0.499511755493111873E-01    0.400306756931041563E+00    0.785827354999375283E+00    0.129476267415115360E-02    0.662817570895731520E-03    0.721318204947068775E+00    0.920997415847598973E+02    0.499509983961494847E-01    0.295604981635026520E+00    0.654494573822107668E+04
    0.879068023973166079E+00    0.451421538404505682E+02    0.403118527717210434E-01    0.451091175344600637E+00    0.786309565515145970E+00    0.114276740986261676E-02    0.458394229173359272E-02    0.741793410017044574E+00    0.945797714600873149E+02    0.497119649006010772E-01    0.302466725057953023E+00    0.654498226238481311E+04
    0.881261403062719162E+00    0.471744866490360621E+02    0.444506695030933638E-01    0.398343253628850147E+00    0.785029077412110254E+00   -0.431988510463598378E-02   -0.254039471584030290E-02    0.682273532915409597E+00    0.938471262060858749E+02    0.499851965843564894E-01    0.302993500960536954E+00    0.654502516106546773E+04
    0.875586020631357598E+00    0.468666148291292401E+02    0.498400087758800944E-01    0.364375840728984879E+00    0.778694449333721339E+00    0.144041853413784827E-02   -0.721835951748124637E-03    0.782218574549237711E+00    0.933579670314540238E+02    0.499050419924088190E-01    0.314402628844315579E+00    0.654505619913044484E+04
    0.836875888414881808E+00    0.464531983635909640E+02    0.358153983751376831E-01    0.476367050910775802E+00    0.783086064866481690E+00    0.382451358566733882E-04    0.282593596471422638E-02    0.724046466785026599E+00    0.943677994686096895E+02    0.499405142162032897E-01    0.302186847694839833E+00    0.654506619724613120E+04
    0.860928858746320635E+00    0.459559049984279824E+02    0.452614084504063541E-01    0.420050725646233358E+00    0.786837616473199941E+00   -0.281861959679430155E-02    0.170921188522909346E-03    0.684562941678235504E+00    0.944440726183715640E+02    0.497142494326800743E-01    0.303578265459915897E+00    0.654508566365678780E+04
    0.876100415964167101E+00    0.403116224518883186E+02    0.455480995734285216E-01    0.402007747297711604E+00    0.781705680565830896E+00    0.317357806711697846E-02   -0.468937437678646277E-02    0.711054929932434465E+00    0.935267823402278395E+02    0.498886268220637141E-01    0.304893716244060031E+00    0.654521695817591171E+04
    0.843505367556870000E+00    0.475162176168664772E+02    0.459939293402372301E-01    0.412285758748986431E+00    0.791609592079055790E+00   -0.775059725100189670E-03   -0.376647632290301958E-03    0.659894440874888799E+00    0.944917791167974883E+02    0.499832761520266414E-01    0.302768386716256666E+00    0.654521792832706797E+04
    0.891189561509718065E+00    0.445272589937351029E+02    0.470852118790199420E-01    0.415285447536457797E+00    0.782923873749211352E+00   -0.163064335517370618E-02    0.221813377725160570E-02    0.702208059833159259E+00    0.945143409133237355E+02    0.498272966845362333E-01    0.305713830127057329E+00    0.654530106308894210E+04
    0.881527499178144103E+00    0.466878475008566127E+02    0.446314126755311402E-01    0.403908681010777704E+00    0.782210788210624619E+00    0.251811862781892984E-02    0.540432497548603533E-03    0.720029573537695922E+00    0.944230281988600666E+02    0.497564249972047498E-01    0.300582691975434468E+00    0.654531185283990817E+04
    0.901265536508904730E+00    0.534937451614217139E+02    0.391489532786230138E-01    0.452626728434870007E+00    0.783830279856115419E+00   -0.295264757986992603E-02    0.451485460092824077E-05    0.755622971416101352E+00    0.942125745306564681E+02    0.499341534486975255E-01    0.297760172606473750E+00    0.654539672541688378E+04
    0.858912328675462300E+00    0.447639877813880815E+02    0.490096849662443879E-01    0.399117033016537281E+00    0.789830617184511197E+00   -0.549862843552278470E-02    0.262814615379414196E-02    0.756758985509896398E+00    0.946771394776531281E+02    0.499212121331835540E-01    0.293546422876120428E+00    0.654539934476553935E+04
    0.923114951164702435E+00    0.440493035892011164E+02    0.422540693548848628E-01    0.429300768402272825E+00    0.777729509596752910E+00    0.225654737888998039E-02   -0.212925916163329051E-03    0.750888674286054547E+00    0.948306012568176016E+02    0.498804242371297599E-01    0.302814626288538058E+00    0.654544199136427414E+04
    0.901572809492380611E+00    0.408999614374108660E+02    0.388887909109250779E-01    0.452441850239519827E+00    0.780419150528526950E+00   -0.301472412865510381E-02    0.135428425201838238E-02    0.765649602028468546E+00    0.927576138057382025E+02    0.499261858128517630E-01    0.303587826342272937E+00    0.654553526113430598E+04
    0.867412490695872007E+00    0.451728163053342939E+02    0.390194570634996712E-01    0.440848325345756464E+00    0.780586894559127664E+00    0.842253065376645884E-03    0.436462640769331783E-03    0.739409236698073680E+00    0.923170484376148721E+02    0.499559927194825129E-01    0.299439697759797951E+00    0.654554215836622825E+04
    0.852401999488162643E+00    0.403096265281561372E+02    0.414092527928873605E-01    0.441229318970456585E+00    0.786451227078728721E+00    0.345576081421906630E-02    0.101448772201182392E-02    0.726774892672283679E+00    0.942224071618886114E+02    0.499039671157384609E-01    0.308568959763461270E+00    0.654568711319782415E+04
    0.889151779713875712E+00    0.507946386756320010E+02    0.494142993753354520E-01    0.381149808023784620E+00    0.783859404752495825E+00    0.306751520560283580E-02    0.149052599342742206E-03    0.760225464192974210E+00    0.924160274606042265E+02    0.499289905070370854E-01    0.304596538527861393E+00    0.654577005504862609E+04
    0.851630008375551806E+00    0.450513111740199435E+02    0.478213837197413241E-01    0.407101136972677358E+00    0.794138367790971689E+00   -0.330378192695440212E-02    0.404030312670864214E-02    0.750275451279879491E+00    0.949528820826833879E+02    0.499898152132472184E-01    0.298864380554644038E+00    0.654580733905247052E+04
    0.903173983825740656E+00    0.460003208639391445E+02    0.423990638466840430E-01    0.432131431050026105E+00    0.781923971134273477E+00    0.235760923178930399E-02   -0.456692952784635772E-02    0.706411551757031964E+00    0.929516694407615915E+02    0.499539184737661443E-01    0.299436114466236358E+00    0.654581515471738567E+04
    0.887802775946503475E+00    0.426438716828924100E+02    0.420204169198178934E-01    0.427014906835837205E+00    0.788116581781763359E+00   -0.377079373650035911E-02   -0.987134400534507876E-03    0.744887480824473425E+00    0.938091300626159921E+02    0.497963081496498455E-01    0.297515786378693248E+00    0.654583840470648283E+04
    0.873904056179077293E+00    0.470731138997738583E+02    0.458157879574043747E-01    0.406853862113547571E+00    0.783934764508250836E+00   -0.506194504333079293E-02   -0.493939467024511001E-02    0.762334274909038379E+00    0.941159684566557786E+02    0.499985840223741776E-01    0.293795197542258746E+00    0.654584200124993822E+04
    0.897083793932408113E+00    0.470224912397574144E+02    0.450574403417117950E-01    0.409818698925719538E+00    0.776652915439372094E+00   -0.198480637165444678E-02    0.416904049486458664E-03    0.670232761915792952E+00    0.938353210159017124E+02    0.499872634298786436E-01    0.309566577970289802E+00    0.654585317823299920E+04
    0.898329524938600299E+00    0.400628721501672658E+02    0.461614685681968132E-01    0.398872094871594918E+00    0.781810715556998326E+00    0.296492578507106565E-02   -0.525770802856658989E-02    0.742002739843389603E+00    0.934764156919031564E+02    0.499428717239525921E-01    0.305362427367478484E+00    0.654592281435961013E+04
    0.873856889304366669E+00    0.400896924580742962E+02    0.443256501585915230E-01    0.426148959040134612E+00    0.791219739228272378E+00   -0.145795781478438792E-02    0.269492426585153004E-02    0.771824015902999427E+00    0.938129286438023371E+02    0.499720428696986130E-01    0.302957095723278447E+00    0.654597904079311593E+04
    0.852180886113661940E+00    0.416073965328992088E+02    0.427276805786824809E-01    0.418669357018585098E+00    0.782932650373920680E+00    0.596893301102541154E-02   -0.364600653455582823E-02    0.688748352667983288E+00    0.946578583295883647E+02    0.499546673944651978E-01    0.307838893474017550E+00    0.654610236486406939E+04
    0.877748360589573728E+00    0.417983866771697024E+02    0.404842313898210460E-01    0.430781595494266201E+00    0.786475998802002585E+00   -0.602784632175278490E-02   -0.202213405020091426E-02    0.764925961962997780E+00    0.943104227328014133E+02    0.499073068519497939E-01    0.305070486296859844E+00    0.654610583799285814E+04
    0.877748360589573728E+00    0.417983866771697024E+02    0.404842313898210460E-01    0.430781595494266201E+00    0.786475998802002585E+00   -0.602784632175278490E-02   -0.202213405020091426E-02    0.764925961962997780E+00    0.943104227328014133E+02    0.499073068519497939E-01    0.305070486296859844E+00    0.654610583799285814E+04
    0.851646163056718697E+00    0.423961193348356602E+02    0.376952873922257042E-01    0.472024079807079722E+00    0.790131628370906780E+00    0.317498153066407768E-02   -0.829304926547212002E-03    0.785646333185770929E+00    0.938767452023934510E+02    0.499966326903443156E-01    0.298698590859236557E+00    0.654616414860974328E+04
    0.870892531659129610E+00    0.471158445538654362E+02    0.466931721758169216E-01    0.409419305948563461E+00    0.785822750637906964E+00    0.811235407791374534E-02   -0.106969318041878411E-02    0.731999134460557754E+00    0.939588878377057881E+02    0.498927218800379879E-01    0.302473192698743398E+00    0.654618391535853152E+04
    0.834308779586459215E+00    0.422347097035281180E+02    0.440785453752572665E-01    0.415307466963834471E+00    0.786449253212040178E+00   -0.331151662294461259E-02    0.347856039110910941E-02    0.715983326856988511E+00    0.945779355568042632E+02    0.499032858522349687E-01    0.307017792990595340E+00    0.654621364196213381E+04
    0.899356970808396383E+00    0.460912245891410208E+02    0.427458029058804118E-01    0.441681983480514073E+00    0.783852998302551951E+00   -0.480130813520860539E-02   -0.226581432014807136E-02    0.763234003842986342E+00    0.949327852308380926E+02    0.498498136543804732E-01    0.296666040655035046E+00    0.654627666851771210E+04
    0.902731697205323869E+00    0.432382652772700453E+02    0.398275698532265660E-01    0.443093815337499863E+00    0.777375325937724515E+00    0.558571371236514774E-02   -0.384217088830575367E-04    0.750151596010438904E+00    0.946522695203330500E+02    0.499943771361427564E-01    0.306691826231454079E+00    0.654640351381851724E+04
    0.860688195257179878E+00    0.494762911843488027E+02    0.489343789461529899E-01    0.389262454032014205E+00    0.785715141613893220E+00   -0.113636766421581792E-03   -0.416454972243461390E-02    0.733168820726784576E+00    0.924561469807543688E+02    0.499896812486395267E-01    0.304114870709525920E+00    0.654640834379056105E+04
    0.893125877628157316E+00    0.448440189404234033E+02    0.441611035166910790E-01    0.428634578554986934E+00    0.786135935438756261E+00   -0.138816906508996496E-02    0.233739450631637209E-03    0.687804973279941612E+00    0.942289149084685960E+02    0.499554545943977774E-01    0.307150279991489139E+00    0.654641484433265214E+04
    0.893125877628157316E+00    0.448440189404234033E+02    0.441611035166910790E-01    0.428634578554986934E+00    0.786135935438756261E+00   -0.138816906508996496E-02    0.233739450631637209E-03    0.687804973279941612E+00    0.942289149084685960E+02    0.499554545943977774E-01    0.307150279991489139E+00    0.654641484433265214E+04
    0.874048252849271790E+00    0.434396552414065056E+02    0.438619977546212195E-01    0.417334138088260587E+00    0.783783792100410714E+00   -0.105663515683899565E-01    0.245376384799393015E-02    0.737026553522987626E+00    0.934368911311282488E+02    0.499327663318773485E-01    0.304591095358212716E+00    0.654642530849022842E+04
    0.864375177098249958E+00    0.434901498213551037E+02    0.442800075147386646E-01    0.431527463986201121E+00    0.787982684301782310E+00   -0.464447027849399646E-02    0.173151781681658867E-02    0.770421663880443752E+00    0.939890846673160922E+02    0.499029017531071040E-01    0.300804822442811148E+00    0.654643944470225506E+04
    0.887506101762835398E+00    0.469729141377008688E+02    0.468886741276108993E-01    0.402213198441473851E+00    0.780600147105560360E+00    0.262429550363273319E-02    0.391329855616521019E-02    0.736520401257657276E+00    0.924279413044338014E+02    0.498945842706492448E-01    0.305809591586862384E+00    0.654644839410079840E+04
    0.914311898274212775E+00    0.449958475618221954E+02    0.380960858014420395E-01    0.466195150874649411E+00    0.781735650400073756E+00    0.481875470430650696E-02   -0.989654192867500367E-03    0.736380662061372648E+00    0.944584055461083949E+02    0.499381810693753647E-01    0.298212654363579299E+00    0.654649365026702435E+04
    0.879446612962836327E+00    0.468252689395480530E+02    0.433778781199658792E-01    0.424243537888622124E+00    0.788651456039028864E+00    0.304659134477721532E-03    0.402305872696999498E-02    0.790428995806038870E+00    0.941028947349012839E+02    0.499543247370278012E-01    0.294389645780308462E+00    0.654654475829301373E+04
    0.883050902990619724E+00    0.458083502028656753E+02    0.464720291255999451E-01    0.414543642966300196E+00    0.785625989221826027E+00   -0.300199914364809850E-03    0.545465509917247415E-02    0.784855026171253800E+00    0.946643059008299161E+02    0.499438522434315496E-01    0.293586763476827883E+00    0.654661529234833688E+04
    0.874836404998678541E+00    0.484016487322103117E+02    0.373822314974758263E-01    0.456154317597834702E+00    0.785880124814204217E+00    0.458621390921461463E-02   -0.670932972876911470E-03    0.737338968073759649E+00    0.937493381751258994E+02    0.499688994440188397E-01    0.300896546209801774E+00    0.654665245721128485E+04
    0.874836404998678541E+00    0.484016487322103117E+02    0.373822314974758263E-01    0.456154317597834702E+00    0.785880124814204217E+00    0.458621390921461463E-02   -0.670932972876911470E-03    0.737338968073759649E+00    0.937493381751258994E+02    0.499688994440188397E-01    0.300896546209801774E+00    0.654665245721128485E+04
    0.896053194095449590E+00    0.478569418781180218E+02    0.496666754777927988E-01    0.393169376554268535E+00    0.785998101299938967E+00    0.174364702002462613E-02   -0.189522585265213548E-02    0.764972642618221177E+00    0.943864444684514012E+02    0.498208943080616223E-01    0.302296240171241848E+00    0.654665814867941936E+04
    0.867452618680004672E+00    0.411699940845902219E+02    0.494668846961512504E-01    0.382780876797173486E+00    0.782223499626235719E+00    0.400380459647843318E-02   -0.577421581369213458E-02    0.708402944446785421E+00    0.944905923673305495E+02    0.499194875781606220E-01    0.306047440290108885E+00    0.654671571075189058E+04
    0.854880643128612450E+00    0.434623334239099677E+02    0.483281927736916722E-01    0.402509375148691451E+00    0.785887660686133804E+00   -0.234480755621602546E-02    0.290928713271433517E-02    0.762878997860257480E+00    0.926552985981163317E+02    0.499710065148634627E-01    0.298702444616744223E+00    0.654675867705312885E+04
    0.849405731701555977E+00    0.446931188535946049E+02    0.377991953039351347E-01    0.469763027173770553E+00    0.788293409737890194E+00   -0.230455035687971614E-02   -0.333745829475058393E-03    0.727040239066369720E+00    0.947895654146107205E+02    0.498860187475124936E-01    0.307283720977931718E+00    0.654677719984493524E+04
    0.878200620834973522E+00    0.427086605854875216E+02    0.491210996482726175E-01    0.393489978728899625E+00    0.781918753331232730E+00    0.337718501666297698E-02    0.395530262404000538E-02    0.756393751536013959E+00    0.929130010238001489E+02    0.499065895967108486E-01    0.303743908742649671E+00    0.654681800608482263E+04
    0.866166566488584810E+00    0.437596914959746925E+02    0.386820577376282351E-01    0.452186777066433954E+00    0.780728235929338155E+00   -0.390342999835467750E-02   -0.191701087769354092E-02    0.727799345040496481E+00    0.944265279299160341E+02    0.498979554882935800E-01    0.311091417197713438E+00    0.654684204663355467E+04
    0.866166566488584810E+00    0.437596914959746925E+02    0.386820577376282351E-01    0.452186777066433954E+00    0.780728235929338155E+00   -0.390342999835467750E-02   -0.191701087769354092E-02    0.727799345040496481E+00    0.944265279299160341E+02    0.498979554882935800E-01    0.311091417197713438E+00    0.654684204663355467E+04
    0.879158975979470680E+00    0.448653643073684520E+02    0.377578732454067756E-01    0.461683430361953973E+00    0.785422796915204557E+00   -0.599630859786376685E-02    0.810360938616978615E-03    0.744867244970220055E+00    0.939500671274755916E+02    0.498589869596473695E-01    0.296113613492549832E+00    0.654685065922934518E+04
    0.878167422214100712E+00    0.407169806882007350E+02    0.416258329985930223E-01    0.435696063496098573E+00    0.784495618762572011E+00   -0.130632004362006473E-02   -0.550546618673207130E-03    0.800777059128400359E+00    0.926613952188713199E+02    0.499602812757555595E-01    0.298403594606443168E+00    0.654685360213092736E+04
    0.894850464845101667E+00    0.463433368247535284E+02    0.351640836488205585E-01    0.490478984576455057E+00    0.785556160271397075E+00   -0.340655081102952056E-04    0.217053125902553047E-02    0.749102339413768470E+00    0.949099152858530459E+02    0.498112523258592843E-01    0.297548564022741824E+00    0.654690768829177068E+04
    0.861043499941087864E+00    0.469975456390565185E+02    0.428101424877392334E-01    0.424601406720691077E+00    0.786232169271447789E+00   -0.812440281991445509E-02   -0.270766263915771482E-03    0.702755528888086456E+00    0.948125062450231013E+02    0.498928204089842259E-01    0.300083979405222190E+00    0.654696628798613347E+04
    0.854652695743838842E+00    0.464204459376719569E+02    0.366365891282499356E-01    0.476196441418402727E+00    0.782326089080752074E+00    0.225685510371353591E-02    0.110377870576113587E-02    0.689280930424845839E+00    0.943526415401065606E+02    0.499467197556779513E-01    0.306646050115054303E+00    0.654697351087426523E+04
    0.870007853201982817E+00    0.416923753079576827E+02    0.387182978134557806E-01    0.452797327938912808E+00    0.784479562395548280E+00   -0.639575711217266456E-02    0.400540003986223601E-02    0.747655431613317045E+00    0.937286278695408726E+02    0.499320956725482906E-01    0.302417647409128465E+00    0.654701803519089481E+04
    0.870007853201982817E+00    0.416923753079576827E+02    0.387182978134557806E-01    0.452797327938912808E+00    0.784479562395548280E+00   -0.639575711217266456E-02    0.400540003986223601E-02    0.747655431613317045E+00    0.937286278695408726E+02    0.499320956725482906E-01    0.302417647409128465E+00    0.654701803519089481E+04
    0.863857816245773735E+00    0.454754110484002751E+02    0.487445659315053764E-01    0.391605913932589256E+00    0.791159627906156349E+00   -0.444032245014421185E-02   -0.108862311123588480E-02    0.673760979287525874E+00    0.948842456950523001E+02    0.499406227974344696E-01    0.308783717937182622E+00    0.654704833281856008E+04
    0.886669771756427028E+00    0.405813979551624513E+02    0.495095095853948994E-01    0.379972628428247916E+00    0.783814989396663053E+00   -0.516407932293830654E-02    0.157155591314335247E-03    0.735346266195937570E+00    0.946195604169378299E+02    0.498417911366014765E-01    0.300983469436676754E+00    0.654707103166418983E+04
    0.912434317110727755E+00    0.419329864986716245E+02    0.464007826089007785E-01    0.408596728885780525E+00    0.780278572145643334E+00    0.770553863856624248E-03   -0.750461474112285140E-03    0.748321523518994614E+00    0.939818332656514315E+02    0.498864190809985911E-01    0.301182394946984011E+00    0.654707419537183887E+04
    0.884653016716704377E+00    0.430717618461599727E+02    0.405749353692720360E-01    0.440318659457017092E+00    0.785836754378410829E+00   -0.649643703111556486E-02   -0.903327706846127954E-03    0.740939992758717469E+00    0.942943154190810162E+02    0.498370505004040176E-01    0.298154017153040296E+00    0.654709242099564290E+04
    0.876190075201808694E+00    0.474476637967171371E+02    0.417250884114203496E-01    0.435055667586747630E+00    0.781561481416605419E+00   -0.471392159688119750E-02    0.108703016666997481E-02    0.763954936406475160E+00    0.944526905101676562E+02    0.498201301772040195E-01    0.301276690053562612E+00    0.654721678778519072E+04
    0.866587941028099107E+00    0.484340992815720099E+02    0.462927261548575150E-01    0.395527724259520985E+00    0.780873326974032000E+00   -0.602153394408065973E-04    0.333519433435693850E-02    0.690498531266401261E+00    0.939388036329356311E+02    0.499508270789344039E-01    0.304623853179128934E+00    0.654723096912408255E+04
    0.887828238437020190E+00    0.467957714777113196E+02    0.449646089311025038E-01    0.425752038264876453E+00    0.787849932531290875E+00   -0.336036401849829601E-02   -0.372243286430344947E-02    0.701556845937486351E+00    0.941357299531361349E+02    0.499574974921411577E-01    0.295857756297028429E+00    0.654723872593561646E+04
    0.915906776015833035E+00    0.482080400230017005E+02    0.478526775757740497E-01    0.397791567815198033E+00    0.784687646474371392E+00   -0.923621332048543730E-03    0.250903848902928397E-02    0.737077919447624796E+00    0.933485386849704639E+02    0.499876832361176721E-01    0.304047468216706196E+00    0.654727520706856558E+04
    0.875126183151965442E+00    0.456024082702392022E+02    0.473715313377108538E-01    0.405136919253710870E+00    0.783279935673907524E+00   -0.240591205222644719E-02   -0.929412043914041794E-03    0.696816148285198111E+00    0.942697409518198981E+02    0.497839578337848990E-01    0.302917905597884562E+00    0.654728754995205509E+04
    0.875126183151965442E+00    0.456024082702392022E+02    0.473715313377108538E-01    0.405136919253710870E+00    0.783279935673907524E+00   -0.240591205222644719E-02   -0.929412043914041794E-03    0.696816148285198111E+00    0.942697409518198981E+02    0.497839578337848990E-01    0.302917905597884562E+00    0.654728754995205509E+04
    0.891066010118928498E+00    0.486464882767971218E+02    0.393169854018796811E-01    0.440291120058529550E+00    0.783214485141965122E+00    0.943583762099624735E-03   -0.348742900658272114E-04    0.743020603095592813E+00    0.947882814498820920E+02    0.499343906318429620E-01    0.309044135912011908E+00    0.654732448144057707E+04
    0.857375090019872443E+00    0.444999047627785274E+02    0.353049740151482536E-01    0.471143743196638376E+00    0.782788188822108655E+00   -0.327005050699881190E-02    0.311902415842053859E-02    0.702307012692104937E+00    0.945787020291811444E+02    0.499827227476272035E-01    0.306581005934599915E+00    0.654734259833300894E+04
    0.891675746417009307E+00    0.449617321015136397E+02    0.432795052347959147E-01    0.423553073044502515E+00    0.782196283888061283E+00   -0.511079221804018949E-02    0.105944125048012118E-02    0.693513330912272075E+00    0.927724701035243982E+02    0.499812852364427684E-01    0.305556073733015965E+00    0.654740922053677605E+04
    0.856737011646618085E+00    0.431710750683889870E+02    0.473246838458456776E-01    0.406755929400822669E+00    0.784341467283344196E+00    0.108339428103719319E-02   -0.581089349820552992E-02    0.705447599336653353E+00    0.939791073733937026E+02    0.499757165226920319E-01    0.303120926981862604E+00    0.654744725640833713E+04
    0.879595742227453625E+00    0.431859103514937175E+02    0.434923386681227570E-01    0.436638155364698521E+00    0.782993660834323646E+00   -0.165734239685149049E-02    0.172934497858130785E-02    0.769238622184293730E+00    0.944782528025998545E+02    0.499167277910969459E-01    0.294599577443821314E+00    0.654750934213857909E+04
    0.879595742227453625E+00    0.431859103514937175E+02    0.434923386681227570E-01    0.436638155364698521E+00    0.782993660834323646E+00   -0.165734239685149049E-02    0.172934497858130785E-02    0.769238622184293730E+00    0.944782528025998545E+02    0.499167277910969459E-01    0.294599577443821314E+00    0.654750934213857909E+04
    0.897038513179271968E+00    0.457030268736939220E+02    0.446750276765930099E-01    0.425893025430072070E+00    0.783500945226967116E+00    0.452298393438661968E-02   -0.405869805549810992E-02    0.736214669094322427E+00    0.939923816171736064E+02    0.499858125711656748E-01    0.301560885804497636E+00    0.654751021410266731E+04
    0.893865421947819261E+00    0.485340144333564680E+02    0.427720080404362935E-01    0.445435011040135942E+00    0.782340160722698519E+00   -0.836027487031686665E-04    0.429401691539640917E-03    0.731464259349555723E+00    0.949406688425237775E+02    0.499460764468908219E-01    0.299266358962883394E+00    0.654756971969809547E+04
    0.881794144559406523E+00    0.482730190079721524E+02    0.448087426287712837E-01    0.419141429292530121E+00    0.780010758663339354E+00   -0.425242227981014777E-02   -0.327701384979796730E-02    0.739609605377662849E+00    0.942407234567072862E+02    0.499022800695510527E-01    0.303397007346074998E+00    0.654760385264965771E+04
    0.902810579145604253E+00    0.446800577364950939E+02    0.458854711770123672E-01    0.411225837181946829E+00    0.781137933855347466E+00    0.349841238098771816E-02   -0.220666579081566254E-02    0.778903181340101280E+00    0.946715942787680831E+02    0.499727138524299550E-01    0.306950214768476337E+00    0.654765977116822887E+04
    0.871244340778817850E+00    0.462969064929736902E+02    0.425459848622163836E-01    0.421173973862312812E+00    0.781458607475808420E+00    0.535198958376898164E-02    0.170106425060188708E-02    0.776406771971375420E+00    0.948772271123078212E+02    0.499804402095366182E-01    0.299202318477984397E+00    0.654770376986535848E+04
    0.869628105875061785E+00    0.415991879614381972E+02    0.414356839720250794E-01    0.445432125422583702E+00    0.789894144100713680E+00   -0.232453364045424020E-03   -0.381774729354075141E-02    0.715119324594406303E+00    0.939375782727985040E+02    0.499513992181982863E-01    0.300658670599710631E+00    0.654773272342007476E+04
    0.888783082485683718E+00    0.433951313043100697E+02    0.433778525020968933E-01    0.427683075793832357E+00    0.787577858031447087E+00    0.254632980914791637E-03   -0.267376535348133430E-02    0.795817791021788734E+00    0.940261074909063552E+02    0.499320848450259952E-01    0.298290048727794022E+00    0.654773853720681109E+04
    0.875114892881030837E+00    0.435253451731198879E+02    0.418034918962466237E-01    0.435262174382880618E+00    0.781997131960498915E+00    0.120252269364532057E-02    0.434678777799064713E-02    0.696280175583037675E+00    0.949700566345882180E+02    0.499104047734486855E-01    0.298554339571270422E+00    0.654777385897292515E+04
    0.845581922899477978E+00    0.426224522011084801E+02    0.402912963554595271E-01    0.451503446579227585E+00    0.792139438545139241E+00   -0.437993921841240211E-02    0.823272912251202748E-03    0.736708310579875736E+00    0.943982133570432325E+02    0.499975129504006896E-01    0.301618311029466846E+00    0.654777977387273859E+04
    0.845581922899477978E+00    0.426224522011084801E+02    0.402912963554595271E-01    0.451503446579227585E+00    0.792139438545139241E+00   -0.437993921841240211E-02    0.823272912251202748E-03    0.736708310579875736E+00    0.943982133570432325E+02    0.499975129504006896E-01    0.301618311029466846E+00    0.654777977387273859E+04
    0.870969510948424674E+00    0.459572793408079718E+02    0.415506358319059771E-01    0.439500402641083032E+00    0.786007870568702249E+00   -0.866141958903560681E-02    0.302456605669150979E-02    0.695346087756946618E+00    0.943828035785815302E+02    0.499481747144722502E-01    0.300367471253238261E+00    0.654784525337972809E+04
    0.846456819222635937E+00    0.442971555168912445E+02    0.388251781438302968E-01    0.457390560797331591E+00    0.784287711373278240E+00   -0.394515284506570616E-02    0.343846782763379847E-02    0.705613267887146844E+00    0.946901071740999072E+02    0.499559559391624941E-01    0.308214481335728596E+00    0.654788171156743374E+04
    0.853045286699204208E+00    0.425259267532156073E+02    0.476586288406376651E-01    0.393510789108544423E+00    0.782235804228619491E+00    0.137570952674026607E-03    0.188544408696656785E-02    0.722218521037860883E+00    0.920743895077931995E+02    0.499896270728330400E-01    0.311107254342820883E+00    0.654789369249748324E+04
    0.854373352099081718E+00    0.403089149337587500E+02    0.456277396564994872E-01    0.403657649779195493E+00    0.780695537087019220E+00   -0.166939480537981583E-02    0.242446994182053026E-02    0.744108006190018489E+00    0.948977541938544675E+02    0.499227320777295563E-01    0.308269803814952725E+00    0.654789860571535883E+04
    0.871628315293236478E+00    0.436856726300640190E+02    0.401212201316211853E-01    0.446315338010180251E+00    0.781689342400943676E+00   -0.374579751134592614E-03   -0.489481715238138516E-03    0.778953090097799006E+00    0.947574355975707476E+02    0.499023782873396493E-01    0.296775874199804002E+00    0.654791058057731061E+04
    0.886780265785313992E+00    0.483085682901546676E+02    0.443624419429447941E-01    0.418911496241414549E+00    0.784428390206079795E+00    0.410915135332414697E-02    0.255961321009966301E-02    0.759197846201713489E+00    0.941962063699248944E+02    0.499072343967556231E-01    0.299575131356735858E+00    0.654791378017370607E+04
    0.883713114497458152E+00    0.430849377602855341E+02    0.467605135483705192E-01    0.402998813990868787E+00    0.782538727230750686E+00    0.174507991973282035E-04    0.233652800240915365E-02    0.707355587695865928E+00    0.947651556349474333E+02    0.499723936907317118E-01    0.293564793650351818E+00    0.654793106988295040E+04
    0.883180849559239478E+00    0.434262642090086430E+02    0.449976997248387883E-01    0.413134647985275438E+00    0.786173741120393732E+00    0.369722242450052719E-02   -0.453940540850713561E-03    0.781646962242747323E+00    0.932357566626455707E+02    0.499759097271474245E-01    0.295319128558598931E+00    0.654800726360289627E+04
    0.893382360313706325E+00    0.460758694416374013E+02    0.452189417480303862E-01    0.403565981984546518E+00    0.787209777434203284E+00   -0.418944064230041403E-03    0.512324258343312003E-03    0.694424327462018098E+00    0.939916863657987847E+02    0.499449634672415183E-01    0.300572734627973126E+00    0.654800735749726391E+04
    0.879786538938978402E+00    0.478493038842027971E+02    0.449502187260821529E-01    0.427889081637442104E+00    0.784227775150747819E+00   -0.201538097434650603E-02    0.303856870875343806E-02    0.715257238250770033E+00    0.939069807576703681E+02    0.499786141294571856E-01    0.295658727568114066E+00    0.654800981274289370E+04
    0.869501030258521657E+00    0.406568737994062204E+02    0.439126323056390142E-01    0.428660417126329296E+00    0.784252662266570644E+00   -0.296866274611453469E-02   -0.131853537107906897E-02    0.696963598198898970E+00    0.941364996731197579E+02    0.499497182973662607E-01    0.302339323972106944E+00    0.654802622755439552E+04
    0.871760988344297383E+00    0.433630358107253286E+02    0.417076180805825772E-01    0.427762112895648527E+00    0.779503544345638399E+00    0.122492676108254712E-02   -0.189094312930085861E-02    0.740363662634727748E+00    0.947737839524643562E+02    0.499714736370589566E-01    0.314630226080995279E+00    0.654804032887721041E+04
    0.868960150193917591E+00    0.449647456338120222E+02    0.483537668766607087E-01    0.409651678918892648E+00    0.786858619505245160E+00   -0.532730868230509805E-02    0.159577921651925269E-02    0.723430282406551495E+00    0.944728280720788689E+02    0.499441414698222896E-01    0.299725410328041897E+00    0.654804504092078241E+04
    0.871460363251344905E+00    0.470412657530428433E+02    0.421030560401498971E-01    0.435879431520118321E+00    0.781717308127575228E+00    0.338877178867072124E-02   -0.119357558057415049E-02    0.721957898831078637E+00    0.938928606774512957E+02    0.499884809204955427E-01    0.309918110176704953E+00    0.654810597337437139E+04
    0.888298288800837943E+00    0.449314948796169062E+02    0.358736792137171051E-01    0.490318198667504757E+00    0.786498081553813733E+00   -0.386220975453145350E-02   -0.210657014620963543E-02    0.740763040180831722E+00    0.943638326771805680E+02    0.499519861857396913E-01    0.298602183064282156E+00    0.654813130997683038E+04
    0.888809377465050510E+00    0.469141751590992087E+02    0.463049015812687925E-01    0.398415033271919850E+00    0.781606105828634878E+00    0.518526709906317815E-02    0.334010780586060018E-02    0.744412451563472910E+00    0.938509789589565173E+02    0.499500297988712261E-01    0.304987408318134978E+00    0.654818649810028910E+04
    0.858173871373712149E+00    0.478914771360907991E+02    0.486662882992231344E-01    0.399122553297961646E+00    0.786228734563631848E+00   -0.731972978635431638E-02    0.356475255431830396E-02    0.699308377634170308E+00    0.945501772960974165E+02    0.499990069299918322E-01    0.304863584388521347E+00    0.654819413939557580E+04
    0.860013594932467540E+00    0.479357825048198833E+02    0.415319455621115247E-01    0.438780890903296084E+00    0.786127226362820730E+00   -0.511572460913661299E-02    0.414025544583404397E-02    0.751582084536176365E+00    0.945657218185728112E+02    0.499677733944234037E-01    0.302174915067654315E+00    0.654824162377567973E+04
    0.871791268993933222E+00    0.417752549806426501E+02    0.481292987767542174E-01    0.403946165133540758E+00    0.781511736298102333E+00    0.177112449371420537E-02    0.130367219595814454E-03    0.742681664633930372E+00    0.944662184868075485E+02    0.499577040367348707E-01    0.297937446626309277E+00    0.654826374877412218E+04
    0.886010386488739199E+00    0.423014044214463993E+02    0.453487645607368872E-01    0.404597556249057244E+00    0.788372039174857098E+00   -0.152569853486159493E-02    0.240591047193348950E-02    0.677978123675152200E+00    0.946993264729356952E+02    0.499499927867447235E-01    0.303002973048394630E+00    0.654829618659384141E+04
    0.879678795341469089E+00    0.412925239149774086E+02    0.420533378127721097E-01    0.417231550065769619E+00    0.785734468649309847E+00   -0.150061797993939253E-02   -0.254913966215884009E-02    0.721708690237906181E+00    0.948900504687590853E+02    0.499265111126476757E-01    0.303205016318813192E+00    0.654830945665341642E+04
    0.859504299621675849E+00    0.481038667710828776E+02    0.494014325890431566E-01    0.378572026035826070E+00    0.783088451604723956E+00    0.287545969601430719E-03    0.214052402739740117E-02    0.776607604600806356E+00    0.945788014063704452E+02    0.499708584648771298E-01    0.304746155383087469E+00    0.654836096041912060E+04
    0.862967014865912763E+00    0.465420426234869780E+02    0.424926054110984566E-01    0.431498696812170068E+00    0.782014822630638484E+00   -0.212294114112960425E-02    0.294061602924976457E-02    0.782201751293280734E+00    0.948155504575514954E+02    0.499868078153643813E-01    0.297295226685019953E+00    0.654838081475330455E+04
    0.853833789754101846E+00    0.448282925056666386E+02    0.431368368433409852E-01    0.434639560182054407E+00    0.788976835607585025E+00   -0.159694782532876782E-02   -0.371290635223553585E-03    0.678574985558433097E+00    0.945653591490591197E+02    0.499883005186368065E-01    0.296462675248741925E+00    0.654838953652039527E+04
    0.869036550927637763E+00    0.512123727383336842E+02    0.475389154711084450E-01    0.399299914981381843E+00    0.782480053306849110E+00    0.145236382075818659E-02   -0.526912495721553012E-04    0.762506122838690570E+00    0.944699886295205005E+02    0.499886878518336908E-01    0.301995968767510614E+00    0.654846106365006199E+04
    0.867207170185665621E+00    0.455490646044249274E+02    0.399352838482348316E-01    0.437830920983393268E+00    0.782793171045209735E+00   -0.242225770115074091E-02    0.169994447977504554E-02    0.664524571845149681E+00    0.948919450050369448E+02    0.499750001492523799E-01    0.309067221136541392E+00    0.654848489097282618E+04
    0.874319027676569327E+00    0.424063138240608666E+02    0.445657346809434085E-01    0.422135457612392240E+00    0.783963574225625348E+00   -0.890335958396167026E-02    0.264164075974324987E-02    0.736727428801549955E+00    0.946134228430191513E+02    0.499601942290102824E-01    0.300406494290583137E+00    0.654848895254526906E+04
    0.869330754213984980E+00    0.445934642800548104E+02    0.441838423021396753E-01    0.424391975369879437E+00    0.788763149956457132E+00    0.183259493620162393E-02    0.145356557896365087E-02    0.727960661857001368E+00    0.931233153484674574E+02    0.499840128021351582E-01    0.304795814696561862E+00    0.654851740502049688E+04
    0.841296799873296419E+00    0.460181054065014763E+02    0.451053496275028304E-01    0.407959982139185162E+00    0.783301996600274997E+00   -0.129816137750156358E-02   -0.370825991986084178E-03    0.695744025935379762E+00    0.945433592919757189E+02    0.499822225462500103E-01    0.303952189930309646E+00    0.654854094030613032E+04
    0.883789638660948729E+00    0.419916218394189471E+02    0.489568947543205096E-01    0.393083863943247680E+00    0.785761500730024820E+00   -0.363570487458847284E-02    0.541557328588870257E-04    0.748756040391639899E+00    0.941138866883563026E+02    0.499996098604889166E-01    0.311455010902940199E+00    0.654860398742815414E+04
    0.868583831109251525E+00    0.441175433361630311E+02    0.428544261857455727E-01    0.428041372273273879E+00    0.788069078424643910E+00   -0.175654068940814452E-02    0.316776809636146878E-02    0.790038996128485382E+00    0.942251309757296269E+02    0.499697573919247601E-01    0.300031176153016443E+00    0.654866619978417748E+04
    0.839432916186713896E+00    0.426194609686308823E+02    0.405862666244635323E-01    0.436996786174586704E+00    0.788173189632832338E+00    0.198323505975030569E-02    0.996268594707115608E-03    0.724250247209527798E+00    0.948059388722344494E+02    0.499997790139750445E-01    0.308653599588324445E+00    0.654867997063113216E+04
    0.878023253023957562E+00    0.470222967989583154E+02    0.445687940997653437E-01    0.408980712092373300E+00    0.783609939074482509E+00   -0.195232554045982314E-02    0.280376930079790808E-02    0.692064230282835813E+00    0.949317038941704823E+02    0.498476068958500218E-01    0.306343605321555468E+00    0.654869514966590577E+04
    0.868242005874529044E+00    0.408477357651117927E+02    0.461231578581402443E-01    0.408938867855745958E+00    0.782391703405410421E+00   -0.773201060143002220E-02    0.248350929887716614E-02    0.723777512918712285E+00    0.947064957399443870E+02    0.499849083939180733E-01    0.301812340585791594E+00    0.654869840247129923E+04
    0.855362895847676774E+00    0.412936909928800162E+02    0.457094131647688418E-01    0.404753155756570004E+00    0.782377883364867355E+00   -0.223836316508772316E-02    0.303445681309170165E-02    0.728692141356910739E+00    0.945344119154548252E+02    0.499875927314457624E-01    0.301765506351958701E+00    0.654870514536587689E+04
    0.869722876849546078E+00    0.458408064499317618E+02    0.389517766627514098E-01    0.459987269903572971E+00    0.786270363562915242E+00   -0.799832710509601344E-03    0.254121542650070930E-03    0.693937723559154618E+00    0.944720879210550919E+02    0.498887046116949159E-01    0.302977824341660984E+00    0.654872583444250449E+04
    0.896024721767239019E+00    0.442712423912779656E+02    0.452463841788764282E-01    0.420026152618082738E+00    0.785556113002465306E+00   -0.379057517807861698E-02    0.250219282201722933E-02    0.747314361992417853E+00    0.939871912063752006E+02    0.499103419243876467E-01    0.296663753468239921E+00    0.654872690366764618E+04
    0.878729220968625158E+00    0.407994451223673806E+02    0.416684259224147091E-01    0.434163059927162975E+00    0.780513335016554843E+00   -0.272710058733475341E-02    0.382447501411099225E-02    0.731589014045633923E+00    0.949609441842212334E+02    0.499754731949267270E-01    0.298807893735132557E+00    0.654885283869894556E+04
    0.855566199600931609E+00    0.468802190261400966E+02    0.484342210374481552E-01    0.391476353358198637E+00    0.783729867107131328E+00   -0.465406938205211070E-02   -0.253267109619625995E-02    0.743654080158318576E+00    0.939573030975942487E+02    0.499488173356121418E-01    0.305400081973682624E+00    0.654886423801095771E+04
    0.872912756811629276E+00    0.477404205585618300E+02    0.423783081379021515E-01    0.432915725275524466E+00    0.780794391424734946E+00    0.256155277919947787E-02    0.826021926904513672E-03    0.688495330236927661E+00    0.948246228684093353E+02    0.499762807844106177E-01    0.308672065060095480E+00    0.654902947684670744E+04
    0.888665644109017494E+00    0.458040319388939423E+02    0.418392313082298628E-01    0.434108685054542698E+00    0.783473267177976940E+00    0.413945400335839937E-02    0.133367759744165899E-02    0.683507907995679509E+00    0.945112458981746784E+02    0.499835570845835672E-01    0.299599642712290226E+00    0.654904911036529757E+04
    0.881301107030147524E+00    0.459896101765535761E+02    0.454608627081914823E-01    0.401389943648831515E+00    0.778534009189736365E+00    0.371837151813362091E-02   -0.146357098751841359E-02    0.734876101055237374E+00    0.945436127330361984E+02    0.499545537195229539E-01    0.302894786676478678E+00    0.654915645377938381E+04
    0.871790272182140669E+00    0.412566017084846806E+02    0.496465016989196539E-01    0.372646265135581523E+00    0.782219818663414168E+00   -0.237331400848758136E-02   -0.208934022042697211E-02    0.763396512025128260E+00    0.946439393325939022E+02    0.499560846912342413E-01    0.308345531026309350E+00    0.654917459237462572E+04
    0.864768504100066782E+00    0.442867503767227078E+02    0.451046981657350632E-01    0.414249773638482699E+00    0.786847629617554167E+00   -0.470790100544247938E-02    0.247082726408237585E-02    0.691781090048813940E+00    0.949405776135282196E+02    0.499995744534775730E-01    0.312056636121390174E+00    0.654919218110669681E+04
    0.871107976106605175E+00    0.446276861312391731E+02    0.432753400949521805E-01    0.433102653857522391E+00    0.782504914896468673E+00    0.475568746587640666E-03    0.473454750091950626E-03    0.733734858502146370E+00    0.937118826350615564E+02    0.499343940364708264E-01    0.302423725431773538E+00    0.654922403405676687E+04
    0.867751911835918488E+00    0.482736914780422524E+02    0.398779569885727644E-01    0.447913679190866332E+00    0.788045713181610763E+00   -0.256120548064078584E-02    0.316180496055570913E-03    0.758193315130031298E+00    0.949735619331776633E+02    0.499577867126469316E-01    0.300174644374735400E+00    0.654924169298245033E+04
    0.874508681034015023E+00    0.464130113659632215E+02    0.428215054362388881E-01    0.427616078290144808E+00    0.780663013734031686E+00   -0.658591090774574006E-02    0.896995600342068524E-03    0.742547603871812956E+00    0.944360993184134259E+02    0.499379914048341603E-01    0.302026323177460032E+00    0.654924238379586131E+04
    0.887941592209091857E+00    0.440446407309505616E+02    0.494969411976013615E-01    0.389319590174751595E+00    0.784908880612128268E+00   -0.202878178517824524E-02    0.378510027649842735E-03    0.741802089207809989E+00    0.943717792730335958E+02    0.499004738592122993E-01    0.309400299391366373E+00    0.654937541008949756E+04
    0.875377594234975298E+00    0.489868000862167676E+02    0.439636586658116030E-01    0.425541146773995238E+00    0.782887606793227331E+00   -0.126165071894175597E-02   -0.328254243862088554E-02    0.737954418848427718E+00    0.945728771393019514E+02    0.499458214937250761E-01    0.301081468739970992E+00    0.654925520177307044E+04
    0.870168003552683866E+00    0.454572449956852864E+02    0.444254603803624706E-01    0.418402925926128821E+00    0.784137291680919390E+00   -0.882516356762390021E-04    0.307304092045779795E-03    0.690476902964262340E+00    0.949317790488740343E+02    0.498877026320333553E-01    0.309252587663273459E+00    0.654950628975575637E+04
    0.880470982534552693E+00    0.432796227112899103E+02    0.469500646315798020E-01    0.406807512120775150E+00    0.783352566852845045E+00   -0.231118640596963965E-02    0.328731678477710764E-02    0.700320535421633084E+00    0.948064353375782645E+02    0.499937833682862071E-01    0.301474149804333291E+00    0.655114007860446873E+04
    0.880470982534552693E+00    0.432796227112899103E+02    0.469500646315798020E-01    0.406807512120775150E+00    0.783352566852845045E+00   -0.231118640596963965E-02    0.328731678477710764E-02    0.700320535421633084E+00    0.948064353375782645E+02    0.499937833682862071E-01    0.301474149804333291E+00    0.655114007860446873E+04
    0.880470982534552693E+00    0.432796227112899103E+02    0.469500646315798020E-01    0.406807512120775150E+00    0.783352566852845045E+00   -0.231118640596963965E-02    0.328731678477710764E-02    0.700320535421633084E+00    0.948064353375782645E+02    0.499937833682862071E-01    0.301474149804333291E+00    0.655114007860446873E+04
    0.880470982534552693E+00    0.432796227112899103E+02    0.469500646315798020E-01    0.406807512120775150E+00    0.783352566852845045E+00   -0.231118640596963965E-02    0.328731678477710764E-02    0.700320535421633084E+00    0.948064353375782645E+02    0.499937833682862071E-01    0.301474149804333291E+00    0.655114007860446873E+04
    0.880470982534552693E+00    0.432796227112899103E+02    0.469500646315798020E-01    0.406807512120775150E+00    0.783352566852845045E+00   -0.231118640596963965E-02    0.328731678477710764E-02    0.700320535421633084E+00    0.948064353375782645E+02    0.499937833682862071E-01    0.301474149804333291E+00    0.655114007860446873E+04
    0.880470982534552693E+00    0.432796227112899103E+02    0.469500646315798020E-01    0.406807512120775150E+00    0.783352566852845045E+00   -0.231118640596963965E-02    0.328731678477710764E-02    0.700320535421633084E+00    0.948064353375782645E+02    0.499937833682862071E-01    0.301474149804333291E+00    0.655114007860446873E+04
    0.855935622284539122E+00    0.445534118491219289E+02    0.488951496171709243E-01    0.389573323419839523E+00    0.783617234218761283E+00   -0.820032177010918996E-02   -0.766676321694714476E-03    0.730128743124156543E+00    0.947831247564881778E+02    0.499680053321290910E-01    0.309128083211331672E+00    0.654963528444973781E+04
    0.850755482081754666E+00    0.427804389871730422E+02    0.444324377704907736E-01    0.416507326207827600E+00    0.787999962682674138E+00   -0.486236925912196093E-02    0.102131150237047682E-02    0.740394591822793324E+00    0.949190247169613315E+02    0.499844833891348664E-01    0.308183590725958967E+00    0.654992932544220093E+04
    0.850755482081754666E+00    0.427804389871730422E+02    0.444324377704907736E-01    0.416507326207827600E+00    0.787999962682674138E+00   -0.486236925912196093E-02    0.102131150237047682E-02    0.740394591822793324E+00    0.949190247169613315E+02    0.499844833891348664E-01    0.308183590725958967E+00    0.654992932544220093E+04
    0.867660670706707604E+00    0.443058940649337387E+02    0.418513643561679652E-01    0.441336109271764698E+00    0.787003968269036402E+00   -0.217582094657149325E-02    0.820671193445972867E-04    0.739378525671047671E+00    0.949894799004495383E+02    0.499748118026382693E-01    0.293385629414390225E+00    0.655044594748580948E+04
    0.867660670706707604E+00    0.443058940649337387E+02    0.418513643561679652E-01    0.441336109271764698E+00    0.787003968269036402E+00   -0.217582094657149325E-02    0.820671193445972867E-04    0.739378525671047671E+00    0.949894799004495383E+02    0.499748118026382693E-01    0.293385629414390225E+00    0.655044594748580948E+04
    0.867660670706707604E+00    0.443058940649337387E+02    0.418513643561679652E-01    0.441336109271764698E+00    0.787003968269036402E+00   -0.217582094657149325E-02    0.820671193445972867E-04    0.739378525671047671E+00    0.949894799004495383E+02    0.499748118026382693E-01    0.293385629414390225E+00    0.655044594748580948E+04
    0.882517237222341100E+00    0.458627033290303672E+02    0.493656761087354831E-01    0.381063382776320014E+00    0.786592670175109365E+00    0.260754115798583102E-03   -0.776256083073391552E-04    0.790033412542350155E+00    0.939644174401713030E+02    0.499915801912566016E-01    0.304811614113045415E+00    0.654937142520449925E+04
    0.859098416897425610E+00    0.436615256090452704E+02    0.456838407963772383E-01    0.416056964606396240E+00    0.787696133358502082E+00    0.699140179061214591E-04   -0.270098636732783032E-02    0.737686819816529282E+00    0.937514729161527214E+02    0.499707302467895936E-01    0.303677372057723827E+00    0.654944094673762083E+04
    0.895691664723643477E+00    0.451546474345168676E+02    0.474809963847215716E-01    0.401677175693754718E+00    0.785894275649028251E+00   -0.647370437602207312E-02   -0.162346798806546405E-02    0.735326799461523350E+00    0.948801031831341675E+02    0.499973737461725520E-01    0.295610438769175254E+00    0.654994919533370557E+04
    0.866385752956231103E+00    0.475646581244556046E+02    0.486230318214842527E-01    0.387351653080575453E+00    0.777644258068222127E+00   -0.745819050675838494E-04   -0.750818359417713033E-03    0.728807299740618197E+00    0.943153658431236579E+02    0.499349103620525259E-01    0.307865792029980434E+00    0.654952884299030757E+04
    0.861367025987786472E+00    0.412383592118275359E+02    0.467929473969157100E-01    0.396680337712031594E+00    0.781039562110178887E+00    0.150319227444574519E-02   -0.889406972923357684E-03    0.749590518935992489E+00    0.946444208808519249E+02    0.499674164825062161E-01    0.306586930665883606E+00    0.654993891482178242E+04
    0.868594108545146515E+00    0.472999079438840582E+02    0.476767655605870727E-01    0.396481115178550281E+00    0.778092463457266903E+00   -0.957968045706723576E-03    0.500776978365919008E-02    0.716050617332375072E+00    0.945232581588641096E+02    0.499893513245039806E-01    0.307801991681318776E+00    0.654930703813157015E+04
    0.877446934534422462E+00    0.453078733898702808E+02    0.495287372273204296E-01    0.392385280537842551E+00    0.781470079729131739E+00   -0.368858086238058784E-02    0.393652947818318340E-02    0.737612532615927963E+00    0.936415642469353600E+02    0.499440522847749077E-01    0.304444829981971088E+00    0.654924750122769001E+04
    0.860999814901646565E+00    0.429709727557401351E+02    0.440673237411893792E-01    0.406051877654165172E+00    0.783107067510300459E+00   -0.401597944897210974E-02    0.293228731153458556E-03    0.735538308266619700E+00    0.942542027908459517E+02    0.499793326568191421E-01    0.308830881541100832E+00    0.655000467315716742E+04
    0.860999814901646565E+00    0.429709727557401351E+02    0.440673237411893792E-01    0.406051877654165172E+00    0.783107067510300459E+00   -0.401597944897210974E-02    0.293228731153458556E-03    0.735538308266619700E+00    0.942542027908459517E+02    0.499793326568191421E-01    0.308830881541100832E+00    0.655000467315716742E+04
    0.885001241215965018E+00    0.458564854534308850E+02    0.453058038292460594E-01    0.409918047854566980E+00    0.785753713278214971E+00   -0.341069217723245842E-03   -0.284085019506108384E-02    0.713456828859553860E+00    0.948867105145702112E+02    0.498489150533035011E-01    0.303677648082083473E+00    0.654942046832609958E+04
    0.870103520275370412E+00    0.456969959569555044E+02    0.408930243649575295E-01    0.437589773127459281E+00    0.788367932196896826E+00   -0.163055970741731170E-03   -0.178136160010884865E-02    0.778899272845779200E+00    0.946650460636972184E+02    0.499995269720999447E-01    0.298310344340365075E+00    0.654976632921457895E+04
    0.879883608771549808E+00    0.462444921400101236E+02    0.480907196548179122E-01    0.390592975195724335E+00    0.778160774197243943E+00   -0.196492813538566048E-02    0.365713388809191914E-03    0.713096587532841220E+00    0.947838384314659237E+02    0.498751304457375338E-01    0.306107928454275091E+00    0.654949962917751418E+04
    0.879883608771549808E+00    0.462444921400101236E+02    0.480907196548179122E-01    0.390592975195724335E+00    0.778160774197243943E+00   -0.196492813538566048E-02    0.365713388809191914E-03    0.713096587532841220E+00    0.947838384314659237E+02    0.498751304457375338E-01    0.306107928454275091E+00    0.654949962917751418E+04
    0.893666976136315849E+00    0.459998415870573041E+02    0.420319910918383333E-01    0.441483075990914853E+00    0.782541301771140896E+00   -0.211317814992602500E-02    0.413320313472422506E-02    0.716475328614635476E+00    0.948647484205670537E+02    0.499645257452685579E-01    0.295994673659086494E+00    0.654947926881051626E+04
    0.871557864138525540E+00    0.470461413409153977E+02    0.484326673643540873E-01    0.393650654174580894E+00    0.779531391535512430E+00    0.669789438252591071E-03    0.133399796206830259E-02    0.744888568111257143E+00    0.943471760625460547E+02    0.499520803933414109E-01    0.300713217808300182E+00    0.654942624698055351E+04
    0.890721745173382318E+00    0.461766151585568849E+02    0.466115024914598303E-01    0.410290135221749175E+00    0.784606709740498176E+00   -0.601453238391398801E-03    0.567773097828666514E-04    0.751152073118803165E+00    0.935292325511177580E+02    0.499931699091995946E-01    0.302389586662750454E+00    0.655037813966711292E+04
    0.890721745173382318E+00    0.461766151585568849E+02    0.466115024914598303E-01    0.410290135221749175E+00    0.784606709740498176E+00   -0.601453238391398801E-03    0.567773097828666514E-04    0.751152073118803165E+00    0.935292325511177580E+02    0.499931699091995946E-01    0.302389586662750454E+00    0.655037813966711292E+04
    0.860955686089319716E+00    0.416065296049984354E+02    0.457939450214884108E-01    0.413455849789406971E+00    0.783516329916938425E+00   -0.148800068314954058E-02    0.187589324159005482E-02    0.739386598797121541E+00    0.945122208676156674E+02    0.499655456116066821E-01    0.304789884563114954E+00    0.655013717060503132E+04
    0.860955686089319716E+00    0.416065296049984354E+02    0.457939450214884108E-01    0.413455849789406971E+00    0.783516329916938425E+00   -0.148800068314954058E-02    0.187589324159005482E-02    0.739386598797121541E+00    0.945122208676156674E+02    0.499655456116066821E-01    0.304789884563114954E+00    0.655013717060503132E+04
    0.859261940024865778E+00    0.476013105399438530E+02    0.476227967059233565E-01    0.402075734090417969E+00    0.778945974756146686E+00   -0.251973178593172713E-02   -0.341697620828285148E-04    0.734824096627350487E+00    0.947219259723742937E+02    0.499965425180566025E-01    0.309399099587504556E+00    0.654990321034097633E+04
    0.859261940024865778E+00    0.476013105399438530E+02    0.476227967059233565E-01    0.402075734090417969E+00    0.778945974756146686E+00   -0.251973178593172713E-02   -0.341697620828285148E-04    0.734824096627350487E+00    0.947219259723742937E+02    0.499965425180566025E-01    0.309399099587504556E+00    0.654990321034097633E+04
    0.894682402891914252E+00    0.424306508207157052E+02    0.434431488863261731E-01    0.420782792171125519E+00    0.782279317271032948E+00   -0.476301077002510165E-02    0.251041879759834928E-02    0.707899333213623638E+00    0.946068914158850021E+02    0.499423641594103698E-01    0.301295056021593899E+00    0.654947116225977334E+04
    0.852348556137323632E+00    0.430209476123933996E+02    0.487939528148335494E-01    0.393010845471516823E+00    0.783101842091081579E+00   -0.127837243990985361E-02   -0.204364207540834496E-02    0.727960419734034914E+00    0.943249192491428801E+02    0.499906370927637247E-01    0.304579052238145964E+00    0.655040140914699805E+04
    0.852348556137323632E+00    0.430209476123933996E+02    0.487939528148335494E-01    0.393010845471516823E+00    0.783101842091081579E+00   -0.127837243990985361E-02   -0.204364207540834496E-02    0.727960419734034914E+00    0.943249192491428801E+02    0.499906370927637247E-01    0.304579052238145964E+00    0.655040140914699805E+04
    0.852348556137323632E+00    0.430209476123933996E+02    0.487939528148335494E-01    0.393010845471516823E+00    0.783101842091081579E+00   -0.127837243990985361E-02   -0.204364207540834496E-02    0.727960419734034914E+00    0.943249192491428801E+02    0.499906370927637247E-01    0.304579052238145964E+00    0.655040140914699805E+04
    0.887338070443051019E+00    0.458525820870929834E+02    0.472266232472679306E-01    0.408751638659967109E+00    0.781156000953105445E+00   -0.600836294508842392E-02    0.659253163063800579E-03    0.722554593884428775E+00    0.948582789361983885E+02    0.499429161711388639E-01    0.302411298353626901E+00    0.654955600895869338E+04
    0.876116693432494653E+00    0.437501081723802443E+02    0.443470136280089550E-01    0.412577825809447185E+00    0.779531009614960357E+00    0.119443941836587194E-02    0.168991760311691837E-02    0.737639095737003592E+00    0.946112952667897389E+02    0.499368815899347909E-01    0.302144026879271776E+00    0.654983351558939921E+04
    0.876116693432494653E+00    0.437501081723802443E+02    0.443470136280089550E-01    0.412577825809447185E+00    0.779531009614960357E+00    0.119443941836587194E-02    0.168991760311691837E-02    0.737639095737003592E+00    0.946112952667897389E+02    0.499368815899347909E-01    0.302144026879271776E+00    0.654983351558939921E+04
    0.878898502236174384E+00    0.457647179269690412E+02    0.474036968672147951E-01    0.407820848552485349E+00    0.782134925206819376E+00   -0.750035680454530420E-02    0.189631378416054786E-02    0.735333199222413136E+00    0.946553446302602026E+02    0.499921048807784735E-01    0.302734910549510294E+00    0.654979840938478901E+04
    0.867047793774654574E+00    0.461043378617466288E+02    0.382483285989521707E-01    0.473503351171776388E+00    0.786853896436779610E+00   -0.940199046584777771E-03    0.748191787603329824E-03    0.743845008142565822E+00    0.944040859221704522E+02    0.499818198385678092E-01    0.295401092388870246E+00    0.654975046460990325E+04
    0.868722458691397192E+00    0.461542758913475026E+02    0.437621580236839253E-01    0.424536238514536812E+00    0.790518972859873159E+00   -0.389337186452111883E-02    0.663857546085124613E-03    0.720938637906986313E+00    0.947265769016165962E+02    0.499906430629290383E-01    0.302061596703811219E+00    0.655031418358249812E+04
    0.868722458691397192E+00    0.461542758913475026E+02    0.437621580236839253E-01    0.424536238514536812E+00    0.790518972859873159E+00   -0.389337186452111883E-02    0.663857546085124613E-03    0.720938637906986313E+00    0.947265769016165962E+02    0.499906430629290383E-01    0.302061596703811219E+00    0.655031418358249812E+04
    0.868722458691397192E+00    0.461542758913475026E+02    0.437621580236839253E-01    0.424536238514536812E+00    0.790518972859873159E+00   -0.389337186452111883E-02    0.663857546085124613E-03    0.720938637906986313E+00    0.947265769016165962E+02    0.499906430629290383E-01    0.302061596703811219E+00    0.655031418358249812E+04
