    0.840003410266159083E-97    0.562079374501984421E+04    0.246595471517445070E+00    0.756211540629605938E+01    0.107188258080826770E+01
    0.298506287727259171E-95    0.561358596789049352E+04    0.188226699779893147E+01    0.971679077922787116E+01    0.926332151182400310E+00
    0.595671637439616152E-95    0.561213750407518091E+04    0.123640970085837765E+01    0.857627615529385068E+01    0.968107722001246174E+00
    0.327222709697110069E-94    0.560866376434824997E+04    0.156518876953984587E+01    0.864825138417971573E+01    0.917617761556694944E+00
    0.341080899168871280E-94    0.560851414031833156E+04    0.164003440798204148E+01    0.905681899016330050E+01    0.931959543143904057E+00
    0.380636916282715821E-93    0.560362285095565676E+04    0.116163096875739358E+01    0.847739357642900515E+01    0.931333995761638889E+00
    0.293149350887283104E-91    0.559486817138897641E+04    0.389509524873680513E+00    0.927182801571895965E+01    0.106562536635723681E+01
    0.778275414675194739E-91    0.559284870821064396E+04    0.577674604254128310E+00    0.765849348128400020E+01    0.984561064012101639E+00
    0.259420894613389057E-90    0.559037412865109400E+04    0.156592259592068217E+01    0.892465091776811192E+01    0.922363402215200523E+00
    0.551843743117926684E-89    0.558419266557099490E+04    0.147157920199695202E+01    0.995135588286002282E+01    0.984200174041532705E+00
    0.506299596326456274E-88    0.557969310141927599E+04    0.715162750531440849E+00    0.732869288066947266E+01    0.959462727991040154E+00
    0.194677868056167504E-84    0.556311731870422773E+04    0.106928892498278971E+01    0.957089515962062620E+01    0.102655773604718270E+01
    0.157185228075020324E-79    0.554045264376221530E+04    0.688139388937701879E+00    0.847148793016197388E+01    0.989962121930609840E+00
    0.114224584544691682E-77    0.553181415343620210E+04    0.427703854829419194E+00    0.768353800249397345E+01    0.106597170326214652E+01
    0.732789360702426767E-74    0.551421459272299944E+04    0.142228298975446599E+01    0.940443732941973565E+01    0.955677716727798554E+00
    0.205730571472609052E-72    0.550747816745895761E+04    0.122482411726978091E+01    0.891610346550014476E+01    0.967899332456905626E+00
    0.419000437086039600E-72    0.550598889168064215E+04    0.900012201391678701E+00    0.948286719738272055E+01    0.988257135350860239E+00
    0.698763167965919730E-71    0.550029417501551325E+04    0.104948587467419507E+01    0.860713837979871599E+01    0.957773084498716898E+00
    0.398387514113151951E-70    0.549674611153122169E+04    0.138649250130260526E+01    0.968343726425229434E+01    0.957008362008346936E+00
    0.469285078948605432E-69    0.549174670419280301E+04    0.108235028453765758E+01    0.863058104599191722E+01    0.958375275015919570E+00
    0.490309623689352495E-69    0.549159238422892486E+04    0.810469266714300862E+00    0.821017092859728059E+01    0.974616031520179504E+00
    0.118952525076126867E-67    0.548514800241440116E+04    0.724096502856505175E+00    0.919470293987504839E+01    0.100646739988364331E+01
    0.262391719782943104E-67    0.548349910767514120E+04    0.239181262725096544E+00    0.806253961780776862E+01    0.110870962513581084E+01
    0.280704633750906145E-67    0.548329751202806347E+04    0.899961663815568302E+00    0.856104619062105066E+01    0.100623902270897503E+01
    0.517843498294934754E-67    0.548200610520400915E+04    0.118568040766969895E+01    0.925265080759694314E+01    0.962111219286176933E+00
    0.122272512572007053E-66    0.548022110996424817E+04    0.106820779054788573E+01    0.864742791572254177E+01    0.976372577557713228E+00
    0.146089839966063090E-66    0.547979850427482779E+04    0.598581982105378385E+00    0.808082772532198490E+01    0.104339652655681192E+01
    0.557546646926005254E-66    0.547705318881465246E+04    0.122667333264915257E+01    0.925185165957798361E+01    0.976352985906331128E+00
    0.149474787391114943E-64    0.547040901865411979E+04    0.109702871773585220E+01    0.882464787808808815E+01    0.977611039735906573E+00
    0.680740067696824522E-64    0.546731024636982056E+04    0.129735339910384329E+01    0.961216947063195803E+01    0.976567342068385358E+00
    0.153031662102425824E-61    0.545641314054395480E+04    0.462964740430299337E+00    0.885690248208618769E+01    0.104914293501581568E+01
    0.187932200832171955E-60    0.545133043084712881E+04    0.938682929643262942E+00    0.846867831673138305E+01    0.979425473313460415E+00
    0.416162498376088639E-60    0.544967377509812104E+04    0.109086342959061233E+01    0.916262289852483214E+01    0.973157291519985534E+00
    0.115031046779642910E-59    0.544757368572778796E+04    0.107067631659108020E+01    0.953804123133700799E+01    0.979907604545687150E+00
    0.132435469260323453E-59    0.544722523218428796E+04    0.580837198872773408E+00    0.967112179517779325E+01    0.104426404074317425E+01
    0.155502674941340637E-59    0.544683743065497038E+04    0.614573158634032946E+00    0.861460271729076510E+01    0.101521800065867751E+01
    0.778594504797898704E-57    0.543433876872895507E+04    0.102919599335365675E+01    0.975394861153828074E+01    0.989009767733232792E+00
    0.866115948950810928E-57    0.543405904523730715E+04    0.494874622532055997E+00    0.887906955722803914E+01    0.110383081472114597E+01
    0.253072116430845500E-56    0.543184789697775705E+04    0.869720287727677843E+00    0.860401884648427817E+01    0.986123125466543016E+00
    0.950615343653886427E-54    0.541992401991555653E+04    0.492449334996820198E+00    0.796977387143215132E+01    0.104309551684121971E+01
    0.107758476921398431E-53    0.541960661727701427E+04    0.532027819415866521E+00    0.811150518134162013E+01    0.102809588839458144E+01
    0.272788714858676309E-53    0.541768234029178802E+04    0.668476095948503435E+00    0.817306037328263280E+01    0.100983224576003039E+01
    0.988186566363635452E-53    0.541504132571516129E+04    0.100749279663987923E+01    0.906770563372967509E+01    0.988585786768981123E+00
    0.153005262223975436E-52    0.541410028725820939E+04    0.782936208012233625E+00    0.971138529101423131E+01    0.107027412735862804E+01
    0.478161970845398623E-51    0.540714949598192743E+04    0.815397375464316787E+00    0.856572232068990758E+01    0.999079517968608499E+00
    0.158018711056533478E-48    0.539548179090891972E+04    0.495827548734609491E+00    0.836512503664575213E+01    0.107054168392724414E+01
    0.746792648146455081E-48    0.539230897600881144E+04    0.237454684450516151E+00    0.919151190624423720E+01    0.113292853326280252E+01
    0.398267834509090007E-47    0.538889446483048141E+04    0.855080207967227723E+00    0.953436170688067897E+01    0.100798040535458533E+01
    0.387258212019163021E-47    0.538888386425365752E+04    0.250561895461534345E+00    0.854736853856695333E+01    0.113572060341456904E+01
    0.787886674705116869E-47    0.538739667242573341E+04    0.652112844414858839E+00    0.994247277279677455E+01    0.104343136363633171E+01
    0.138778518139958905E-46    0.538619778556915662E+04    0.335986979270484376E+00    0.887828935631463700E+01    0.109203238547119241E+01
    0.470279987949849317E-45    0.537908505077905102E+04    0.679977205698840459E+00    0.929793768929273057E+01    0.107210291368143196E+01
    0.314620245895615236E-43    0.537061196752724481E+04    0.512922759906908610E+00    0.877128398154713196E+01    0.108593962203099892E+01
    0.123519674797323034E-42    0.536781006245354729E+04    0.438147625464470114E+00    0.888931206290903475E+01    0.111115741453382100E+01
    0.259381700031622092E-42    0.536625959524964219E+04    0.408978437790446236E+00    0.925222519214878680E+01    0.108049871323461666E+01
    0.482389612125611059E-42    0.536495202580428304E+04    0.557315019140334433E+00    0.840646143042566862E+01    0.104665228296751067E+01
    0.637965331600672245E-42    0.536432629547513716E+04    0.355616934359024583E+00    0.842282172638566706E+01    0.108951909455448259E+01
    0.448478966054905881E-41    0.536035930294390892E+04    0.871647780901422919E+00    0.980364589043736245E+01    0.104853217352946615E+01
    0.182465189916926724E-39    0.535288090063991149E+04    0.453640663930670318E+00    0.843771163188831252E+01    0.106494215855027008E+01
    0.189876283848304293E-39    0.535273460735766548E+04    0.371761164738244831E+00    0.878568444287858696E+01    0.112038893102648807E+01
    0.603132989684266953E-39    0.535035641069757366E+04    0.478908914025296950E+00    0.983801628051628541E+01    0.107759925980431959E+01
    0.677689357676231531E-39    0.535005664145235278E+04    0.592172963947772413E+00    0.859924792338866872E+01    0.103859954508522812E+01
    0.101229335378999755E-36    0.533997706506430859E+04    0.603415924401197401E+00    0.937127187355992497E+01    0.108850863171785051E+01
    0.992509168082823295E-37    0.533994987326413502E+04    0.561881980639845624E+00    0.900329288266766525E+01    0.104677714692375190E+01
    0.114977957155027855E-36    0.533958902804508762E+04    0.629033899369833227E+00    0.914114602919285701E+01    0.107111080257931413E+01
    0.582901500438878055E-36    0.533627580580629456E+04    0.829010738322872864E+00    0.941483036032318132E+01    0.103441228490311588E+01
    0.645047169395817947E-36    0.533600652868797442E+04    0.603980965662167524E+00    0.996658086006605615E+01    0.111285628170449336E+01
    0.260756324546796099E-35    0.533314616602765636E+04    0.702012119616138297E+00    0.938073763781096659E+01    0.103229789474836409E+01
    0.334502219130429949E-35    0.533258138503115333E+04    0.471126610498239895E+00    0.877805235324792221E+01    0.106385195419555423E+01
    0.582183358301298029E-34    0.532680126431245117E+04    0.929015004331287475E+00    0.997091572673797444E+01    0.103490640494459996E+01
    0.161613385974984224E-33    0.532469258439995974E+04    0.671829729765134553E+00    0.973536017761374950E+01    0.104352358505700060E+01
    0.319516595611194670E-33    0.532326271325678590E+04    0.892461545872214601E+00    0.992372085567516038E+01    0.102346107542736320E+01
    0.430982753482601333E-33    0.532259752887158265E+04    0.876099116931404853E+00    0.997597194781203456E+01    0.104758329784590387E+01
    0.561226272040445952E-33    0.532200275003092975E+04    0.693463670940065446E+00    0.915994749697502897E+01    0.103400223262472934E+01
    0.101380752359611786E-32    0.532075339499222355E+04    0.602736627159900507E+00    0.894256809414123310E+01    0.104453307447574062E+01
    0.354249003904613533E-32    0.531818449470051019E+04    0.591292296448281407E+00    0.886827394205318953E+01    0.104799606357640229E+01
    0.979112332899560530E-32    0.531608453541041126E+04    0.504293836116642580E+00    0.872486053099671466E+01    0.106614943861230671E+01
    0.109644938508640678E-31    0.531579149668790342E+04    0.525012024653166209E+00    0.879512046688445892E+01    0.107097432993564823E+01
    0.208990445875496171E-29    0.530522440720118266E+04    0.640696659287782744E+00    0.909801434910380991E+01    0.105618773227375584E+01
    0.255370156193165079E-29    0.530475688943826663E+04    0.740013505117800729E+00    0.990385291738963858E+01    0.104051384245645906E+01
    0.268841884185973667E-29    0.530458740411135113E+04    0.784096252551563788E+00    0.953946972380195390E+01    0.104241309605043142E+01
    0.269847218277158608E-29    0.530451327239477905E+04    0.372294578992220238E+00    0.885656846429933609E+01    0.109796623490889367E+01
    0.271240358436013424E-29    0.530443630689075417E+04    0.545943132791264718E+00    0.892893390452111113E+01    0.105846129689985524E+01
    0.110694557566065487E-28    0.530155693140728363E+04    0.382572388165287325E+00    0.882795980692301008E+01    0.109748634860600269E+01
    0.185776414889904495E-28    0.530045472632968085E+04    0.871617533230755859E+00    0.999598638118595950E+01    0.103292949937703327E+01
    0.104549397551388147E-27    0.529693265791023805E+04    0.361705884582485759E+00    0.886225914513026325E+01    0.110834136448016274E+01
    0.103245970488948828E-27    0.529689108216200839E+04    0.559415772050165794E+00    0.976819606734824930E+01    0.106623528576584192E+01
    0.259870136255030310E-27    0.529497827984342985E+04    0.757321814378965730E+00    0.955086035479830997E+01    0.104746611732858419E+01
    0.162172911221122552E-25    0.528664431062690892E+04    0.575223922038665902E+00    0.946183753740951872E+01    0.106038277113426460E+01
    0.170453145296775969E-25    0.528647804929608083E+04    0.351903121724799317E+00    0.898043872320615399E+01    0.111034153548197168E+01
    0.197769787982669678E-25    0.528611409619745427E+04    0.534139645970897137E+00    0.905165410403570725E+01    0.107711650568658968E+01
    0.792104719846670086E-25    0.528327224965516962E+04    0.724279069296563049E+00    0.959147860790999296E+01    0.104515592606339247E+01
    0.253264288700083391E-24    0.528088093288699929E+04    0.766212936227010255E+00    0.985004468399111310E+01    0.104322634878423592E+01
    0.270548063147410287E-24    0.528068223381581720E+04    0.754973584685442067E+00    0.981185570926048101E+01    0.105959177681713967E+01
    0.508775801755905972E-24    0.527935245177648085E+04    0.301330096608538656E+00    0.913073039796933372E+01    0.113011701906222939E+01
    0.619325476811522290E-24    0.527889253812236893E+04    0.544384007040873641E+00    0.923272531814300201E+01    0.108517292751069050E+01
    0.309883848599255382E-23    0.527560556806940440E+04    0.696491380066155630E+00    0.970986615306192036E+01    0.104947075925328370E+01
    0.322050652843893449E-23    0.527546187881311562E+04    0.306510948848215892E+00    0.911307319355299938E+01    0.113189661969285815E+01
    0.148223253396526503E-22    0.527234202042861762E+04    0.504611838544570812E+00    0.925691631618463973E+01    0.107432881938701108E+01
    0.309858996850126026E-22    0.527080055828381046E+04    0.343615988991401111E+00    0.913044004744506843E+01    0.111643695272841903E+01
    0.777499645662206049E-22    0.526889395993078415E+04    0.479724751304068942E+00    0.935579216340797437E+01    0.108054647716359575E+01
    0.103497471823079287E-21    0.526825519508360230E+04    0.720112962833436954E+00    0.968998830446255788E+01    0.105445776397599644E+01
    0.161261223168525051E-21    0.526730157167949073E+04    0.714663921332920449E+00    0.968896063893620862E+01    0.105329868073589950E+01
    0.395784993202035114E-21    0.526543921388672970E+04    0.591009102572820244E+00    0.954348369706494104E+01    0.106351533200030879E+01
    0.288768324297747851E-20    0.526139786982757960E+04    0.328023950427064948E+00    0.917699748265119908E+01    0.113165201344286359E+01
    0.581573255758100491E-20    0.525993097871959617E+04    0.571197390888446344E+00    0.942933296091466033E+01    0.108408055990410368E+01
    0.885353494779257029E-20    0.525902381194666123E+04    0.556915243983946540E+00    0.932758500246478839E+01    0.107144003204109772E+01
    0.205912842683745346E-18    0.525266387292580748E+04    0.392623508436512170E+00    0.919199934900105475E+01    0.110873794563313588E+01
    0.341090535704871501E-18    0.525158781634483421E+04    0.459212029688358447E+00    0.928412231423766698E+01    0.109011288410349749E+01
    0.500007586453335278E-18    0.525075619902103062E+04    0.330093928399716185E+00    0.925341851016342432E+01    0.113324203557348113E+01
    0.720657579206285612E-18    0.524995845069748248E+04    0.242587475076329051E+00    0.953769803383313786E+01    0.116393465889343339E+01
    0.851270705516571489E-18    0.524955865186846677E+04    0.694600135762082127E+00    0.983545515447160312E+01    0.106019298641156468E+01
    0.100849571524601043E-17    0.524915301534596892E+04    0.573117264363265821E+00    0.943184026226714600E+01    0.107609997807663937E+01
    0.265812918883101639E-17    0.524714802321305979E+04    0.317330885258365503E+00    0.942403580254778106E+01    0.115173928708186502E+01
    0.295685451997148783E-17    0.524686834958988402E+04    0.296576428908353507E+00    0.959571349153172903E+01    0.113880906668720527E+01
    0.458555122906174879E-17    0.524592411435964823E+04    0.373485195357284194E+00    0.958544816372151587E+01    0.111350328275414157E+01
    0.709531999127047501E-17    0.524498439751772912E+04    0.451391092930222615E+00    0.943426743368699761E+01    0.109306412450987089E+01
    0.156627954265028905E-16    0.524333402530801686E+04    0.605904390025021389E+00    0.978521754502662233E+01    0.106890373409317441E+01
    0.165877829086927686E-16    0.524315260209539701E+04    0.590788157360181976E+00    0.967909404722266054E+01    0.107054543135025604E+01
    0.706433622287719810E-16    0.524018798003516076E+04    0.611933417279808545E+00    0.963209723926372519E+01    0.107449489259027686E+01
    0.175460426013976261E-15    0.523830177462279880E+04    0.655509563496849079E+00    0.989487646309351554E+01    0.106582364638394012E+01
    0.292688145593907459E-15    0.523721171962012158E+04    0.323111177855282872E+00    0.952600267340059581E+01    0.113136597800037109E+01
    0.114765053811113974E-14    0.523441232409637360E+04    0.624172318486178157E+00    0.973310624646342504E+01    0.107418060044687280E+01
    0.250278016548367979E-14    0.523278628675383607E+04    0.281508302810321465E+00    0.954120371469047512E+01    0.115025540950981053E+01
    0.451890968414315739E-14    0.523153788295868253E+04    0.367328973848346951E+00    0.936562078905500783E+01    0.112547055809495866E+01
    0.620956613575304381E-14    0.523083557572468999E+04    0.318901389969104498E+00    0.966407883588693117E+01    0.113471539079734107E+01
    0.155872849013955859E-13    0.522892818009123312E+04    0.298435455662400595E+00    0.954060003144905799E+01    0.115852451803852929E+01
    0.709349430203576162E-13    0.522583089812453363E+04    0.256612135748942205E+00    0.968646660381087443E+01    0.116281853612734132E+01
    0.210129584425528141E-12    0.522359230896265944E+04    0.332926516039423137E+00    0.952511181035629484E+01    0.113273382526367250E+01
    0.304014967487699489E-12    0.522278693724349432E+04    0.351833034097132569E+00    0.956811019297737175E+01    0.112592352719128996E+01
    0.342536164049758651E-12    0.522248166996634063E+04    0.514395481485489414E+00    0.963890477110305177E+01    0.108845253960859800E+01
    0.730893209018980398E-12    0.522089922306049448E+04    0.322978346591870080E+00    0.970940993599537627E+01    0.113593271561739151E+01
    0.101114599968692517E-11    0.522018341187467922E+04    0.494502646135297375E+00    0.956221832142759176E+01    0.110072873714605279E+01
    0.136247200450735855E-11    0.521952031248917774E+04    0.360228022231245892E+00    0.948046450248234152E+01    0.113354167741709411E+01
    0.346125749621532508E-11    0.521758898330038937E+04    0.395730583173064865E+00    0.960496608015636610E+01    0.111460992222309230E+01
    0.428351667660449169E-11    0.521709603190496455E+04    0.329750784192466728E+00    0.961022682717599963E+01    0.113513507048424245E+01
    0.131790787001914936E-10    0.521478165263900519E+04    0.503806690049347194E+00    0.971911324985768310E+01    0.110836723050161190E+01
    0.148632240735754965E-10    0.521447446726492853E+04    0.607910055786720305E+00    0.992929887502800490E+01    0.108723077690258663E+01
    0.160914232483991264E-10    0.521424900773112131E+04    0.590079905473401278E+00    0.990312597872249256E+01    0.108104828949229770E+01
    0.169996479820543746E-10    0.521407252861575762E+04    0.297418016714406819E+00    0.979156279917247474E+01    0.114729437881720742E+01
    0.191199607052704532E-10    0.521377078151798378E+04    0.508720876787003506E+00    0.966590446104469514E+01    0.110178937438088376E+01
    0.325500846554092463E-10    0.521264002061736846E+04    0.477612610996773101E+00    0.960397178084800807E+01    0.110027711302101849E+01
    0.615382197115414101E-10    0.521129959700854306E+04    0.432010844846352771E+00    0.969456039683095305E+01    0.110747705472854463E+01
    0.153865535551214027E-09    0.520940008907244192E+04    0.326694042434039711E+00    0.967560178139955340E+01    0.115546040251736315E+01
    0.233014656051290838E-09    0.520850337785004194E+04    0.495639665562274234E+00    0.967197746933835845E+01    0.109858060591481177E+01
    0.299819060053250894E-09    0.520793255557048087E+04    0.471995791547677401E+00    0.978021941413688545E+01    0.110011384088542208E+01
    0.350079675784632608E-09    0.520755592567554868E+04    0.519946971192045582E+00    0.994689434643098558E+01    0.109211752535394879E+01
    0.449112818434404005E-09    0.520699103231186928E+04    0.483629864401732779E+00    0.967845830885244673E+01    0.110023351283253845E+01
    0.526153737216103383E-09    0.520660772699734571E+04    0.431768539884950509E+00    0.966683254631916533E+01    0.112401983686918605E+01
    0.518213219456038155E-09    0.520657147366662139E+04    0.344602161072616431E+00    0.978187755115193802E+01    0.113265355043802174E+01
    0.678015475950488847E-09    0.520596724032910060E+04    0.289572066904135061E+00    0.987921178841602199E+01    0.115264560819825945E+01
    0.988532443237948474E-09    0.520514647096406952E+04    0.322729345489480068E+00    0.974650148076611345E+01    0.114064776438497262E+01
    0.113871437256225824E-08    0.520479693689961641E+04    0.531492741899838195E+00    0.978693252002102199E+01    0.109795380696266065E+01
    0.112076606973639234E-08    0.520476204511361175E+04    0.284387852858341728E+00    0.970744598963835870E+01    0.116151537943835770E+01
    0.273649573872821835E-08    0.520291004698279539E+04    0.516802231358853170E+00    0.983112668823577351E+01    0.109451315243911829E+01
    0.441458654442661077E-08    0.520188690830143605E+04    0.304741318299421970E+00    0.974437072794006554E+01    0.114907012261467223E+01
    0.550464855683644589E-08    0.520137888414343433E+04    0.500371539414395938E+00    0.979298752336773148E+01    0.109805940555300197E+01
    0.570513836676958300E-08    0.520124066885836783E+04    0.459486502788538531E+00    0.967382167785207514E+01    0.111020598798273085E+01
    0.557245241974367756E-08    0.520122106616925976E+04    0.389184264106567812E+00    0.968406784695811140E+01    0.112190193817166950E+01
    0.594698176193896270E-08    0.520102430235036172E+04    0.553343464761002601E+00    0.992406282944898699E+01    0.110021331412784917E+01
    0.699143479791813364E-08    0.520063403173250572E+04    0.425201941783765358E+00    0.968624586302823687E+01    0.111349401081357868E+01
    0.160175494228545241E-07    0.519890936674477507E+04    0.537762273662121926E+00    0.995118299107256377E+01    0.109239726139649918E+01
    0.208513418315456599E-07    0.519831523339306113E+04    0.558699894151133081E+00    0.993139919609416388E+01    0.109255806342460460E+01
    0.231628390878072291E-07    0.519803830486955849E+04    0.319960762182654179E+00    0.969090492036491824E+01    0.115019157249329318E+01
    0.266593495750868350E-07    0.519769045683009517E+04    0.409009298392233600E+00    0.978087743027437817E+01    0.111713281634387762E+01
    0.272652618755205414E-07    0.519757884313195609E+04    0.478942868126808974E+00    0.979420577753047006E+01    0.110297071372943378E+01
    0.768265074404762590E-07    0.519544030387246494E+04    0.363072432235330200E+00    0.967267524759507680E+01    0.113553945411630330E+01
    0.126165837042751405E-06    0.519438154224779646E+04    0.458320154106647282E+00    0.975223965191012532E+01    0.111569232142407060E+01
    0.131815406174939260E-06    0.519422726498668635E+04    0.455171593372420136E+00    0.977550817133099237E+01    0.110903209826886950E+01
    0.128632661463173788E-06    0.519420948181816129E+04    0.504003734827865424E+00    0.986483793333668579E+01    0.110002596318442336E+01
    0.133409998039993872E-06    0.519406988250793620E+04    0.265350689982995047E+00    0.995114383132213298E+01    0.116665657097714970E+01
    0.139902331193809173E-06    0.519390818090862922E+04    0.465450675002672787E+00    0.975843455741349786E+01    0.110932379832909334E+01
    0.196690136579508616E-06    0.519316014417229871E+04    0.382975418402025203E+00    0.991715708220499081E+01    0.115087598064924812E+01
    0.194492484495220116E-06    0.519311594962056552E+04    0.476530455547078402E+00    0.989379615329629658E+01    0.110407133413002612E+01
    0.190794877123303155E-06    0.519308767217987770E+04    0.432861104150298326E+00    0.983192722059039781E+01    0.111298213105237309E+01
    0.203067608682334759E-06    0.519289632538902151E+04    0.381756525193424734E+00    0.971810320156348695E+01    0.112766950081240047E+01
    0.216793941226698919E-06    0.519269884201932746E+04    0.514717545113437702E+00    0.989831543034404859E+01    0.109903871477607851E+01
    0.282422690372664296E-06    0.519210326029679436E+04    0.292170997482972372E+00    0.994520454769279105E+01    0.115554496822113784E+01
    0.405534622594027478E-06    0.519131299082682744E+04    0.454342261550020943E+00    0.980211028427941145E+01    0.111012848884520388E+01
    0.449854777775380934E-06    0.519103888703568282E+04    0.413276953682332415E+00    0.974539709748062855E+01    0.112005057393912466E+01
    0.499965049002873595E-06    0.519076099361029810E+04    0.413731787321745259E+00    0.983151410308053997E+01    0.111818236016055117E+01
    0.651068765766435419E-06    0.519016617279638558E+04    0.261457351846690833E+00    0.995606702396631782E+01    0.117021898254235701E+01
    0.674982162177244060E-06    0.519002736413669572E+04    0.479680062033257082E+00    0.986949413499091577E+01    0.110527923234557512E+01
    0.986762064101118845E-06    0.518920121211713740E+04    0.328510485819871467E+00    0.978272793810500119E+01    0.115470084029791309E+01
    0.104626293340687730E-05    0.518901744336478805E+04    0.492604638097381975E+00    0.988778507637987936E+01    0.110382920292128084E+01
    0.317635101281866957E-05    0.518672975999159644E+04    0.378277414088560027E+00    0.975518252423922227E+01    0.113181502115841326E+01
    0.327020843254501163E-05    0.518660485199286904E+04    0.386942716679113397E+00    0.975532772096832268E+01    0.113398913218427033E+01
    0.318190278895878278E-05    0.518659293401533068E+04    0.516125165670103248E+00    0.994303680154619585E+01    0.110666821478424637E+01
    0.364240464213740289E-05    0.518625593794795077E+04    0.464544346693886445E+00    0.988629089611861644E+01    0.110920350640522969E+01
    0.385986246347274686E-05    0.518607329633706922E+04    0.399482969886996275E+00    0.988912351475916296E+01    0.112299974764918531E+01
    0.563319554661304714E-05    0.518525053902607578E+04    0.377784960187660612E+00    0.978732442551262238E+01    0.113100985036553148E+01
    0.707488027040626963E-05    0.518472812506601986E+04    0.407294938073812118E+00    0.991898171224811698E+01    0.114131295802255295E+01
    0.799655570653257606E-05    0.518441653761572525E+04    0.420802573118532475E+00    0.991350127116231583E+01    0.113670115302395125E+01
    0.975219771135561434E-05    0.518395290744183148E+04    0.507560762211425764E+00    0.997259838106594287E+01    0.111165625030064952E+01
    0.150090952750357498E-04    0.518302391336894107E+04    0.418107464838756659E+00    0.998190966253559964E+01    0.111930231426448401E+01
    0.158149696212196678E-04    0.518285264556855964E+04    0.405397943707160757E+00    0.982076470734166840E+01    0.112427079940502317E+01
    0.188549388721676084E-04    0.518243434299621822E+04    0.404989406652682238E+00    0.979500121723236994E+01    0.112834515857582041E+01
    0.184918627837791637E-04    0.518240656453537667E+04    0.415806890547032459E+00    0.991620304153967425E+01    0.113771351768998485E+01
    0.209041256749474030E-04    0.518209466635989338E+04    0.368428455054999215E+00    0.981442559292559480E+01    0.114332864626901731E+01
    0.208651056390689080E-04    0.518203173641961621E+04    0.502992216985917007E+00    0.995097215834011450E+01    0.110727219680676825E+01
    0.223800546728470492E-04    0.518182488581534199E+04    0.299237648309962412E+00    0.989135070153411000E+01    0.115798572164962543E+01
    0.276840915125159298E-04    0.518133284357113462E+04    0.399086935803460163E+00    0.986534218528426443E+01    0.112529321397547299E+01
    0.272528624819773161E-04    0.518129757565203181E+04    0.402362361389955681E+00    0.985683886596394032E+01    0.113684280596211806E+01
    0.277789912443169313E-04    0.518119266605823577E+04    0.302336423311080515E+00    0.992106787697334802E+01    0.115585109197306934E+01
    0.435820571968801299E-04    0.518022526837336227E+04    0.373021472827147760E+00    0.983901434399195196E+01    0.113357139527247597E+01
    0.471322605387394835E-04    0.518000197736626069E+04    0.391302336539698981E+00    0.981146596047200603E+01    0.113172696793256122E+01
    0.464500560369986946E-04    0.517996447076366439E+04    0.431804194582011580E+00    0.996348714033067395E+01    0.113505030520757266E+01
    0.491472684223868454E-04    0.517978491690290593E+04    0.315600986098836800E+00    0.994469559917627066E+01    0.115069388947172513E+01
    0.605193519217779480E-04    0.517930196641290422E+04    0.473455914369509345E+00    0.995111310478286271E+01    0.111979662461728324E+01
    0.613023168916312932E-04    0.517920959083061734E+04    0.344536466196504021E+00    0.984979234573455997E+01    0.114293848057576852E+01
    0.642468786455560739E-04    0.517904909315789700E+04    0.494794895817146196E+00    0.996880906124665245E+01    0.110843864821639393E+01
    0.655920219070067447E-04    0.517894098463107093E+04    0.473488155650273468E+00    0.996515847569940760E+01    0.111011645267155679E+01
    0.683413850566320214E-04    0.517879219507971811E+04    0.391816544909592557E+00    0.987253639619619072E+01    0.114016655302081382E+01
    0.697939303697973169E-04    0.517868346534323427E+04    0.463998184053023566E+00    0.991665873991374625E+01    0.111347340836015363E+01
    0.710604536856367753E-04    0.517858083082340545E+04    0.383166173792449438E+00    0.989794434116572219E+01    0.113008994860079603E+01
    0.696226595662268220E-04    0.517855504594130070E+04    0.331721524379756105E+00    0.984502050491245839E+01    0.115237901406748122E+01
    0.729808890758750509E-04    0.517839416421351689E+04    0.369497559454026292E+00    0.987959433051780778E+01    0.114723968640445406E+01
    0.741873296701837839E-04    0.517829470602077618E+04    0.464691158827407524E+00    0.995594143169288692E+01    0.112284877104656111E+01
    0.914797900397045242E-04    0.517780898995896587E+04    0.421607542599327034E+00    0.986220586513302244E+01    0.112829864478002051E+01
    0.196458705821104493E-03    0.517621365491883989E+04    0.488014222145678189E+00    0.997782914123402875E+01    0.111164231154238990E+01
    0.255575873797717903E-03    0.517562085411846601E+04    0.310978581826834355E+00    0.989610019703300736E+01    0.115980449388158391E+01
    0.254385353759809191E-03    0.517556352559075094E+04    0.321853145032716337E+00    0.988222695657516681E+01    0.115649756989509811E+01
    0.331752018787625635E-03    0.517496578392337960E+04    0.418689387210795072E+00    0.987717831513189282E+01    0.112652543213064327E+01
    0.644374514933917413E-03    0.517357133256963425E+04    0.316038275309124650E+00    0.990582236267632155E+01    0.115825222336031608E+01
    0.691273286482183740E-03    0.517336415562743787E+04    0.382020781362882755E+00    0.988167590670704854E+01    0.114021613120798193E+01
    0.760499989529256478E-03    0.517310660724444097E+04    0.449666752204307740E+00    0.995740931611236846E+01    0.111756473173999282E+01
    0.747005343380857841E-03    0.517307574809718153E+04    0.369073258913895141E+00    0.995269271658460397E+01    0.113560110172637962E+01
    0.760073118476918487E-03    0.517297439683262019E+04    0.453029737061178051E+00    0.994280205797666206E+01    0.111932344739022938E+01
    0.941080634032111056E-03    0.517248050178902304E+04    0.431851695586266793E+00    0.991630603003116917E+01    0.112520266272430902E+01
    0.110456016026216756E-02    0.517209348779423817E+04    0.448071185686625739E+00    0.996100572289691222E+01    0.112522246818136296E+01
    0.122786225642057371E-02    0.517181516624021606E+04    0.391840976625979387E+00    0.996806040836742113E+01    0.112975858901328330E+01
    0.129312136988590288E-02    0.517164493095779471E+04    0.465252063699516938E+00    0.998105143176417542E+01    0.111657944280281285E+01
    0.131215686537163338E-02    0.517154903772488069E+04    0.364832823611862589E+00    0.988731971769868245E+01    0.114352894361385360E+01
    0.128033436630166125E-02    0.517153147301402259E+04    0.397280722813558973E+00    0.989685755837579784E+01    0.113183592316525150E+01
    0.130434287243094194E-02    0.517142765014649376E+04    0.378875966573678724E+00    0.992398099423588320E+01    0.113440356784044738E+01
    0.136280224710517593E-02    0.517127329610428933E+04    0.322845096983206958E+00    0.992952904157198191E+01    0.115962330215550580E+01
    0.152818185020729734E-02    0.517097755815784876E+04    0.369922546815473097E+00    0.989102685077456911E+01    0.114042778133205402E+01
    0.169589056185188709E-02    0.517070263286618319E+04    0.352790073906801505E+00    0.990764911242648338E+01    0.114944868870577466E+01
    0.185345009467906057E-02    0.517045828457900006E+04    0.428951226159257848E+00    0.994265646977402007E+01    0.112368228686512239E+01
    0.227948145803595322E-02    0.516997781957617735E+04    0.392030945619517457E+00    0.993852755846401159E+01    0.113142966034105896E+01
    0.243494226375357481E-02    0.516977920279180034E+04    0.385232824687455400E+00    0.994138002029643175E+01    0.113315097430770884E+01
    0.245217616235476627E-02    0.516969843049597876E+04    0.322492115243189992E+00    0.993253003266809742E+01    0.115558505025805758E+01
    0.243949062912675709E-02    0.516964213703109090E+04    0.418806397252419471E+00    0.992986290409059258E+01    0.112771881416958308E+01
    0.244838067854537050E-02    0.516956819516533506E+04    0.443830453130186264E+00    0.998315238756486600E+01    0.111994133424056663E+01
    0.261074515781612934E-02    0.516937311085234069E+04    0.378037644320149857E+00    0.994717082138865649E+01    0.114589857486312674E+01
    0.262954980662507632E-02    0.516929209023830754E+04    0.412145671597150265E+00    0.993694130515006258E+01    0.113341114843980151E+01
    0.274048509972606462E-02    0.516914277898548880E+04    0.346993568117236473E+00    0.992639524499153403E+01    0.114592981171714214E+01
    0.276272907952473078E-02    0.516905994423943139E+04    0.427518332244663790E+00    0.998002355111312767E+01    0.113266105390106731E+01
    0.313756749076751730E-02    0.516873881991854978E+04    0.342824918437952930E+00    0.992539995199812353E+01    0.114822546509614654E+01
    0.319200196868504784E-02    0.516863775228965278E+04    0.374827491972407001E+00    0.993573434083323903E+01    0.114514529619385996E+01
    0.318330705786343563E-02    0.516857654099224055E+04    0.342664195566375618E+00    0.993380608050187064E+01    0.114751611605121262E+01
    0.363663574013501105E-02    0.516824359753489989E+04    0.349231722191181593E+00    0.996223002641167454E+01    0.114391666756207933E+01
    0.376607211500333246E-02    0.516810698372430488E+04    0.420902592974597978E+00    0.994874293828732448E+01    0.112728183037621932E+01
    0.370302780400284326E-02    0.516807408059485078E+04    0.347855799329721327E+00    0.992398484939815440E+01    0.114942412979403663E+01
    0.439481773528287590E-02    0.516766486343030192E+04    0.423411895572887220E+00    0.997754585352200607E+01    0.113286047931615563E+01
    0.427448095378336630E-02    0.516765372352094346E+04    0.445684967153801459E+00    0.998866823938827508E+01    0.112503477418390219E+01
    0.446578983133741596E-02    0.516749949003047004E+04    0.436527388112988246E+00    0.999090674048284377E+01    0.112929041466076185E+01
    0.433210797911851280E-02    0.516749360703949424E+04    0.414864456019451988E+00    0.998169395226049971E+01    0.113619220332416226E+01
    0.487417846003448778E-02    0.516719114574387913E+04    0.322803082295286536E+00    0.996260874277409236E+01    0.115481207195864499E+01
    0.494254617098124471E-02    0.516709662098038461E+04    0.374264525128272463E+00    0.992781804363058740E+01    0.114006668251480470E+01
    0.486705458859091038E-02    0.516706073765529800E+04    0.356758966709487146E+00    0.993033679866696239E+01    0.114506666377535815E+01
    0.513148639267092723E-02    0.516688825815758992E+04    0.402201709312757283E+00    0.994406782764011687E+01    0.113515196985789402E+01
    0.500333335577464369E-02    0.516687217349274761E+04    0.364500771345956653E+00    0.993338962303483797E+01    0.114583433908189747E+01
    0.489357794037612558E-02    0.516684986810683768E+04    0.377168812661204278E+00    0.994732797059913665E+01    0.114432546325937778E+01
    0.474779362651750123E-02    0.516684368886143420E+04    0.355740602378000204E+00    0.993239530601648823E+01    0.114758503700467429E+01
    0.515553618851934733E-02    0.516661223996496938E+04    0.357102549082096987E+00    0.994728878698153096E+01    0.114335455387160678E+01
    0.508979460659470234E-02    0.516657124059418766E+04    0.390777776479596772E+00    0.995276017854267714E+01    0.113372260775839173E+01
    0.523069803282589889E-02    0.516644995940983790E+04    0.341101550315429103E+00    0.998048576779841667E+01    0.114712965553887614E+01
    0.524922719594192802E-02    0.516637622048568119E+04    0.395570307137673605E+00    0.996711620324399483E+01    0.114039267354616669E+01
    0.517350484900514114E-02    0.516633861479032566E+04    0.400560909582010849E+00    0.994467365464915609E+01    0.113420464164954282E+01
    0.518175275435884316E-02    0.516626876214512959E+04    0.351430628793007682E+00    0.993920231432825929E+01    0.114705236162288671E+01
    0.547688933732053997E-02    0.516609130761443885E+04    0.332859916131877265E+00    0.995530237272792995E+01    0.115260716243761863E+01
    0.534410826440455487E-02    0.516607372615883196E+04    0.367476758545234039E+00    0.997244704378120517E+01    0.113925408212823776E+01
    0.520818463110209792E-02    0.516605858617090234E+04    0.409772969047751956E+00    0.995561989235268463E+01    0.113263927051151825E+01
    0.608985341909729257E-02    0.516567913419103570E+04    0.422911645610846931E+00    0.998514749124465339E+01    0.113215111881065589E+01
    0.632136925788467311E-02    0.516553784387016367E+04    0.368144481133557633E+00    0.997205060141851618E+01    0.114887312918100015E+01
    0.664391190876311398E-02    0.516537164701654365E+04    0.326215245529380637E+00    0.996705096995627926E+01    0.115540876568269368E+01
    0.658627110432294469E-02    0.516532240752199959E+04    0.378898615838059394E+00    0.994407992641706251E+01    0.114004013140807814E+01
    0.643149331185573735E-02    0.516530330204374241E+04    0.335437262107914635E+00    0.996842612240376802E+01    0.115678532750046159E+01
    0.647397964274190867E-02    0.516522346686026867E+04    0.395517400813409692E+00    0.995236157485514283E+01    0.113526256608340503E+01
    0.647039880354404948E-02    0.516515790672468938E+04    0.379642962545724161E+00    0.998272629493768804E+01    0.114625117696400736E+01
    0.672278991750758018E-02    0.516501470907965995E+04    0.346308735053321659E+00    0.995635420073453226E+01    0.114830431855083681E+01
    0.736130166776191759E-02    0.516476657533406615E+04    0.333385120307931881E+00    0.996738809189229791E+01    0.115268869360750870E+01
    0.740202325962598887E-02    0.516468887546306723E+04    0.393438647451492485E+00    0.997561885906644008E+01    0.113336719441703337E+01
    0.731682933780967385E-02    0.516464536138187759E+04    0.401140573266006051E+00    0.996578957318020997E+01    0.113630879828259879E+01
    0.751111618895089744E-02    0.516452628071882646E+04    0.364400151335017075E+00    0.995338033600086547E+01    0.114321966871623459E+01
    0.744544299490512707E-02    0.516447717788226510E+04    0.333149529383996335E+00    0.997436259307665019E+01    0.115720045746181377E+01
    0.768442879174704302E-02    0.516434732345591783E+04    0.400096697136554602E+00    0.997659302245338964E+01    0.113818619767938145E+01
    0.780075401330133488E-02    0.516425060808754824E+04    0.377269237199826746E+00    0.998952879024378149E+01    0.113706156069648756E+01
    0.758245810916603844E-02    0.516424070734388806E+04    0.362633457573986906E+00    0.995813322389966871E+01    0.114719989979667503E+01
    0.742284826031671882E-02    0.516421658985680733E+04    0.410278619851317083E+00    0.997847697113954268E+01    0.113058563200539552E+01
    0.747223002957602203E-02    0.516413666191034827E+04    0.356396076422659025E+00    0.995598307462023691E+01    0.114658259154429132E+01
    0.744030239332358224E-02    0.516407855923110674E+04    0.406426115229449547E+00    0.997109317477449686E+01    0.113331537426942219E+01
    0.744571663143572988E-02    0.516401043771251716E+04    0.375220418440633530E+00    0.997071696200544721E+01    0.114532567762907256E+01
    0.726016263679169806E-02    0.516399424442164400E+04    0.372001576452322347E+00    0.995554728217965845E+01    0.114219163186372086E+01
    0.746447460766000263E-02    0.516387207212015528E+04    0.338018092890203181E+00    0.997311852829089673E+01    0.115116438990936487E+01
    0.853095213491143756E-02    0.516353831359463311E+04    0.411304186543827166E+00    0.998149342258900596E+01    0.113160099353703458E+01
    0.829705126343907411E-02    0.516352724851791027E+04    0.365845448883641233E+00    0.995965650736632391E+01    0.114432021942485740E+01
    0.826914032329800590E-02    0.516346732111087476E+04    0.407461854503046172E+00    0.998835268202215687E+01    0.113617862579472018E+01
    0.828512954590676122E-02    0.516339679097509543E+04    0.370859751048910669E+00    0.997555863446257085E+01    0.114670670192525925E+01
    0.836743884081436566E-02    0.516331035319245530E+04    0.371104347858467465E+00    0.997020005445863511E+01    0.114569591794959180E+01
    0.822460009666550231E-02    0.516327812286566586E+04    0.367180475905450998E+00    0.996450665295293447E+01    0.114556992892291731E+01
    0.829113408403826975E-02    0.516319534202651994E+04    0.369435780930756130E+00    0.996270498698277862E+01    0.114350060677180743E+01
    0.845363707223283252E-02    0.516308985533931263E+04    0.398909263854169749E+00    0.998091550346652667E+01    0.113771192711031333E+01
    0.839989278620125249E-02    0.516303594433123180E+04    0.335955454221267602E+00    0.998172872582661341E+01    0.115601577066832917E+01
    0.815187671832259819E-02    0.516302921920314384E+04    0.395777319892420154E+00    0.998202056298824836E+01    0.113902424893029064E+01
    0.796751972485572509E-02    0.516300830239639799E+04    0.369602946342882932E+00    0.996926540512166781E+01    0.114180748134654841E+01
    0.821344576289763026E-02    0.516288083713853666E+04    0.359544495456108781E+00    0.999305071046242510E+01    0.114297610422420348E+01
    0.877730402324407993E-02    0.516268137694572852E+04    0.388426516089358187E+00    0.999533098458691072E+01    0.113511079801785719E+01
    0.921516302762258321E-02    0.516251734831731119E+04    0.405007030041563743E+00    0.999347380468261370E+01    0.113201192568247322E+01
    0.899709250054696666E-02    0.516249857927637731E+04    0.406785629306818997E+00    0.999165037363092878E+01    0.113203617491807584E+01
    0.902101084237255831E-02    0.516242660275985145E+04    0.369670701739601204E+00    0.997413974701981054E+01    0.114552023521152790E+01
    0.907786573718390860E-02    0.516234737065431182E+04    0.356601610357528076E+00    0.999265782232006750E+01    0.114435585831842168E+01
    0.892721630066700515E-02    0.516231417297198641E+04    0.398780711439424895E+00    0.998228942485456727E+01    0.113597349540958703E+01
    0.931343338273877934E-02    0.516216279993360149E+04    0.347971624766985899E+00    0.998198481092620682E+01    0.114854540553958095E+01
    0.966005276150047089E-02    0.516202305066221379E+04    0.386186577214988835E+00    0.999398394783606392E+01    0.113632315313391885E+01
    0.952022299558326172E-02    0.516198554567080282E+04    0.343835630359197453E+00    0.998089304824744339E+01    0.115146859061404427E+01
    0.983436368965460994E-02    0.516185395004663133E+04    0.343911066262333198E+00    0.998311478262744956E+01    0.115081218366319860E+01
    0.959938936105937494E-02    0.516183564990588366E+04    0.397538576036337465E+00    0.999632188300640578E+01    0.113389866115700499E+01
    0.953232289423424847E-02    0.516178300534882237E+04    0.395395586270826493E+00    0.998771175354268337E+01    0.113553307425447869E+01
    0.101630316552778314E-01    0.516158820197118985E+04    0.404633414048545859E+00    0.999685973471603440E+01    0.113317039418594945E+01
    0.101150592219196537E-01    0.516153099823141201E+04    0.393726680107878257E+00    0.999485959956544079E+01    0.113517292771304845E+01
    0.996771540696193663E-02    0.516149367939372951E+04    0.359496087212549442E+00    0.999317825808446614E+01    0.114421779864761142E+01
    0.968313902543500339E-02    0.516148494329258938E+04    0.369820682156607572E+00    0.999267733432707317E+01    0.114119266720866719E+01
    0.944096235155472870E-02    0.516146893304437526E+04    0.386511408468149353E+00    0.999041821579577949E+01    0.114169090555643749E+01
    0.914400085151771333E-02    0.516146618617644162E+04    0.398270563549642631E+00    0.999234659177836093E+01    0.113745727441132871E+01
    0.893419243544617790E-02    0.516144594402426264E+04    0.383501306600493974E+00    0.999700696443813008E+01    0.113732348076207046E+01
    0.865675347174535079E-02    0.516144236935334447E+04    0.400323526479717806E+00    0.999184736865055534E+01    0.113579468969485120E+01
    0.840146404032465766E-02    0.516143557025331756E+04    0.369269988369573143E+00    0.999781872096461832E+01    0.114828022568413601E+01
    0.830717739667322097E-02    0.516139147577358199E+04    0.397219032460770949E+00    0.999091463908215438E+01    0.113722702204786152E+01
    0.812306370918233940E-02    0.516136963410814133E+04    0.375988608227873722E+00    0.998311248387144445E+01    0.114354977535867874E+01
    0.809669253601607436E-02    0.516130947091686721E+04    0.362751702830066858E+00    0.998604061669116305E+01    0.114420758745667328E+01
    0.793008384777487557E-02    0.516128438833084419E+04    0.367286692755224908E+00    0.999336316377953082E+01    0.114810552143018896E+01
    0.773688027358454718E-02    0.516126705180049794E+04    0.353239982832229071E+00    0.998371817529711336E+01    0.114824300790881573E+01
    0.769309268280907524E-02    0.516121173647150226E+04    0.386499006365942366E+00    0.998758695662530904E+01    0.114052928574678347E+01
    0.788188747388300463E-02    0.516109658074434537E+04    0.375197492793752585E+00    0.999338405996740242E+01    0.114547842456719806E+01
    0.765049786394228319E-02    0.516108950743038986E+04    0.365332625745959649E+00    0.998240503968568405E+01    0.114531002242128643E+01
    0.752521529732904683E-02    0.516105586337333989E+04    0.400363060442069263E+00    0.999613955995726045E+01    0.113636037552519120E+01
    0.730027918556836169E-02    0.516104989036496318E+04    0.362284621883297520E+00    0.998312831010494683E+01    0.114594814272937739E+01
    0.709720626340008907E-02    0.516103964643717154E+04    0.359673642287755224E+00    0.998349176718381059E+01    0.114698154217175841E+01
    0.687747860465332591E-02    0.516103587800988771E+04    0.380363322300485418E+00    0.998970564274929274E+01    0.113938480992006497E+01
    0.667364996986806371E-02    0.516102938168475521E+04    0.384768247496885429E+00    0.999369705845470868E+01    0.114226589361193298E+01
    0.662452412560295134E-02    0.516097749180394931E+04    0.389764276075698357E+00    0.999273275393134952E+01    0.113713276918568695E+01
    0.648450371906125408E-02    0.516095355164102330E+04    0.356092414495122800E+00    0.998892701522896154E+01    0.114658669101062927E+01
    0.650898382495992099E-02    0.516087934884988499E+04    0.388217928872331086E+00    0.999083655415847360E+01    0.113809894261965816E+01
    0.637188401467437670E-02    0.516085525850325939E+04    0.386469273417349268E+00    0.999415889044195715E+01    0.114146610366102585E+01
    0.618249743777419310E-02    0.516084893760370960E+04    0.372319250970947258E+00    0.999903784109987548E+01    0.114066068003799259E+01
    0.621502141842576652E-02    0.516077177720659802E+04    0.362403245118021577E+00    0.998594653222427375E+01    0.114578812662862184E+01
    0.601543078716258815E-02    0.516077039295098803E+04    0.385292247860901993E+00    0.999025492152568617E+01    0.113902012098987981E+01
    0.592038548617739198E-02    0.516073557909030387E+04    0.369080862470649640E+00    0.999272085084228934E+01    0.114676947890274938E+01
    0.583371188817898099E-02    0.516069840857846157E+04    0.349487701518039540E+00    0.999178788832536213E+01    0.115153361782184227E+01
    0.564569007790612261E-02    0.516069726401034950E+04    0.358532088564320894E+00    0.999199407853548394E+01    0.114570985661299929E+01
    0.571818982992578981E-02    0.516060507763165879E+04    0.364974509522098811E+00    0.999183646422094363E+01    0.114385768090193807E+01
    0.571128868589950833E-02    0.516054082617399945E+04    0.380128891627264709E+00    0.999097881278984445E+01    0.114033320645898151E+01
    0.555196881569789032E-02    0.516053074366950023E+04    0.368233455701694690E+00    0.998800846838008383E+01    0.114516542008412969E+01
    0.538601185072485038E-02    0.516052477182633265E+04    0.383522079095582780E+00    0.999831298805828617E+01    0.113831192118918345E+01
    0.523270287600671648E-02    0.516051585965525373E+04    0.366007602486836503E+00    0.999544230965553382E+01    0.114786870081843695E+01
    0.514049573083781488E-02    0.516048474984132918E+04    0.352871704467291825E+00    0.999464590990984902E+01    0.114764075742772320E+01
    0.498060107372663100E-02    0.516048128105309479E+04    0.361915419743843947E+00    0.998903767652469199E+01    0.114723097801767260E+01
    0.482503048623719472E-02    0.516047808144268129E+04    0.387121890063406859E+00    0.999873288484307743E+01    0.113756589095432759E+01
    0.486496854028504143E-02    0.516039492838418391E+04    0.357680570236880824E+00    0.999568837257546505E+01    0.114595085560215360E+01
    0.471906141618215133E-02    0.516038916236103250E+04    0.361242349832470278E+00    0.999721780906307878E+01    0.114460976510534351E+01
    0.459912160590561850E-02    0.516037398488895997E+04    0.361370506327146512E+00    0.999297418467770804E+01    0.114841090401957757E+01
    0.446050316973924631E-02    0.516036852572634780E+04    0.382946678875660806E+00    0.999563252808393443E+01    0.113911360237238668E+01
    0.435356307762183124E-02    0.516035039299941946E+04    0.385308966878918135E+00    0.999424447921891890E+01    0.113915705494705044E+01
    0.423061802516058825E-02    0.516034101937375635E+04    0.356386813875187891E+00    0.999330830796099434E+01    0.114693007168281902E+01
    0.415821035059006465E-02    0.516030887932729183E+04    0.378746855121522341E+00    0.999162708309457237E+01    0.114133602929069333E+01
    0.409594107950235486E-02    0.516027238921017943E+04    0.363555040098626048E+00    0.999449205434651766E+01    0.114446370101433104E+01
    0.402455712756658902E-02    0.516024088580020907E+04    0.365332455336696282E+00    0.999665356933782689E+01    0.114365254644344105E+01
    0.389763816339856696E-02    0.516023830734122384E+04    0.372165384853282544E+00    0.999103089078906592E+01    0.114312695948367526E+01
    0.377587590971187976E-02    0.516023511744597454E+04    0.378312913129309591E+00    0.999233161261495439E+01    0.114138243289599828E+01
    0.365484713981029281E-02    0.516023360700877856E+04    0.365077526255056850E+00    0.999735230131538088E+01    0.114364700240408901E+01
    0.355142864899799958E-02    0.516022434896460072E+04    0.370393663482523450E+00    0.999506798354168602E+01    0.114600737981571932E+01
    0.346861316954674920E-02    0.516020487251343729E+04    0.378698611321524492E+00    0.999295556952477426E+01    0.114114854628438245E+01
    0.336453716430935553E-02    0.516019913472980988E+04    0.369254304992252480E+00    0.999144070260278916E+01    0.114378629023530110E+01
    0.331551526456502028E-02    0.516016182279070472E+04    0.361681120207452023E+00    0.999142281240913910E+01    0.114688038141702187E+01
    0.326393162087490387E-02    0.516012651724088118E+04    0.363777882166204047E+00    0.999166196533826323E+01    0.114572567244069745E+01
    0.316811497888516702E-02    0.516011944201473852E+04    0.391302990134322404E+00    0.999918893913689288E+01    0.113776301932964685E+01
    0.308180031589539664E-02    0.516010802099360080E+04    0.359021812270688467E+00    0.999356995846058638E+01    0.114656756037348373E+01
    0.306033530679017092E-02    0.516005533324098542E+04    0.364295470837205704E+00    0.999336853409968029E+01    0.114503215085426291E+01
    0.296081210441382758E-02    0.516005478836839484E+04    0.389955749681649033E+00    0.999867030474254292E+01    0.113839984477743528E+01
    0.290335968394649091E-02    0.516002731172605672E+04    0.379611526443588643E+00    0.999438168188605403E+01    0.114140594623055591E+01
    0.283713330679958350E-02    0.516000679392892744E+04    0.379137900418470564E+00    0.999946697602498702E+01    0.113997800204918676E+01
    0.275514267455690418E-02    0.515999877709148222E+04    0.377889936760082090E+00    0.999537295637915335E+01    0.114301820784552355E+01
    0.267686210460492272E-02    0.515998975837825128E+04    0.375061069179754236E+00    0.999625383746054474E+01    0.114430466177024925E+01
    0.261583036044036894E-02    0.515996921904654118E+04    0.376107216221960583E+00    0.999400103956223518E+01    0.114272020411817010E+01
    0.253857847142879888E-02    0.515996250701411373E+04    0.380906610121973133E+00    0.999553663889214761E+01    0.114155149702037306E+01
    0.249664630908564980E-02    0.515992915217249174E+04    0.362203517953881338E+00    0.999348075146052395E+01    0.114655413138902418E+01
    0.243104862066390688E-02    0.515991573682485796E+04    0.352000984820776797E+00    0.999601405152604627E+01    0.114953399251533206E+01
    0.235408436640865450E-02    0.515991341185342208E+04    0.367978021890873475E+00    0.999345178204431939E+01    0.114475178742429406E+01
    0.228340057124744571E-02    0.515990771726147068E+04    0.386423703114633366E+00    0.999860267542864989E+01    0.114032267839339241E+01
    0.220993833653406607E-02    0.515990645298943309E+04    0.367355749181949631E+00    0.999594154221518316E+01    0.114647851598724415E+01
    0.232085519279497804E-02    0.515980814038833978E+04    0.384024745992862460E+00    0.999882820671550832E+01    0.113969457558060050E+01
    0.264305044932685402E-02    0.515954814441233339E+04    0.368763634344685953E+00    0.999897010716231094E+01    0.114605173372033242E+01
    0.237410905358766524E-02    0.515976276739547029E+04    0.365759024988160653E+00    0.999525343807662203E+01    0.114615814181163600E+01
    0.224767469136706892E-02    0.515987221943639088E+04    0.374377295351502382E+00    0.999461299249934498E+01    0.114282280194394126E+01
    0.238013581083037053E-02    0.515975769676015989E+04    0.365945633962850625E+00    0.999856831608058094E+01    0.114727237804336468E+01
    0.228579230434178401E-02    0.515983858644751581E+04    0.356850393856787129E+00    0.999702455818872693E+01    0.114941718044746466E+01
    0.243479508933741031E-02    0.515971228665747731E+04    0.363862659551324741E+00    0.999687957239233604E+01    0.114517180047263167E+01
    0.260106182781578250E-02    0.515958017234507770E+04    0.374444972664549403E+00    0.999900120380567614E+01    0.114428379482752618E+01
    0.242653950623502278E-02    0.515971907951723733E+04    0.384012774725966954E+00    0.999991078788012366E+01    0.113962996652037063E+01
    0.225931289572770411E-02    0.515986189038178054E+04    0.350765453292089580E+00    0.999744288129933345E+01    0.115071764282205180E+01
    0.237918326749433700E-02    0.515975849733127779E+04    0.369418319277565466E+00    0.999497473030306871E+01    0.114440811434380407E+01
    0.230959710960171750E-02    0.515981786566322990E+04    0.368835709262908207E+00    0.999492353315672766E+01    0.114532356812861558E+01
    0.224780962113202594E-02    0.515987209937834541E+04    0.359073893068679817E+00    0.999646351073215733E+01    0.114880549222528039E+01
    0.292950857221835987E-02    0.515934234248667963E+04    0.369467599777502709E+00    0.999961701670757108E+01    0.114393578087917547E+01
    0.245898816366875656E-02    0.515969251195952074E+04    0.378401739829433703E+00    0.999896943144351269E+01    0.114093417634850525E+01
    0.236755003211001729E-02    0.515976830050153512E+04    0.368445429810133063E+00    0.999869579605266168E+01    0.114326684565663861E+01
    0.269700487616180524E-02    0.515950772815471737E+04    0.377355723394586839E+00    0.999867714274838804E+01    0.114248959060761202E+01
    0.237320110222624800E-02    0.515976353241931974E+04    0.366970925777590051E+00    0.999562154084280330E+01    0.114449930928212495E+01
    0.301038186081155649E-02    0.515928787798947633E+04    0.362399074367397156E+00    0.999970287216567755E+01    0.114630873373384290E+01
    0.251628478911711077E-02    0.515964644481170762E+04    0.356319248621948803E+00    0.999895457696321799E+01    0.114964140780028146E+01
    0.242928816178166959E-02    0.515971681530521982E+04    0.362772257198876735E+00    0.999781103621412548E+01    0.114786778251167121E+01
    0.264823343055988793E-02    0.515954422628357042E+04    0.371049841535225355E+00    0.999812914437458211E+01    0.114330868941143038E+01
    0.234258663563491039E-02    0.515978950042160068E+04    0.376253048594115680E+00    0.999576910135765218E+01    0.114234947728902014E+01
    0.227577793187969807E-02    0.515984736797495680E+04    0.381908038259586913E+00    0.999684517377148296E+01    0.114088485927328875E+01
    0.277639146749001243E-02    0.515944970775651745E+04    0.362912808639086537E+00    0.999911738592048494E+01    0.114749297679016493E+01
    0.222381555771891497E-02    0.515989356297848099E+04    0.374350724831536696E+00    0.999441309501667341E+01    0.114281450991472866E+01
    0.253812014646129236E-02    0.515962916444461280E+04    0.354693373690821490E+00    0.999955050222987651E+01    0.115014454928105181E+01
    0.221344663889266446E-02    0.515990291012745729E+04    0.352979284979266894E+00    0.999676242504987123E+01    0.114857501791625971E+01
    0.248416036548833796E-02    0.515967214241629335E+04    0.373586530471476053E+00    0.999650696668660643E+01    0.114295893795550896E+01
    0.238387449897413482E-02    0.515975455764947947E+04    0.377072775920786141E+00    0.999717208129382939E+01    0.114318773315551425E+01
