    0.113059234619140625E+02    0.318578243255615234E+01   -0.835425496101379395E+01   -0.302826404571533203E+00   -0.125448326215346460E+06   -0.340101220333519727E+01    1
    0.177523398399353027E+02    0.122021675109863281E+01   -0.798422574996948242E+01   -0.362187504768371582E+00   -0.120160640895440301E+06   -0.343434553666853093E+01    1
    0.175381755828857422E+02    0.316885530948638916E+01   -0.706428289413452148E+01   -0.467137932777404785E+00   -0.109322788137549127E+06   -0.346767887000186459E+01    1
    0.941298365592956543E+01    0.521861612796783447E+01   -0.666970372200012207E+01   -0.798519849777221680E+00   -0.101624161581697175E+06   -0.350101220333519692E+01    1
    0.194272959232330322E+02    0.406438827514648438E+01   -0.642778635025024414E+01    0.615198612213134766E+00   -0.101121834229362692E+06   -0.353434553666853013E+01    1
    0.862876057624816895E+01    0.613366365432739258E+00   -0.595409035682678223E+01    0.964021801948547363E+00   -0.849418866300563241E+05   -0.356767887000186423E+01    1
    0.159860968589782715E+01    0.397887825965881348E+00   -0.670268058776855469E+01   -0.536304831504821777E+00   -0.796323401308178582E+05   -0.360101220333519745E+01    1
    0.822432756423950195E+01    0.524430215358734131E+01   -0.481013059616088867E+01   -0.358054280281066895E+00   -0.746922163151394925E+05   -0.363434553666853066E+01    1
    0.769482254981994629E+01    0.348957598209381104E+01   -0.432414531707763672E+01    0.783500552177429199E+00   -0.664326006816394074E+05   -0.366767887000186432E+01    1
    0.168624258041381836E+02    0.514026641845703125E+01   -0.390560150146484375E+01   -0.494700908660888672E+00   -0.643271071509706453E+05   -0.370101220333519754E+01    1
    0.903592109680175781E+00    0.356302022933959961E+01   -0.507915496826171875E+01    0.463494658470153809E+00   -0.625022510776337149E+05   -0.373434553666852986E+01    1
    0.167536413669586182E+02    0.971569657325744629E+01   -0.322688460350036621E+01   -0.385333657264709473E+00   -0.561907799649775552E+05   -0.376767887000186352E+01    1
    0.151317238807678223E+02    0.198467016220092773E+01   -0.219734072685241699E+01    0.751201152801513672E+00   -0.364958143421997156E+05   -0.380101220333519718E+01    1
    0.113855457305908203E+02    0.479873418807983398E+00   -0.169629573822021484E+01   -0.120176792144775391E+00   -0.248112254343814348E+05   -0.383434553666853084E+01    1
    0.193779551982879639E+02    0.600122630596160889E+01   -0.108917832374572754E+01    0.940135598182678223E+00   -0.236926105140202344E+05   -0.386767887000186361E+01    1
    0.454542636871337891E+00    0.320849657058715820E+01   -0.608069896697998047E+00    0.647211194038391113E+00   -0.122029302096129104E+05   -0.390101220333519683E+01    1
    0.120467829704284668E+02    0.618486642837524414E+01   -0.818359851837158203E-01    0.931546688079833984E-01   -0.897291063807580031E+04   -0.393434553666853137E+01    1
    0.156356108188629150E+02    0.602437198162078857E+01    0.261362791061401367E+00    0.421230912208557129E+00   -0.464431970617256775E+04   -0.396767887000186414E+01    1
    0.351343512535095215E+01    0.338443219661712646E+01    0.657711029052734375E+00    0.945204973220825195E+00   -0.314824298288510045E+04   -0.400101220333519692E+01    1
    0.899235844612121582E+01    0.962852418422698975E+01    0.937318801879882812E+00    0.913349866867065430E+00   -0.296631961447061985E+04   -0.403434553666852835E+01    1
    0.836509108543395996E+01    0.449051916599273682E+01    0.912481069564819336E+01    0.970313668251037598E+00   -0.267300400106008237E+04   -0.406767887000186334E+01    1
    0.501334190368652344E+01    0.956864833831787109E+01    0.249621748924255371E+01    0.942936420440673828E+00   -0.260416909374490069E+04   -0.410101220333519656E+01    1
    0.329069972038269043E+01    0.896386981010437012E+01    0.189439535140991211E+01    0.910092711448669434E+00   -0.254128974966052738E+04   -0.413434553666853066E+01    1
    0.625312328338623047E-01    0.242450714111328125E+01    0.210825800895690918E+01    0.897104144096374512E+00   -0.248150255176318478E+04   -0.416767887000186299E+01    1
    0.165304708480834961E+02    0.129994392395019531E+01    0.886884689331054688E+01    0.891261816024780273E+00   -0.244671352145103810E+04   -0.420101220333519709E+01    1
    0.195643794536590576E+02    0.365301489830017090E+01    0.294652223587036133E+01   -0.995409727096557617E+00   -0.242936473310515521E+04   -0.423434553666853031E+01    1
    0.189698934555053711E+01    0.972727537155151367E+01    0.758962988853454590E+01   -0.963560223579406738E+00   -0.233309519496179837E+04   -0.426767887000186441E+01    1
    0.866445660591125488E+01    0.888574957847595215E+01    0.529590845108032227E+01   -0.959472775459289551E+00   -0.232038288311387805E+04   -0.430101220333519496E+01    1
    0.165730834007263184E+02    0.975869357585906982E+01    0.936110019683837891E+01   -0.839182615280151367E+00   -0.191871182650688434E+04   -0.433434553666852906E+01    1
    0.165070879459381104E+02    0.801517605781555176E+01    0.162376403808593750E+01    0.712965488433837891E+00   -0.191355992817082370E+04   -0.436767887000186317E+01    1
    0.875016450881958008E+00    0.378332138061523438E+00    0.982281923294067383E+01    0.680289864540100098E+00   -0.173601898072576864E+04   -0.440101220333519549E+01    1
    0.123735475540161133E+02    0.859390795230865479E+01    0.864112019538879395E+01    0.659628510475158691E+00   -0.165580850927198844E+04   -0.443434553666852871E+01    1
    0.750313401222229004E+01    0.311661481857299805E+01    0.636098504066467285E+01    0.657848000526428223E+00   -0.164878961089693007E+04   -0.446767887000186370E+01    1
    0.165454614162445068E+02    0.730385363101959229E+01    0.848776102066040039E+01   -0.748707294464111328E+00   -0.157418717099489254E+04   -0.450101220333519869E+01    1
    0.291751623153686523E+00    0.468112230300903320E+01    0.482693910598754883E+01   -0.719541311264038086E+00   -0.145354574452174438E+04   -0.453434553666853013E+01    1
    0.253445148468017578E+01    0.952613890171051025E+01    0.744856476783752441E+01    0.535249114036560059E+00   -0.111831418232947067E+04   -0.456767887000186246E+01    1
    0.330716490745544434E+01    0.857574522495269775E+01    0.530768632888793945E+01    0.524467468261718750E+00   -0.106658275491993822E+04   -0.460101220333519567E+01    1
    0.158103656768798828E+02    0.427014887332916260E+01    0.962381958961486816E+01   -0.621039390563964844E+00   -0.100415015721854093E+04   -0.463434553666852889E+01    1
    0.150342750549316406E+02    0.609893083572387695E+01    0.718307614326477051E+01   -0.601347923278808594E+00   -0.905170990556743959E+03   -0.466767887000186210E+01    1
    0.317103266716003418E+01    0.414908885955810547E+01    0.778520107269287109E+01   -0.531453490257263184E+00   -0.523486636250431616E+03   -0.470101220333519709E+01    1
    0.992622256278991699E+01    0.788030028343200684E+00    0.190773010253906250E+01    0.415992975234985352E+00   -0.490225329799753638E+03   -0.473434553666853031E+01    1
    0.575875520706176758E+01    0.443989694118499756E+01    0.639419198036193848E+01    0.415435075759887695E+00   -0.482461429174241630E+03   -0.476767887000186263E+01    1
    0.178703987598419189E+02    0.541906476020812988E+01    0.926748633384704590E+01    0.408378005027770996E+00   -0.440195994451215995E+03   -0.480101220333519674E+01    1
    0.840777635574340820E+01    0.741737902164459229E+01    0.818076848983764648E+01    0.393994808197021484E+00   -0.352070853236896596E+03   -0.483434553666853084E+01    1
    0.189139026287703658E+02    0.749153336919127710E+01    0.744357589381193563E+01   -0.492076033220328446E+00   -0.283930875375557719E+03   -0.486767887000186406E+01    1
    0.126190459728240967E+02    0.938534021377563477E+01    0.647868037223815918E+01   -0.490051984786987305E+00   -0.271064789593411888E+03   -0.490101220333519638E+01    1
    0.422519683837890625E+01    0.737610995769500732E+01    0.666433095932006836E+01   -0.480951547622680664E+00   -0.212511786239788080E+03   -0.493434553666853049E+01    1
    0.654118061065673828E+00    0.173401415348052979E+01    0.629086375236511230E+01    0.368920087814331055E+00   -0.191631626797347423E+03   -0.496767887000186192E+01    1
    0.629827737808227539E+01    0.166043639183044434E+01    0.583895683288574219E+01    0.360864162445068359E+00   -0.138116712187683021E+03   -0.500101220333519514E+01    1
    0.153525349656766572E+02    0.263161636388856213E+01    0.898023345904807258E+00    0.298851907719099197E+00   -0.308738827409310623E+02   -0.503434553666852924E+01    1
    0.866374015808105469E+01    0.348604202270507812E+01    0.966737866401672363E+01    0.333147883415222168E+00    0.540328234361317925E+02   -0.506767887000186334E+01    1
    0.143171036243438721E+02    0.829765141010284424E+01    0.246798753738403320E+01   -0.418914556503295898E+00    0.236465727531984498E+03   -0.510101220333519745E+01    1
    0.583363771438598633E+01    0.675156116485595703E+00    0.303998827934265137E+01    0.305629372596740723E+00    0.258141264085645957E+03   -0.513434553666853066E+01    1
    0.156087533320203953E+02    0.757969314795525406E+01    0.493768171208513351E+01    0.288732240189314204E+00    0.391544931619742101E+03   -0.516767887000186299E+01    1
    0.994770050048828125E+01    0.606803596019744873E+01    0.194638133049011230E+01    0.283114314079284668E+00    0.399028702068319092E+03   -0.520101220333519798E+01    1
    0.591718662760811043E+01    0.459162756979648190E+01    0.902143310046474411E+01   -0.385675286638227588E+00    0.482806955524867590E+03   -0.523434553666853031E+01    1
    0.618396639823913574E+01    0.753982603549957275E+01    0.266028165817260742E+01    0.265969991683959961E+00    0.571995235459919400E+03   -0.526767887000186175E+01    1
    0.489282454968887404E+01    0.876518827910089371E+01    0.659252373594392083E+01   -0.362943129532585673E+00    0.675695412477397213E+03   -0.530101220333519674E+01    1
    0.174271175102416223E+02    0.554260699260279299E+01    0.776698662902336068E+01   -0.358849692678143706E+00    0.711756779666843158E+03   -0.533434553666853084E+01    1
    0.860954523086547852E+01    0.775098204612731934E+01    0.233117580413818359E+01   -0.360326647758483887E+00    0.721448268400847610E+03   -0.536767887000186228E+01    1
    0.194202840328216553E+02    0.174045562744140625E-01    0.462475061416625977E+01   -0.348363876342773438E+00    0.806099998567161833E+03   -0.540101220333519727E+01    1
    0.122578930188747730E+02    0.653951074828085321E+01    0.694715587964719816E+01   -0.323269048376133128E+00    0.104405933645380946E+04   -0.543434553666853226E+01    1
    0.131584894657135010E+02    0.297371029853820801E+01    0.665432572364807129E+01    0.210820913314819336E+00    0.109996403574368219E+04   -0.546767887000186459E+01    1
    0.603081668437214624E+01    0.299857033167562737E+01    0.797037968947317310E+01    0.210367983579880846E+00    0.110463249279835691E+04   -0.550101220333519603E+01    1
    0.840911030769348145E+01    0.444548904895782471E+01    0.641052961349487305E+01   -0.312268137931823730E+00    0.115415630280178584E+04   -0.553434553666853102E+01    1
    0.154757997003972303E+01    0.375282110092852328E+01    0.418462604182757048E+01   -0.287052012807842427E+00    0.142093393001136428E+04   -0.556767887000186423E+01    1
    0.446816789157428484E+01    0.110938081508289810E+01    0.541699954618133184E+01    0.177475467677384202E+00    0.146525494093423504E+04   -0.560101220333519656E+01    1
    0.182506310939788818E+02    0.162629485130310059E+00    0.132410764694213867E+01   -0.279872536659240723E+00    0.150667813270662100E+04   -0.563434553666853066E+01    1
    0.158692872524261475E+02    0.836845695972442627E+01    0.460822105407714844E+01   -0.275858879089355469E+00    0.154557595589588800E+04   -0.566767887000186210E+01    1
    0.151110030728018359E+02    0.327760626955225343E+01    0.415387666568725500E+01   -0.268401994550014678E+00    0.163090139324169809E+04   -0.570101220333519709E+01    1
    0.111226999759674072E+02    0.259498059749603271E+01    0.450427532196044922E+01   -0.266864657402038574E+00    0.164873454281319027E+04   -0.573434553666853208E+01    1
    0.425769523422358365E+01    0.186582840525934679E+01    0.431646121090233414E+01   -0.266708133099841871E+00    0.165056099333650718E+04   -0.576767887000186175E+01    1
    0.157455801963806152E+01    0.546797931194305420E+01    0.823146700859069824E+01    0.161197304725646973E+00    0.166154756961843236E+04   -0.580101220333519674E+01    1
    0.155176550781815159E+02    0.305469425744559242E+01    0.701377694507066707E+01    0.156968166216706173E+00    0.171474891293852625E+04   -0.583434553666853084E+01    1
    0.788711432785054267E+01    0.684741182411672167E+01    0.278072459332883071E+01   -0.259398341430513435E+00    0.172952687040761657E+04   -0.586767887000186494E+01    1
    0.110817617557860117E+02    0.260874192423097906E+01    0.910921684933187237E+01    0.154338747479231042E+00    0.174831347936117709E+04   -0.590101220333519905E+01    1
    0.165179170156432882E+02    0.734311994092308673E+01    0.784679794976959499E+01    0.146494935160486284E+00    0.185074710817137952E+04   -0.593434553666853049E+01    1
    0.179368172729792548E+02    0.423439597565034465E+01    0.308818201091380828E+01    0.143605841287104630E+00    0.188768367957857777E+04   -0.596767887000186370E+01    1
    0.909581899642944336E+01    0.696486175060272217E+01    0.843581318855285645E+01   -0.165538072586059570E+00    0.195895156469716358E+04   -0.600101220333519692E+01    1
    0.140755001083802185E+02    0.601953750407862831E+01    0.563976265813575495E+01   -0.238893413799671661E+00    0.198288344019102351E+04   -0.603434553666853013E+01    1
    0.176220633908405730E+02    0.303188266331742096E+01    0.590902811995453980E+01   -0.238278872583417733E+00    0.199039624761032906E+04   -0.606767887000186334E+01    1
    0.596137085714537207E+01    0.879765165810058747E+01    0.619913320974961124E+01    0.128990860962490572E+00    0.209280422864775346E+04   -0.610101220333519567E+01    1
    0.131063918603793752E+02    0.629756693274165169E+01    0.499527170344340377E+01   -0.229660658136728424E+00    0.209510922989785786E+04   -0.613434553666852977E+01    1
    0.169120894133246544E+02    0.393044766448796334E+01    0.482730139687993010E+01   -0.226062740342572677E+00    0.213864109614730114E+04   -0.616767887000186565E+01    1
    0.750739610070501140E+01    0.743894866656688603E+01    0.757328078803941196E+01   -0.225219043848724265E+00    0.214902780054103005E+04   -0.620101220333519709E+01    1
    0.129769226134997151E+02    0.850482450021622149E+01    0.409599684749314896E+01    0.124174575403667831E+00    0.216261119562358135E+04   -0.623434553666852942E+01    1
    0.565463941456697405E+01    0.382556950754794234E+00    0.861718307535145200E+01   -0.223521503558606449E+00    0.216939924551748618E+04   -0.626767887000186263E+01    1
    0.630758557345096627E+01    0.463410771588194326E+01    0.985115700454779031E+01    0.121075289758935778E+00    0.220898123486794248E+04   -0.630101220333519585E+01    1
    0.102644840498414815E+02    0.613029691411268018E+01    0.555830289069006866E+01    0.117957457994155135E+00    0.225597293184880027E+04   -0.633434553666852995E+01    1
    0.343733148635231522E+01    0.819110172705882178E+01    0.799427578972688480E+01   -0.209236679864911235E+00    0.233344070537698599E+04   -0.636767887000186406E+01    1
    0.173310190333686043E+01    0.489344757935420027E+01    0.552343070964136373E+01    0.112410143772247118E+00    0.234141520618785808E+04   -0.640101220333519727E+01    1
    0.153694444111052348E+02    0.379339332905932070E+01    0.574471322171380017E+01   -0.206084032210678503E+00    0.236642267026646277E+04   -0.643434553666853137E+01    1
    0.584063600404785710E+01    0.861406859818669801E+01    0.855960175843091164E+01   -0.200655790467488715E+00    0.241870396594512749E+04   -0.646767887000186636E+01    1
    0.463113531969389935E+01    0.189799848192453413E+01    0.436717730162908602E+01   -0.195791118982378443E+00    0.245631112728940707E+04   -0.650101220333519869E+01    1
    0.791303682177329737E+01    0.471531240964125598E+01    0.835602864729612804E+01   -0.177657900995498830E+00    0.245656996256324328E+04   -0.653434553666853191E+01    1
    0.134835225405570363E+02    0.803762133030693171E+01    0.725140468092353174E+01    0.103900054352536575E+00    0.247729567573610802E+04   -0.656767887000186334E+01    1
    0.422368669890281900E+01    0.285491579353926772E+01    0.605063206813290577E+01   -0.179688667781377154E+00    0.247784769940703927E+04   -0.660101220333519567E+01    1
    0.177040874530547363E+02    0.781896402920756239E+00    0.472234845173676732E+01   -0.186530326708802763E+00    0.249936168999276651E+04   -0.663434553666853066E+01    1
    0.634144793870766321E+01    0.967429352895350192E+01    0.544213613319151790E+01    0.102314678734254816E+00    0.250324838887313399E+04   -0.666767887000186388E+01    1
    0.542095956203249774E+01    0.754610992700157635E+01    0.266152249946129338E+01    0.996975083362063863E-01    0.253291677906346786E+04   -0.670101220333519709E+01    1
    0.174177250802347636E+02    0.248529620169682630E+01    0.529106040831916857E+01    0.100128487989286530E+00    0.253944763942451482E+04   -0.673434553666853208E+01    1
    0.117787576422591256E+01    0.602279835007821518E+01    0.262897365790715654E+01    0.929716445862032170E-01    0.263744461036824123E+04   -0.676767887000186530E+01    1
    0.719782405526200764E+00    0.767221987783266890E+01    0.109974651356776043E+01   -0.291613071387903933E-01    0.267343541401278299E+04   -0.680101220333519674E+01    1
    0.177239012718200684E+02    0.791697502136230469E+00    0.894495844841003418E+01    0.919338464736938477E-01    0.267887890695142733E+04   -0.683434553666852995E+01    1
    0.171004176139831543E+01    0.518618285655975342E+01    0.785653591156005859E+01    0.894427299499511719E-01    0.272249909117298694E+04   -0.686767887000186406E+01    1
    0.156919420060042984E+02    0.464883639478826827E+00    0.126363813855135021E+01    0.850332461321929856E-01    0.276734186284606949E+04   -0.690101220333519727E+01    1
    0.360514999134303338E+01    0.749998231725177322E+00    0.639530779900175972E+01    0.852648197248966344E-01    0.279700369911893995E+04   -0.693434553666853049E+01    1
    0.113872101177038254E+01    0.209842990133556451E+00    0.510619011371772658E+01    0.825170550313165663E-01    0.284694673916484862E+04   -0.696767887000186459E+01    1
    0.246125411230123836E+01    0.791249969056830871E+01    0.464691240372665604E+01    0.775614227068142092E-01    0.293879267647933102E+04   -0.700101220333519780E+01    1
    0.652451466105423172E+01    0.653436543225573985E+01    0.994147400251470259E+01    0.775461768829908138E-01    0.293926601231018049E+04   -0.703434553666853102E+01    1
    0.270674038418608864E+01    0.899511824872539734E+01    0.708457795552639169E+01    0.772008737617724261E-01    0.294577358516834602E+04   -0.706767887000186512E+01    1
    0.164053849096072426E+02    0.607466432633529951E+01    0.715414689305821838E+01    0.737687168607827903E-01    0.301115680764026138E+04   -0.710101220333519745E+01    1
    0.891906874372474334E+01    0.253176099060288085E+01    0.360175020207563357E+01   -0.168985902538018040E-01    0.303411150498178904E+04   -0.713434553666853066E+01    1
    0.160685961466791767E+02    0.687235847379290377E+01    0.338887591015718748E+01    0.685042172498517843E-01    0.311251871017299891E+04   -0.716767887000186477E+01    1
    0.169742629006891370E+02    0.322548917769322552E+01    0.192481991310754275E+01    0.663022289276067323E-01    0.312745728868905235E+04   -0.720101220333519887E+01    1
    0.848906274816953932E+01    0.615284353741832746E+01    0.349029974785289099E+01    0.673448672481766764E-01    0.313576426738489454E+04   -0.723434553666853208E+01    1
    0.112718426590342720E+02    0.694040985771178232E+01    0.281971478965196454E+01    0.590180421350647855E-01    0.330049242826000545E+04   -0.726767887000186530E+01    1
    0.196359987040333266E+02    0.711245118044659996E+01    0.311114454784142325E+01    0.590200564502183500E-01    0.330420646679905985E+04   -0.730101220333519763E+01    1
    0.154792088006618869E+02    0.499829482530862101E+01    0.127395642150860233E+01    0.381156870779404411E-01    0.341266125776748459E+04   -0.733434553666852995E+01    1
    0.178638465460486273E+02    0.219738014128969983E+01    0.216845359561089701E+01    0.508192305837158464E-01    0.347204045675620046E+04   -0.736767887000186406E+01    1
    0.172625166355636068E+02    0.618442152065616213E+01    0.952998804677975642E+01    0.485300412354097155E-01    0.353222074817475504E+04   -0.740101220333519549E+01    1
    0.184528071287030464E+02    0.588365717542862843E+01    0.813727922249568891E+01    0.461540733910501544E-01    0.358494425903113324E+04   -0.743434553666852960E+01    1
    0.149107856864951422E+02    0.409805434759767895E+01    0.587136274243992418E+01    0.452055818170791213E-01    0.360615434483075614E+04   -0.746767887000186281E+01    1
    0.147404265210535499E+02    0.140094116975657301E+01    0.577090984731966117E+01    0.445571354685299070E-01    0.362071101789791646E+04   -0.750101220333519603E+01    1
    0.143809264336931992E+02    0.198314733689873357E+01    0.580830250952802274E+01    0.432933374293213991E-01    0.364919905644884875E+04   -0.753434553666853013E+01    1
    0.122457290404360037E+02    0.890751263747946176E+01    0.710252341880224591E+01    0.418995053022948039E-01    0.368079947260756899E+04   -0.756767887000186423E+01    1
    0.603541033977688635E+01    0.190738571295796433E+01    0.872687335618728710E+01    0.416443714473899718E-01    0.368660381392216777E+04   -0.760101220333519745E+01    1
    0.375816144599551816E+01    0.923275213125838334E+01    0.393558410688583926E+01    0.413242726578810782E-01    0.369310092989400755E+04   -0.763434553666853066E+01    1
    0.304613075563103175E+01    0.429511171606967501E+01    0.511932829074091167E+01    0.380331318892606074E-01    0.376934306990259347E+04   -0.766767887000186299E+01    1
    0.977640271186828613E+01    0.596343874931335449E+01    0.985654711723327637E+01    0.321942567825317383E-01    0.390518145531578330E+04   -0.770101220333519709E+01    1
    0.198763785078105073E+02    0.594560805185176555E+01    0.110184871961712005E+01   -0.128125841053969847E-01    0.390752629497649741E+04   -0.773434553666853120E+01    1
    0.284278750419616699E+01    0.809783756732940674E+01    0.791924238204956055E+01    0.310093164443969727E-01    0.393294770683914885E+04   -0.776767887000186441E+01    1
    0.151347974602074391E+02    0.271975631736760137E+01    0.959623532934057977E+01    0.303040515289589862E-01    0.394949199975305373E+04   -0.780101220333519851E+01    1
    0.116965710046782618E+02    0.402616240234492473E+01    0.509809377551637866E+01    0.289189917984207234E-01    0.398199311954169252E+04   -0.783434553666853173E+01    1
    0.478612660231470599E+01    0.331226888863531022E+00    0.903097006848117090E+01    0.286514732151086360E-01    0.398828573185675668E+04   -0.786767887000186494E+01    1
    0.166186257594362985E+02    0.912970710225294546E+01    0.184253910176717994E+01    0.237281837558867004E-01    0.400006264966707522E+04   -0.790101220333519638E+01    1
    0.977116615782543541E+01    0.936517390159463758E+01    0.606707630655539987E+01    0.279614646780357301E-01    0.400448156418830695E+04   -0.793434553666853137E+01    1
    0.696764737643534815E+01    0.464144507783008287E+01    0.288494092333449714E+01    0.277585720352395704E-01    0.400575579044884944E+04   -0.796767887000186548E+01    1
    0.877619989948951229E+01    0.482503087133574127E+01    0.632006448190092129E+01   -0.124210726622540069E-01    0.404072252679891017E+04   -0.800101220333519869E+01    1
    0.529455841449603959E+01    0.307359224370386386E+01    0.914354457891564465E+01    0.245651859933555539E-01    0.408403977805561317E+04   -0.803434553666853191E+01    1
    0.349982753986047701E+01    0.406727869017443489E+01    0.740760087942179268E+01    0.237968881114416497E-01    0.410195142591293552E+04   -0.806767887000186334E+01    1
    0.648741676145659341E+01    0.914889024395144013E+01    0.540348651127264645E+01    0.211722050863130118E-01    0.416268501692232257E+04   -0.810101220333519656E+01    1
    0.156491325816572147E+02    0.242968465511669107E+01    0.384914482777272227E+01    0.211635909711991310E-01    0.416280069852597899E+04   -0.813434553666852977E+01    1
    0.155570096439472785E+02    0.957210507442711034E+01    0.426631756116475636E+01    0.209927365924225118E-01    0.416668146567713848E+04   -0.816767887000186299E+01    1
    0.167445548036066185E+02    0.425277074027190771E+01    0.651466628969168937E+01    0.203197541487580846E-01    0.418222746272538370E+04   -0.820101220333519620E+01    1
    0.174836888858088706E+02    0.130113009575541594E+01    0.650230837306138199E+01    0.188953888850873497E-01    0.421456331706604578E+04   -0.823434553666853120E+01    1
    0.106076221875956005E+02    0.400162370536397649E+01    0.622034397226076052E+01   -0.104726824473631019E-01    0.423671234402158007E+04   -0.826767887000186441E+01    1
    0.126750028310384231E+02    0.167959664062481107E+01    0.200343387261163386E+01    0.167430478253822734E-01    0.425284697280545697E+04   -0.830101220333519763E+01    1
    0.255365816448024141E+01    0.737167712447705714E+01    0.427533644136532054E+01    0.159034827738790963E-01    0.428065207786166229E+04   -0.833434553666853084E+01    1
    0.394380577146688527E+01    0.706461049336736124E+01    0.373131506209178454E+01    0.156611080475737019E-01    0.428551846375004789E+04   -0.836767887000186406E+01    1
    0.674620392139582692E-01    0.770913288636792160E+01    0.662479489757286188E+01    0.141416666044325012E-01    0.431849057156585695E+04   -0.840101220333519727E+01    1
    0.868888453730369648E+01    0.895060836552012873E+01    0.719626669800533136E+01    0.140394722247645376E-01    0.432063630466761970E+04   -0.843434553666853049E+01    1
    0.174330005983287464E+02    0.121644399475898868E+01    0.342453635258271483E+01    0.130532491332415734E-01    0.434096617685597448E+04   -0.846767887000186548E+01    1
    0.863307454026761611E+01    0.395483771570807940E+01    0.450957039143539617E+01    0.127751133290765484E-01    0.434670318466088975E+04   -0.850101220333519692E+01    1
    0.173386867863515839E+02    0.234478736629786777E+01    0.947909694737670350E+01    0.122768196372227134E-01    0.435678081037582797E+04   -0.853434553666853191E+01    1
    0.692191063974103660E+01    0.662778927608398938E+01    0.173893003230527654E+01    0.584083196069018484E-02    0.436186124266219485E+04   -0.856767887000186334E+01    1
    0.469177421047706122E+01    0.758630802195236242E+01    0.759830664284874402E+01    0.118262129210098266E-01    0.436574602809287717E+04   -0.860101220333519656E+01    1
    0.331379305793564871E+01    0.150588211501866387E+01    0.218110718051181962E+01    0.104841295135367218E-01    0.438458744279143320E+04   -0.863434553666853155E+01    1
    0.168835937976837158E+02    0.801903367042541504E+01    0.741078972816467285E+01    0.994288921356201172E-02    0.440176465395166269E+04   -0.866767887000186477E+01    1
    0.644302629518406711E+01    0.154359754528353088E+01    0.812470041390838560E+01    0.864982041905681953E-02    0.442490252797626272E+04   -0.870101220333519620E+01    1
    0.840831987204835229E+01    0.289653150485420596E+01    0.689916852648928369E+01   -0.681013436024513474E-02    0.443537640638683115E+04   -0.873434553666852942E+01    1
    0.163289530747817260E+02    0.867220812898650451E+01    0.608207744178598375E+01    0.799333020236692171E-02    0.443606435908680851E+04   -0.876767887000186441E+01    1
    0.179913098847146919E+02    0.548633583484038567E+01    0.333637238147297133E+01    0.795839239293982814E-02    0.443625458903406525E+04   -0.880101220333519763E+01    1
    0.603906980056345599E+01    0.374759755400855443E+01    0.289085862403352500E+01    0.745732190103987058E-02    0.444335814306144312E+04   -0.883434553666853084E+01    1
    0.331497742578964694E+01    0.456047183750663976E+01    0.333049473003633167E+01    0.671823733669474343E-02    0.445574958080833858E+04   -0.886767887000186228E+01    1
    0.135096445967028238E+02    0.578655567315806252E+01    0.330826360997974334E+01    0.670218107745967906E-02    0.445624713450034506E+04   -0.890101220333519549E+01    1
    0.402454930943606559E+01    0.371059116238554587E+01    0.759688028734856502E+01   -0.607712867360210574E-02    0.445787255441087109E+04   -0.893434553666853049E+01    1
    0.181484788831612036E+02    0.794309674194955573E+01    0.806258590648394247E+01    0.662090315375896132E-02    0.445793066502862439E+04   -0.896767887000186370E+01    1
    0.403919162866654524E+01    0.354053046864206866E+01    0.714149896034467346E+01    0.643417616909092160E-02    0.446073654374818852E+04   -0.900101220333519692E+01    1
    0.771083712271622179E+01    0.651520531428002592E+00    0.733778015340609358E+01    0.642913688289481478E-02    0.446081169146869070E+04   -0.903434553666853013E+01    1
    0.968771111252051753E+01    0.480008464862401585E+01    0.676848474854281790E+01    0.622027828068394406E-02    0.446389702383064559E+04   -0.906767887000186334E+01    1
    0.161939089219967691E+01    0.400844112034078393E+01    0.733534669209778656E+01    0.595814789939197453E-02    0.446768966723041194E+04   -0.910101220333519656E+01    1
    0.127450034067981797E+02    0.732483070482814380E+01    0.326400552319811155E+01    0.566903189372580663E-02    0.447113622715788915E+04   -0.913434553666852977E+01    1
    0.997795729166204204E+01    0.184333321361568214E+01    0.241005461039458346E+01    0.555900967054778761E-02    0.447134516398701817E+04   -0.916767887000186477E+01    1
    0.115150276391046589E+02    0.955824133284224886E+00    0.143914838184400473E+01   -0.522452343280399578E-02    0.447759481268745822E+04   -0.920101220333519620E+01    1
    0.100426434037133934E+02    0.289601750301055505E+01    0.225393814332494458E+01   -0.504301784387528595E-02    0.448218458474239924E+04   -0.923434553666852942E+01    1
    0.161075886186740433E+02    0.679552225865135817E+01    0.840085642620489637E+01   -0.506345784136985611E-02    0.448224186444437601E+04   -0.926767887000186263E+01    1
    0.875880011884339993E+01    0.478564441376552463E+00    0.896476214159282847E+01   -0.502845763006998236E-02    0.448295713230859292E+04   -0.930101220333519585E+01    1
    0.943716912448420864E+01    0.917178320114240364E+01    0.488042402745306347E+01    0.455336308776943532E-02    0.448636786448960083E+04   -0.933434553666853084E+01    1
    0.980833232955432521E+01    0.101959426043964863E+01    0.862185776713663188E+01    0.447482154074951843E-02    0.448732930585207760E+04   -0.936767887000186406E+01    1
    0.126519226954397297E+02    0.724942343812070966E+01    0.239393173055384523E+01    0.332366901856739894E-02    0.449042514763281724E+04   -0.940101220333519727E+01    1
    0.502062103490500533E+01    0.182440712034988195E+01    0.602658531183720214E+01    0.413567890464916488E-02    0.449134283177166071E+04   -0.943434553666853049E+01    1
    0.578471188929177238E+01    0.331642080830427566E+00    0.936292116719675960E+01    0.402628297894080944E-02    0.449259634829437891E+04   -0.946767887000186192E+01    1
    0.937698767009433709E+01    0.786805192003516751E+01    0.433226333693320953E+01    0.383622083435763983E-02    0.449470634110157698E+04   -0.950101220333519692E+01    1
    0.845193408651462796E+01    0.426160888667353177E+01    0.546561941518569228E+01   -0.406151696938472639E-02    0.449974297813836620E+04   -0.953434553666853191E+01    1
    0.124586274072979855E+02    0.976588824550412937E+01    0.422194838328322497E+01   -0.405783622116095977E-02    0.449987088843840684E+04   -0.956767887000186334E+01    1
    0.298693176226535184E+00    0.357264611394220033E+01    0.730848190114156182E+01   -0.401224039198111448E-02    0.450044975066789812E+04   -0.960101220333519656E+01    1
    0.295875094282346573E+01    0.857218322090063012E+01    0.812942193233711663E+01    0.314734885152034849E-02    0.450189373336653171E+04   -0.963434553666853155E+01    1
    0.155836649187541226E+00    0.703683922442633136E+01    0.636378651338332801E+01    0.309031981901064512E-02    0.450244565428127225E+04   -0.966767887000186477E+01    1
    0.900043803771184159E+01    0.776722850744718762E+01    0.405578957934257467E+01   -0.386600326197561461E-02    0.450256183576452258E+04   -0.970101220333519620E+01    1
    0.105292247554999783E+02    0.603258010620429186E+01    0.877588685268720781E+01    0.302424251743760308E-02    0.450308049926961394E+04   -0.973434553666853120E+01    1
    0.694393475942101723E+01    0.175122370687525453E+01    0.692231448421330242E+01    0.294046361242772392E-02    0.450387113087228136E+04   -0.976767887000186263E+01    1
    0.683756395373780279E+01    0.234357495567636936E+00    0.695524343853304572E+01   -0.372314976501975092E-02    0.450434959269536739E+04   -0.980101220333519763E+01    1
    0.178616873206384810E+02    0.648006671110216725E+01    0.425598511486055209E+01    0.284301732183189770E-02    0.450476912158944469E+04   -0.983434553666853084E+01    1
    0.107288913462756614E+02    0.144688090974346206E+01    0.355228442064440664E+01   -0.363429597163411611E-02    0.450550147861214373E+04   -0.986767887000186228E+01    1
    0.184914954780298890E+01    0.655958446079987567E+01    0.719891918372518091E+01    0.272596468536434600E-02    0.450583128452770779E+04   -0.990101220333519549E+01    1
    0.599951121257128328E+01    0.611972377958638902E-01    0.227715602675717577E+01   -0.357275635149179038E-02    0.450623741973820597E+04   -0.993434553666853049E+01    1
    0.164814774402621431E+02    0.130848725088399509E+01    0.661756106982040393E+01    0.260700126654356268E-02    0.450687796525630529E+04   -0.996767887000186548E+01    1
    0.652526259268757070E+01    0.113337974928155738E+01    0.273353291187587644E+01   -0.349071052757787825E-02    0.450728216540403446E+04   -0.100010122033351969E+02    1
    0.150278277173654118E+02    0.544328610524029344E+01    0.460810321343085505E+01    0.251488009915834532E-02    0.450766913088803994E+04   -0.100343455366685301E+02    1
    0.427597893985461830E+00    0.984600122348139806E+01    0.674870253859947056E+01   -0.319694148014293411E-02    0.451033972425181491E+04   -0.100676788700018633E+02    1
    0.101404416454665025E+02    0.188359481913145510E+01    0.586301267400401471E+01    0.204788154796564648E-02    0.451139445483140662E+04   -0.101010122033351983E+02    1
    0.176820950149755411E+02    0.811220439142951122E+01    0.394698437763243959E+01    0.202427176782404850E-02    0.451155617161106420E+04   -0.101343455366685316E+02    1
    0.556137636501326416E+01    0.587135813417656749E+01    0.870197285991065428E+01   -0.301261752888060119E-02    0.451211584937620410E+04   -0.101676788700018648E+02    1
    0.105951236659407364E+02    0.535777658866469508E+01    0.714261834218575231E+01    0.190439317768142935E-02    0.451244218719772743E+04   -0.102010122033351998E+02    1
    0.159101518744304666E+02    0.688481628880536878E+01    0.932541425849253258E+01    0.188353955315734289E-02    0.451259052756732490E+04   -0.102343455366685294E+02    1
    0.886974525294268368E+01    0.494521380269254163E+01    0.751956387266360338E+01   -0.276325155589030036E-02    0.451426716790788123E+04   -0.102676788700018609E+02    1
    0.916745704404555539E+01    0.352801021121573743E+01    0.713613646757488596E+01    0.150001835566704322E-02    0.451513807526695109E+04   -0.103010122033351958E+02    1
    0.642470720152891506E+01    0.287773216679594412E+01    0.337773012915193860E+01    0.131734319249021681E-02    0.451614217472169366E+04   -0.103343455366685308E+02    1
    0.331531025073985353E+01    0.187890443365269966E+01    0.845446966435745040E+01    0.130107495762743497E-02    0.451632020997902509E+04   -0.103676788700018641E+02    1
    0.100129637219478234E+02    0.858337435868290199E-01    0.791905871347617918E+01   -0.248505579306290691E-02    0.451633685984652311E+04   -0.104010122033351973E+02    1
    0.985716960575557799E+01    0.906232834147790633E+01    0.510791442497612636E+01   -0.243399234417984722E-02    0.451669015907214180E+04   -0.104343455366685305E+02    1
    0.800554466058884096E+01    0.388416978248381817E+01    0.314360377802231028E+01    0.115906221526684838E-02    0.451686200668915808E+04   -0.104676788700018637E+02    1
    0.482513697530231878E+00    0.752660016335280790E+01    0.468280260118087988E+01    0.117231213153790037E-02    0.451699182038263098E+04   -0.105010122033351987E+02    1
    0.418309731125235906E+01    0.182112811164776911E+01    0.702669862426619929E+01    0.114543539653633175E-02    0.451717642923642688E+04   -0.105343455366685319E+02    1
    0.145823042136357532E+02    0.656240092144356080E+01    0.780317568911449300E+01   -0.233353684762394042E-02    0.451732264984127687E+04   -0.105676788700018633E+02    1
    0.129012387480023918E+02    0.742501143311238287E+01    0.576859825606410226E+01    0.107345187822849297E-02    0.451755257739595436E+04   -0.106010122033351966E+02    1
    0.118835304161453532E+02    0.877058126680531736E+00    0.187662833631824277E+01    0.516742180340035162E-03    0.451764883199699943E+04   -0.106343455366685316E+02    1
    0.176049086294617716E+02    0.931218584400913763E+01    0.516195261207242240E+01    0.933151393788023142E-03    0.451824826076791942E+04   -0.106676788700018648E+02    1
    0.108919022623335202E+02    0.132933188897950250E+01    0.300943019457859684E+01   -0.214577313599373376E-02    0.451845054193844589E+04   -0.107010122033351980E+02    1
    0.486844585734872837E+01    0.870906075149682213E+00    0.831387751793448970E+01   -0.212531710148688990E-02    0.451851965500293045E+04   -0.107343455366685294E+02    1
    0.152748236001588609E+02    0.383071685627960568E+01    0.665777984045824311E+01   -0.209869898064263261E-02    0.451865994214469902E+04   -0.107676788700018644E+02    1
    0.551016770429670810E+01    0.814758547718182946E+01    0.333677057316166703E+01    0.676567385070159233E-03    0.451896682496481026E+04   -0.108010122033351976E+02    1
    0.123476138742264663E+02    0.262116906687835605E+00    0.370660610579827932E+01    0.762901110036739993E-03    0.451901614729028552E+04   -0.108343455366685308E+02    1
    0.193264338881256279E+02    0.780410587825695590E+01    0.289464751407058785E+01    0.483235587027008862E-03    0.451903953087309674E+04   -0.108676788700018641E+02    1
    0.764193922317096064E+01    0.741133386229800983E+01    0.290961823164213129E+01   -0.177400275634764792E-02    0.451926211013560896E+04   -0.109010122033351973E+02    1
    0.187197307827515083E+02    0.644307278929073846E+01    0.330161823272487354E+01    0.585884079497667187E-03    0.451961842969010377E+04   -0.109343455366685323E+02    1
    0.564087558931217625E+01    0.300865662067543216E+01    0.852353291154706483E+01   -0.184952967024432091E-02    0.451983307305909511E+04   -0.109676788700018655E+02    1
    0.606663423858993411E+01    0.686357195880646476E+01    0.726260197398602259E+01   -0.182074422362221711E-02    0.451995284725219790E+04   -0.110010122033351969E+02    1
    0.135309591214478786E+01    0.406188110113466294E+01    0.280446510944311278E+01   -0.203183440861454123E-03    0.451997294623279959E+04   -0.110343455366685319E+02    1
    0.914316235932748711E+01    0.447580045251670111E+00    0.753488713245193864E+01   -0.174459810517602065E-02    0.452025375012478435E+04   -0.110676788700018651E+02    1
    0.151230206862333567E+02    0.406304908740181236E+01    0.508668085603769704E+01   -0.174160875362894263E-02    0.452026907966946874E+04   -0.111010122033351966E+02    1
    0.173060557988906041E+02    0.664878279792563376E+01    0.883617462051963543E+01    0.435208775544371207E-03    0.452027943271216645E+04   -0.111343455366685316E+02    1
    0.146033183413730061E+02    0.756075197007528121E+01    0.421853861763583282E+01    0.427275656342818166E-03    0.452031993192398295E+04   -0.111676788700018630E+02    1
    0.106437182721569634E+02    0.484977951017585251E+01    0.941546272270428020E+01    0.416654608244693136E-03    0.452034206986111894E+04   -0.112010122033351962E+02    1
    0.732793090678226022E+01    0.633738937413802716E+01    0.861577601711271157E+01   -0.161447768589295659E-02    0.452071641669464680E+04   -0.112343455366685312E+02    1
    0.811271045671482227E+01    0.130354738765292999E+01    0.307636655014395544E+01   -0.161901732962965728E-02    0.452071776908097490E+04   -0.112676788700018644E+02    1
    0.814685784572488636E+01    0.559067027848519693E+01    0.357625585527534540E+01   -0.161907772171820952E-02    0.452073772607356295E+04   -0.113010122033351976E+02    1
    0.255092431603478209E+01    0.497123897845986296E+01    0.843389370099945168E+01   -0.160531311477174476E-02    0.452074657330971695E+04   -0.113343455366685308E+02    1
    0.730850754337775221E+01    0.211356361032637352E+01    0.725116882772612925E+01   -0.155945860710959838E-02    0.452089270280811979E+04   -0.113676788700018641E+02    1
    0.371433610204566289E+01    0.492755935693332070E+01    0.281869476307592670E+01   -0.918225811186501595E-03    0.452091754592302641E+04   -0.114010122033351973E+02    1
    0.719157967549923427E+01    0.424972187692488923E+01    0.491110417643373864E+01    0.197735776953811282E-03    0.452101018807639321E+04   -0.114343455366685287E+02    1
    0.106453961500958361E+02    0.495516085777221704E+01    0.491776718722604755E+01   -0.144193525465863281E-02    0.452123762523776622E+04   -0.114676788700018637E+02    1
    0.169801777573656665E+02    0.176604901919921314E+00    0.575516332071650538E+01   -0.143304933978805060E-02    0.452125474852180196E+04   -0.115010122033351987E+02    1
    0.160655196285574284E+02    0.199292919020105352E+01    0.556997018577914105E+01    0.986979557076050895E-04    0.452126284373399812E+04   -0.115343455366685301E+02    1
    0.372899950839600258E+01    0.618651752246275777E+01    0.904339405741419711E+01   -0.140062208698088497E-02    0.452133803830225497E+04   -0.115676788700018616E+02    1
    0.103105058176530591E+02    0.598852119982604059E+01    0.636814993739539759E+01    0.498194890514724875E-04    0.452137801496812608E+04   -0.116010122033351966E+02    1
    0.791114730232385988E+01    0.259452743859540813E+00    0.863721059246377365E+01   -0.115973210529363158E-04    0.452151252839209701E+04   -0.116343455366685298E+02    1
    0.614307237695116370E+01    0.113477294844338283E+01    0.235963841795129170E+01   -0.388361121715918856E-03    0.452151400629268119E+04   -0.116676788700018630E+02    1
    0.108092009760527539E+02    0.930825697736818336E+00    0.366309237593658032E+01   -0.235442503290217431E-04    0.452154103425514404E+04   -0.117010122033351980E+02    1
    0.194280918473387594E+02    0.695131847240723921E+01    0.907286442397013815E+01   -0.131188444386165504E-02    0.452154639189139925E+04   -0.117343455366685312E+02    1
    0.730372736308210957E+01    0.540136790169282177E-01    0.688204528714250330E+01   -0.126653206677673769E-02    0.452164184050212862E+04   -0.117676788700018644E+02    1
    0.916462010233726865E+01    0.698138019031388612E+01    0.504784946451173866E+01   -0.827411967986302344E-04    0.452165936533902368E+04   -0.118010122033351958E+02    1
    0.808438485200286294E+01    0.105206856540657623E+01    0.683116099153005507E+01   -0.128905512323251870E-03    0.452173858658847712E+04   -0.118343455366685308E+02    1
    0.132220856237108126E+02    0.343359163554121771E+00    0.917660672415975398E+01   -0.116219644411186263E-02    0.452183340566110019E+04   -0.118676788700018641E+02    1
    0.254847207087950967E+01    0.283585950231104800E+01    0.880421877202342884E+01   -0.187629750822870811E-03    0.452183599308615703E+04   -0.119010122033351955E+02    1
    0.127944262752204878E+02    0.456625787263983884E+01    0.965933980856941687E+01   -0.113501905210355858E-02    0.452187694865311460E+04   -0.119343455366685305E+02    1
    0.160662554107088340E+02    0.572547576497791777E+01    0.755769395382387543E+01   -0.113178007762015920E-02    0.452188199528240966E+04   -0.119676788700018637E+02    1
    0.125490173344072851E+02    0.802880704395034961E+01    0.774758319680697483E+01   -0.223517663779149167E-03    0.452189034411951434E+04   -0.120010122033351969E+02    1
    0.257008255429139609E+01    0.814731955161160570E+01    0.697774353387010393E+01   -0.110584734480934088E-02    0.452192099238437368E+04   -0.120343455366685301E+02    1
    0.677386983083186678E+01    0.927052108141338316E+01    0.473524951112650072E+01   -0.240186914581386191E-03    0.452192417674103035E+04   -0.120676788700018633E+02    1
    0.364493704732349322E+01    0.306880758485648775E+00    0.521235546609158362E+01   -0.109204935011941728E-02    0.452194067271217955E+04   -0.121010122033351983E+02    1
    0.170932545273018128E+02    0.544036902433425773E+01    0.978510615266992900E+01   -0.260339138323240071E-03    0.452194191688883438E+04   -0.121343455366685298E+02    1
    0.492405217003605777E+01    0.314882363018410505E+01    0.428934118609096693E+01   -0.109637533652728880E-02    0.452194318239224776E+04   -0.121676788700018630E+02    1
    0.346288626573869118E+01    0.279570371866734568E+01    0.733713527165344104E+01   -0.106279242964835152E-02    0.452198006054177858E+04   -0.122010122033351962E+02    1
    0.128661500984616435E+02    0.337214273693165278E+01    0.653520344618292981E+01   -0.298961333444203170E-03    0.452199165001588335E+04   -0.122343455366685294E+02    1
    0.194109858920812179E+02    0.395841538989733133E+01    0.988360425428738054E+01   -0.301623157785368967E-03    0.452199475773554877E+04   -0.122676788700018626E+02    1
    0.204088249301286151E+01    0.210503811840919841E+01    0.812728005579761259E+01   -0.103709799534490443E-02    0.452201229761352079E+04   -0.123010122033351958E+02    1
    0.109291299181408679E+02    0.687984843097124621E+01    0.456932535260929207E+01   -0.101642002209789695E-02    0.452205116634181013E+04   -0.123343455366685291E+02    1
    0.814186506091430218E+01    0.564048215507342743E+01    0.526430467803855429E+01   -0.100036489970811715E-02    0.452205788669199319E+04   -0.123676788700018623E+02    1
    0.113577543934213914E+02    0.745168315549245452E+01    0.633587584928037018E+01   -0.364213354243525522E-03    0.452206517040557264E+04   -0.124010122033351955E+02    1
    0.279243310892561158E+01    0.444226712601788076E+01    0.577598411573873527E+01   -0.989615939368193587E-03    0.452206683593060734E+04   -0.124343455366685287E+02    1
    0.100819949797636550E+02    0.708517444902749460E+01    0.394272651196334323E+01   -0.101458934065845607E-02    0.452207067744663254E+04   -0.124676788700018619E+02    1
    0.532034682259706404E+01    0.246997833636098463E+01    0.431503307601880692E+01   -0.388510345061265916E-03    0.452209294004373533E+04   -0.125010122033351969E+02    1
    0.161154799182801547E+02    0.949525015166243769E+01    0.516733965683833674E+01   -0.397038732271259853E-03    0.452210217808654124E+04   -0.125343455366685301E+02    1
    0.124350346949951138E+02    0.675120631334771559E+01    0.582185955459201310E+01   -0.949305937216871065E-03    0.452210659927000324E+04   -0.125676788700018633E+02    1
    0.114985100328481842E+02    0.972674775887951881E+01    0.637984765256706510E+01   -0.940418823480726473E-03    0.452211382708836391E+04   -0.126010122033351966E+02    1
    0.585465817710014402E+01    0.571952729198898613E+01    0.733680040298414227E+01   -0.920113966630498048E-03    0.452213035366294116E+04   -0.126343455366685316E+02    1
    0.488333990479854840E+01    0.641239710963027854E+01    0.679282565540201588E+01   -0.903130926402484491E-03    0.452214372495970292E+04   -0.126676788700018648E+02    1
    0.142819060558282889E+02    0.984959381529441735E+01    0.538969497672770714E+01   -0.452582083188990403E-03    0.452214635697698395E+04   -0.127010122033351980E+02    1
    0.507931516633266522E+01    0.796948766725327129E+01    0.990849566712638463E+01   -0.896239995498149256E-03    0.452214859465885456E+04   -0.127343455366685294E+02    1
    0.134374868438011692E+02    0.840701204477859321E+01    0.448018946476837954E+01   -0.439941592067394360E-03    0.452214962406701125E+04   -0.127676788700018626E+02    1
    0.123222394934603834E+02    0.374461892435062116E+00    0.601954964302883511E+01   -0.887717752499073143E-03    0.452215470703515712E+04   -0.128010122033351958E+02    1
    0.140350566407390920E+01    0.403446998657452838E+01    0.544770229170759457E+01   -0.482634283876182124E-03    0.452216350291160416E+04   -0.128343455366685308E+02    1
    0.452725340734340786E+01    0.281436513345188044E+00    0.462314805716864008E+01   -0.484235065360882899E-03    0.452216449143975933E+04   -0.128676788700018623E+02    1
    0.721690383544629555E+01    0.164809218865991003E+01    0.516499276714302624E+01   -0.868204785707371585E-03    0.452216878699308836E+04   -0.129010122033351973E+02    1
    0.255860509614182430E+01    0.570070782863433934E+01    0.648257815164302542E+01   -0.491925458816488970E-03    0.452216923017952467E+04   -0.129343455366685323E+02    1
    0.116618790765236007E+02    0.428957581944530197E+01    0.490591373257698926E+01   -0.486982014503034577E-03    0.452217027549660816E+04   -0.129676788700018637E+02    1
    0.902484583123174922E+00    0.330157282579657974E+01    0.633725176920368938E+01   -0.859819729099986496E-03    0.452217291749545439E+04   -0.130010122033351969E+02    1
    0.159234085059550861E+02    0.341284370255600988E+01    0.795718723606175260E+01   -0.853904676452077460E-03    0.452217628821713060E+04   -0.130343455366685319E+02    1
    0.157256548523922177E+02    0.380940606648848235E+01    0.350288332237074229E+01   -0.480886273034109024E-03    0.452217876531053480E+04   -0.130676788700018651E+02    1
    0.100617092018727874E+02    0.836080171671807371E+01    0.715424177852320042E+01   -0.840161852904031115E-03    0.452218407640392434E+04   -0.131010122033351983E+02    1
    0.176417774562708871E+02    0.322872607926592980E+01    0.508292817527692975E+01   -0.515764090669557085E-03    0.452218500324295383E+04   -0.131343455366685316E+02    1
    0.143888901136512803E+02    0.649827343449454808E+01    0.333342489665776220E+01   -0.720603209022674385E-03    0.452218539043486999E+04   -0.131676788700018630E+02    1
    0.635248167750186443E+01    0.812119127024216780E+01    0.843355283174349779E+01   -0.523305584412159241E-03    0.452218657210044876E+04   -0.132010122033351962E+02    1
    0.346553295429406383E+01    0.837234369406496448E+01    0.407433685628245357E+01   -0.560273943511546690E-03    0.452219591060872335E+04   -0.132343455366685294E+02    1
    0.100215365017233360E+02    0.286745237030177569E+00    0.253959684242039962E+01   -0.614777940767030628E-03    0.452219847816639503E+04   -0.132676788700018626E+02    1
    0.168707509091264960E+02    0.636042334724252445E+01    0.680553961846477051E+01   -0.804729951927707354E-03    0.452220097765590526E+04   -0.133010122033351958E+02    1
    0.612799681734130353E+01    0.971215242466145057E+01    0.757128194879775407E+01   -0.558507696466259418E-03    0.452220261629092602E+04   -0.133343455366685291E+02    1
    0.714404197116045125E+01    0.156114671091697677E+01    0.644031265477000403E+01   -0.562010997616435581E-03    0.452220401712725743E+04   -0.133676788700018623E+02    1
    0.162113381466927553E+00    0.583637896347228669E+01    0.595206693979522861E+01   -0.789772969023827542E-03    0.452220631825417695E+04   -0.134010122033351955E+02    1
    0.142556918780007997E+02    0.882406395025647683E+01    0.712158455694601855E+01   -0.569178556888316756E-03    0.452220672061472214E+04   -0.134343455366685287E+02    1
    0.947683760275517173E+01    0.547769917784983207E+01    0.776627282766107996E+01   -0.570062972285678704E-03    0.452220694824485327E+04   -0.134676788700018637E+02    1
    0.693396263606397945E+01    0.153583717358299121E+01    0.510209969247121364E+01   -0.789998131264457726E-03    0.452220778516465543E+04   -0.135010122033351987E+02    1
    0.113506671108824477E+02    0.540877659872625038E+01    0.783607154455906851E+01   -0.780548632853261815E-03    0.452220991977386984E+04   -0.135343455366685301E+02    1
    0.276399964021092392E+01    0.926261669838887869E+01    0.807303122462939626E+01   -0.578731316828062781E-03    0.452220994913062896E+04   -0.135676788700018633E+02    1
    0.128514851715911398E+02    0.337137254564657762E+00    0.531098016653273497E+01   -0.586075459033552626E-03    0.452221243854180739E+04   -0.136010122033351966E+02    1
    0.104042457709905953E+02    0.358075632083607154E+01    0.547903891775096952E+01   -0.582961896379852185E-03    0.452221260351345609E+04   -0.136343455366685298E+02    1
    0.711351814556073681E+01    0.367871694447924913E+01    0.895228008026553113E+01   -0.771261408815671068E-03    0.452221287026109439E+04   -0.136676788700018630E+02    1
    0.118659304645200425E+02    0.405101174917509521E+01    0.977175443999513860E+01   -0.595400063097106802E-03    0.452221499701610719E+04   -0.137010122033351980E+02    1
    0.131957055774199468E+02    0.556513031220071586E+01    0.480767568793134537E+01   -0.785857177321713785E-03    0.452221546754824521E+04   -0.137343455366685312E+02    1
    0.538197351396257417E+01    0.103981259165328369E+00    0.942139539080635302E+01   -0.759476048303175943E-03    0.452221621792442238E+04   -0.137676788700018626E+02    1
    0.840781216735535786E+01    0.739952491495445130E+01    0.615220452204613366E+01   -0.759524253067467292E-03    0.452221698309181374E+04   -0.138010122033351976E+02    1
    0.273053762631291530E+01    0.243797165399646643E+01    0.518565219785885922E+01   -0.760843171556668807E-03    0.452221702598695083E+04   -0.138343455366685308E+02    1
    0.747587129330629097E+01    0.667339356490025004E+01    0.368036182889586172E+01   -0.608320574901677347E-03    0.452221727741636732E+04   -0.138676788700018623E+02    1
    0.493012131928082731E+01    0.847561860268253042E+01    0.554141615747592020E+01   -0.763292544837645970E-03    0.452221803485645978E+04   -0.139010122033351955E+02    1
    0.350322402581123704E+01    0.179312973089805561E+01    0.657387617741517971E+01   -0.752579092456628906E-03    0.452221805172564927E+04   -0.139343455366685305E+02    1
    0.141536444392504599E+02    0.374243120166772236E+01    0.966015890648943198E+01   -0.608983840007737420E-03    0.452221846138962246E+04   -0.139676788700018637E+02    1
    0.157231113005808325E+02    0.812251311180410696E+01    0.983500133058780079E+01   -0.743613060988246311E-03    0.452221999356006654E+04   -0.140010122033351969E+02    1
    0.932230369845687967E+01    0.258771891020409806E+01    0.879652222482216217E+01   -0.740297708224813000E-03    0.452222067746669927E+04   -0.140343455366685301E+02    1
