    0.260449867957499065E-97    0.268352661153182726E+04    0.161222089043135277E+02    0.871633821332389402E+01    0.255473142808603981E+01    0.417363299914038199E+00
    0.537602189043090904E-97    0.268201052793742338E+04    0.217312733516070988E+01    0.748536224492162283E+01    0.430628633192701926E+01   -0.484887201049118088E+00
    0.529083684162474128E-95    0.267276546539600167E+04    0.111067605018615723E+02    0.757254600524902344E+01    0.776570081710815430E+01   -0.477558374404907227E+00
    0.633749104792577249E-95    0.267233778566957972E+04    0.617493541425279702E+01    0.619145367517791456E+01    0.566675728134918089E+01   -0.456214510011779262E+00
    0.258740923864164841E-94    0.266945760056739982E+04    0.463128282483685272E+01    0.223326465206870139E+01    0.441667078830636761E+01   -0.461409376872407462E+00
    0.327259355472527283E-94    0.266892108244988958E+04    0.572125909879575989E+01    0.601053247566570104E+01    0.954225543696905021E+01   -0.471139740219771341E+00
    0.318125522821687120E-94    0.266891102970678685E+04    0.672107110245863204E+01    0.769731629107135795E+01    0.662664850893460056E+01   -0.461646832960876274E+00
    0.457321327294784400E-94    0.266811848256761732E+04    0.146333763012628069E+02    0.726823322020946794E+01    0.807134329693197117E+01   -0.464706228477410499E+00
    0.110546029532200188E-85    0.262944519277891322E+04    0.189527443771764510E+02    0.546652811839669539E+01    0.325875940549189735E+01    0.408383582499723730E+00
    0.526439435365143361E-85    0.262625711750957089E+04    0.871408552667399583E+01    0.800123970234702675E+01    0.825954617215601417E+01    0.407845615083482826E+00
    0.315039300485865283E-82    0.261340181808078341E+04    0.134077620506286621E+02    0.160308480262756348E+00    0.561075329780578613E+01    0.405341863632202148E+00
    0.188805345340912763E-78    0.259593843232815016E+04    0.181430551476238797E+02    0.313340600526403401E+01    0.450279217637971563E+01    0.212906146243867944E+00
    0.115543333248351121E-75    0.258303839695603665E+04    0.101128228614502156E+02    0.959797116436953246E+01    0.139975384253008173E+01    0.339643951191599403E+00
    0.137401294233900807E-66    0.254117867829554598E+04    0.168155699451705303E+02    0.694761061067330488E+01    0.496791608867961365E+01    0.217811667265666919E+00
    0.112641117184579446E-62    0.252308872886224117E+04    0.328928722734886936E+01    0.635679604135923970E+01    0.171732111431268208E+01    0.224447677177576521E+00
    0.943891184531103215E-47    0.244969290124909321E+04    0.694623122696585715E-01    0.162191002106549931E+01    0.964572173419634638E+01    0.370936820605074935E+00
    0.348431332550075262E-44    0.243780386345496299E+04    0.863582511994802360E+01    0.861524358008767699E+01    0.859034070904860414E+01    0.228999808707631480E+00
    0.266637199822468690E-37    0.240603610996917723E+04    0.656019283554523458E+01    0.199517866277880129E+01    0.764077280020354976E+01    0.360514697171592235E+00
    0.444538774548510561E-37    0.240494714660100772E+04    0.293068238302833395E+01    0.783705242326030227E+01    0.653966135522317060E+01    0.233318873902518042E+00
    0.867317344203787299E-36    0.239893857444347350E+04    0.133417903424997242E+02    0.984562542322066037E+01    0.868085301888637062E+01    0.358739735793283110E+00
    0.259932715590083705E-33    0.238746636146701621E+04    0.125633960944208933E+02    0.841174586684952530E+01    0.648757645227593827E+01    0.355814259385115239E+00
    0.483330791648704928E-33    0.238615913784686518E+04    0.761515452901726775E+01    0.244074320640958220E+01    0.929566160112397100E+01    0.355475081064287934E+00
    0.501879205519072892E-31    0.237680681445581104E+04    0.779803001426745279E+01    0.255213222416321273E+01    0.666828107606303888E+01    0.353024293795181743E+00
    0.282594997134761495E-30    0.237328366699751177E+04    0.718911575891490173E+01    0.596393458744752891E+01    0.550001523597111408E+01    0.238010671482810743E+00
    0.126673136876333871E-27    0.236100629922038570E+04    0.262420029702404989E+01    0.397251247580181310E+01    0.370115912911720635E+01    0.348733206916756799E+00
    0.282289530633976107E-25    0.235012664577121632E+04    0.105488995139709267E+02    0.462653078679447205E+01    0.545919926702742586E+01    0.241892448424049888E+00
    0.431471394601863583E-25    0.234921144317097924E+04    0.561673135899120179E+01    0.933535809862948440E+01    0.181900499978190133E+01    0.255509392065543572E+00
    0.133997159575069552E-22    0.233766803117209520E+04    0.703822003828466070E+01    0.706805374532641473E+01    0.467873251037602955E+01    0.342065296646926864E+00
    0.419835752537287226E-18    0.231689659382771879E+04    0.140159267634072844E+02    0.211342406842533415E+00    0.160593247587335952E+01    0.334970596166670020E+00
    0.772274692421368285E-15    0.230179546313002629E+04    0.146684432029724121E+02    0.839716434478759766E+01    0.196614027023315430E+01    0.256792783737182617E+00
    0.109093190698912659E-14    0.230103790193424311E+04    0.181477173623658281E+02    0.616431029689198517E+01    0.288348959080737544E+01    0.330197944652880881E+00
    0.494798710278548589E-14    0.229794733815464679E+04    0.169717532953267138E+02    0.522687038585670649E+01    0.888907387571053675E+01    0.329074156403877049E+00
    0.915503151451582213E-14    0.229665002594303405E+04    0.397807626662545211E+01    0.339870417064804009E+01    0.187680151645823479E+01    0.319948483340965373E+00
    0.536039010010972987E-12    0.228844355264067735E+04    0.332754243205256373E+01    0.890201097161890864E+01    0.382587387729098438E+01    0.325584815331958266E+00
    0.155934006193537303E-11    0.228624126390356378E+04    0.163774907337187763E+02    0.523969850321238262E+01    0.930749234049197938E+01    0.324651494121793061E+00
    0.818841258713777377E-11    0.228285768251441823E+04    0.169150982601770861E+01    0.265029163579760940E+01    0.302274824094070205E+01    0.256787181216301175E+00
    0.726692410668203745E-10    0.227842461955726367E+04    0.902711392103067212E+01    0.941897884426454501E+00    0.144218884372488709E+01    0.314051775174520875E+00
    0.139789616406757899E-09    0.227704951218781116E+04    0.340143829284042187E+01    0.249309497995478369E+01    0.840463847538801190E+01    0.258834144277307221E+00
    0.189582763070856865E-09    0.227637347127873818E+04    0.251228297956722813E+01    0.229567127995996945E+01    0.597214694589230533E+01    0.259050842461236108E+00
    0.123319517871698649E-07    0.226795655820044612E+04    0.570242836237298256E+01    0.780464168059282226E+01    0.204855900003412827E+01    0.299628871404699515E+00
    0.105276488915753689E-06    0.226360109850055642E+04    0.702858906035196096E+01    0.725763037185282656E+01    0.891297563989989783E+01    0.314619060284918373E+00
    0.117784773806357567E-06    0.226330989405150603E+04    0.112667429582338166E+02    0.441505066229791598E+01    0.933054808508383715E+01    0.263764178427085882E+00
    0.835084081828673738E-06    0.225932588056817212E+04    0.163924002886464706E+02    0.800689731563318574E+01    0.226943975479238702E+01    0.307723576046240677E+00
    0.850215370351155917E-06    0.225922329934612253E+04    0.487250447273254395E+01    0.384511947631835938E+01    0.321694970130920410E+01    0.265017032623291016E+00
    0.683065358124946111E-05    0.225498926078659815E+04    0.188021917550346771E+02    0.508016241926900491E+01    0.693527650110986471E+01    0.309894073320922558E+00
    0.663115135096009581E-05    0.225498187794960677E+04    0.691379383347916576E+01    0.827240208784719933E+01    0.936632198906539770E+01    0.309888682472381438E+00
    0.122511366317194070E-04    0.225368753073880725E+04    0.862508778398453124E+01    0.390888754649852554E+01    0.965896956304197118E+01    0.309103261497816639E+00
    0.127521033135791773E-04    0.225354070906249899E+04    0.145288624736592098E+01    0.840709034959380985E+00    0.153105943605395645E+01    0.278765811412704956E+00
    0.129624372382172533E-04    0.225344132337987639E+04    0.130071827532407589E+02    0.341592373766595170E+01    0.998671781148532389E+01    0.308951056123750734E+00
    0.147980343208254171E-04    0.225310977946512776E+04    0.162487939864329221E+02    0.597528219690440210E+01    0.226308434377669698E+01    0.305582163179968447E+00
    0.115979912729717444E-03    0.224892526749006220E+04    0.444601691164547042E+01    0.235558305198928863E+01    0.378970943649875736E+01    0.306058251602482345E+00
    0.132981947519237258E-03    0.224858500807122982E+04    0.180896754966407336E+02    0.491271930611183816E+01    0.506750649321135782E+01    0.270893624636127539E+00
    0.273802549808406124E-03    0.224707395372574820E+04    0.878950269407517304E+01    0.303497842874850221E+01    0.735521160092506676E+01    0.304616194230671322E+00
    0.302910125943135734E-03    0.224680522921511556E+04    0.199815730405364747E+02    0.621865623789756050E+01    0.427643059703865447E+01    0.271835030171044822E+00
    0.523403408136808722E-03    0.224564472984015492E+04    0.777683424131573542E+01    0.357425406787984024E+01    0.239008790767437063E+01    0.272297429186346696E+00
    0.798518610059531443E-03    0.224473325162939091E+04    0.127220719703587051E+02    0.952834213568424460E+01    0.416668470068502472E+01    0.303080932267768111E+00
    0.803371301836851835E-03    0.224465446750924457E+04    0.543851264333095052E+01    0.371401788814660705E+01    0.795316914489430005E+01    0.302687772147994139E+00
    0.924684513503627368E-03    0.224430652961766509E+04    0.163018834718479226E+02    0.507317613976019022E+01    0.470282217679284287E+01    0.273716583470112074E+00
    0.105645293927713831E-02    0.224397342359255254E+04    0.975112550239691700E+01    0.165634199298735041E+01    0.790303327579981030E+01    0.302103723748490038E+00
    0.167908312515614982E-02    0.224298009518087656E+04    0.958094541859922089E+01    0.198634177181083826E+01    0.983684110343413920E+01    0.274853376300641772E+00
    0.162937570335545240E-02    0.224297353041065298E+04    0.169176050457013574E+02    0.312381016479877793E+01    0.520885780655275177E+01    0.301227510618269800E+00
    0.167237578700740849E-02    0.224285476713393291E+04    0.172075037461258873E+02    0.162589703237445504E+01    0.620520352818203591E+01    0.301097109424679488E+00
    0.205562884494915610E-02    0.224237542733525061E+04    0.118811698693426990E+02    0.304417446467559794E+01    0.803940939931409559E+01    0.275358936847619251E+00
    0.230296080913790745E-02    0.224208153307863768E+04    0.102615667435645719E+02    0.301930102058070515E+01    0.938658241775732094E+01    0.300355831014068375E+00
    0.278377910490593345E-02    0.224163563882909693E+04    0.129544176638960096E+02    0.274600313193456236E+01    0.280505179757684964E+01    0.274926504433774310E+00
    0.290686912961313649E-02    0.224148243774905359E+04    0.459379474926717002E+01    0.462815145656303617E+01    0.830703388664007747E+01    0.299754981079286331E+00
    0.317599312119463788E-02    0.224123868353038415E+04    0.904964686690254183E+01    0.980174724383656581E+01    0.473791887719620064E+01    0.299670900037841470E+00
    0.321781150402234654E-02    0.224114585467604365E+04    0.739387981055300347E+01    0.896422594800809058E+01    0.237745276629125257E+01    0.288382305373109604E+00
    0.399402221394583833E-02    0.224064699335845989E+04    0.197516444799668278E+01    0.821379957818864348E+01    0.322193026795271464E+01    0.298945273713971504E+00
    0.446922697203627935E-02    0.224035549337187695E+04    0.187243218395033004E+02    0.530223553628724176E+01    0.687069998435709905E+01    0.298545236222928168E+00
    0.533301039918790236E-02    0.223993542585556861E+04    0.173951256275177002E+02    0.776582062244415283E+01    0.329810261726379395E+01    0.299354195594787598E+00
    0.785565127475458015E-02    0.223909412459127998E+04    0.150220292028527922E+02    0.593385606473753491E+01    0.440549647338494310E+01    0.278351739419913979E+00
    0.825827260258635114E-02    0.223892749341011495E+04    0.192750114876363909E+02    0.652184136354755495E+01    0.747227270998845228E+01    0.278833771598194780E+00
    0.814442300915184554E-02    0.223888859081941791E+04    0.299785936075695059E+01    0.238951136370512751E+01    0.651750921303918318E+01    0.278880298566856366E+00
    0.857798714778140563E-02    0.223871819237644104E+04    0.110967974045889051E+02    0.294662689923090360E+00    0.336853048810294098E+01    0.279015206335360144E+00
    0.895504979753792250E-02    0.223856548909268531E+04    0.120687497368289485E+02    0.829209749589319678E+01    0.674379725466114621E+01    0.279283858931858253E+00
    0.906141481074737402E-02    0.223847520708276170E+04    0.139804648256321009E+02    0.788784802915193151E+01    0.780483845881746774E+01    0.296177590227761467E+00
    0.936980250575229073E-02    0.223834160691460693E+04    0.162103344883848912E+02    0.732129570096216131E+01    0.274767762929940140E+01    0.276679483557040529E+00
    0.979790157540432437E-02    0.223818558780982812E+04    0.192752959678447162E+02    0.123121390295522826E+01    0.609635002389324399E+01    0.279795233883356920E+00
    0.106374938513597393E-01    0.223795448778697346E+04    0.297921030137279663E+01    0.688325661226911656E+01    0.353103506553992830E+01    0.279058987661209290E+00
    0.132071787879097357E-01    0.223745506989341493E+04    0.120904803887410655E+02    0.881711694616506136E+01    0.394584100101323010E+01    0.279798875201252129E+00
    0.128255317527849830E-01    0.223744704858060231E+04    0.119461638549144737E+02    0.810141902428608418E+01    0.898506159891034883E+01    0.280902002761706848E+00
    0.127445666500365009E-01    0.223739304754737395E+04    0.435271364410943917E+01    0.205096398297219640E+01    0.622701267382497647E+01    0.280985452278292636E+00
    0.130003787628686276E-01    0.223728663396678985E+04    0.165985609618470242E+02    0.231094431715946058E+01    0.571685211686953565E+01    0.294304530004484421E+00
    0.129543091881834591E-01    0.223722706730813024E+04    0.954467645509433460E+01    0.893150587876822932E+01    0.638240626960240220E+01    0.294198806305969951E+00
    0.129823654658602732E-01    0.223715607375083528E+04    0.195305730750144235E+02    0.919058314439199364E+01    0.656385734659251341E+01    0.294064295597165737E+00
    0.127322915666463667E-01    0.223712830813315486E+04    0.159927249267087177E+02    0.486744470424630471E+01    0.786213168815225316E+01    0.281441468293591068E+00
    0.130648311803143891E-01    0.223701007633067366E+04    0.102619296629763586E+02    0.738423014682413736E+01    0.345712017429661067E+01    0.295358653571577756E+00
    0.168612630782747838E-01    0.223643321988785647E+04    0.175562300809346183E+02    0.463266584891274569E+01    0.467014933788029651E+01    0.292767424875161275E+00
    0.163965855321424638E-01    0.223642244472428638E+04    0.208200294046640089E+01    0.478217169204968595E+01    0.297377582905095039E+01    0.292405524082370194E+00
    0.159319073454427945E-01    0.223641327658605542E+04    0.498560989471222005E+01    0.277809838828666944E+01    0.430117035298875550E+01    0.292713765652894864E+00
    0.154254340385396645E-01    0.223641122220266789E+04    0.155202859352160001E+02    0.634629666346204413E+01    0.712913161316887312E+01    0.282883219653305096E+00
    0.150958170701376883E-01    0.223638775557162990E+04    0.400302574757577823E+01    0.645871998985587670E+01    0.480471043498278405E+01    0.282688157860485401E+00
    0.147308506717315386E-01    0.223637003632586129E+04    0.138607123595723891E+02    0.743099988712978021E+01    0.524850476612642503E+01    0.282832130870384058E+00
    0.144212169854988081E-01    0.223634585657081834E+04    0.149023018578014188E+02    0.423915070818220718E+00    0.593884273083994607E+01    0.283040360945133740E+00
    0.142178535191642488E-01    0.223630759402215062E+04    0.114845622211093197E+02    0.480316273044315345E+01    0.688960940830277835E+01    0.283131031678379719E+00
    0.146252087559824075E-01    0.223618443095154907E+04    0.889385855298347394E+01    0.280594272562586600E+01    0.788460636191467046E+01    0.283451449330181404E+00
    0.143455300753699520E-01    0.223615638081738916E+04    0.456921335706931853E+01    0.219803395937630611E-01    0.767650330850132789E+01    0.291810798393246529E+00
    0.153078578427221085E-01    0.223595985838997331E+04    0.134197889548547273E+02    0.714512547388101993E+00    0.720090057502003944E+01    0.291216219431520651E+00
    0.149423606062873866E-01    0.223594152393941067E+04    0.107747522649931362E+02    0.302692716596989264E+01    0.352283948989759921E+01    0.292287911747597162E+00
    0.146091374533996246E-01    0.223591996324689580E+04    0.615031762842171315E+01    0.511534722563859567E+01    0.848016059317806992E+01    0.291083080333109923E+00
    0.143636469361203695E-01    0.223588718995949966E+04    0.129847863682212612E+02    0.675360814216388583E+01    0.835650211988629010E+01    0.290970296691860142E+00
    0.146926010370623892E-01    0.223577523621288947E+04    0.173266993988064115E+02    0.925011189794294886E+01    0.385628977099069736E+01    0.282359988590888067E+00
    0.147689257519741657E-01    0.223569820689445532E+04    0.327025320992855306E+00    0.440541255932395259E+01    0.502031397403469093E+01    0.290371201171575777E+00
    0.144506132277212890E-01    0.223567511724894939E+04    0.167231773261399788E+02    0.962019037363415563E+01    0.614579079151752694E+01    0.285091873031500853E+00
    0.139856753253041529E-01    0.223567385705591141E+04    0.752885010412200462E+01    0.176818203507738758E+01    0.663956427571297780E+01    0.285167531926413975E+00
    0.135424036562802590E-01    0.223567160607004280E+04    0.106956700683621708E+02    0.965530726800810091E+00    0.314377067265206733E+01    0.290975962956062650E+00
    0.131062012065901231E-01    0.223567041996657554E+04    0.148712268831515466E+02    0.328211029942556509E+01    0.754672663919462750E+01    0.285186817690812999E+00
    0.128137116984183407E-01    0.223564889263738587E+04    0.513058475944277603E+01    0.241335957382456767E+01    0.973681296888448600E+01    0.289993827959609263E+00
    0.124479570362651497E-01    0.223564014458679458E+04    0.126581038003897994E+01    0.567134351372791379E+01    0.739709565221072651E+01    0.285328417921784538E+00
    0.120944520599035633E-01    0.223563109727205438E+04    0.102289098692967499E+02    0.911085434981339226E+01    0.577816747150565924E+01    0.290044789990571150E+00
    0.118020179847497155E-01    0.223561338322039410E+04    0.136137895594810798E+01    0.117773480413528864E+01    0.784771417374557245E+01    0.285467782721454011E+00
    0.114420573998642652E-01    0.223560866599388646E+04    0.108078968762795071E+02    0.178356061154430456E+01    0.991455261262626664E+01    0.285492965543349131E+00
    0.111668882304751405E-01    0.223559068496907230E+04    0.854527521153553415E+01    0.892123886488040752E+00    0.442225038722193986E+01    0.289844859356348294E+00
    0.108694680024995060E-01    0.223557800876916190E+04    0.185694912017432081E+02    0.378331153557463562E+01    0.969728149310108734E+01    0.285661542161248505E+00
    0.108085101967368979E-01    0.223552259000871027E+04    0.482096873470290888E+01    0.409821548732526697E+01    0.750069739776635558E+01    0.289263594044296468E+00
    0.104548040225151007E-01    0.223552246777637947E+04    0.268570227381887561E+01    0.654621079909394421E+01    0.482556161306167297E+01    0.289819235630450978E+00
    0.101290534258674497E-01    0.223551910854293601E+04    0.142711059527527873E+02    0.667442683954043492E+01    0.911343642552618149E+01    0.286035246614918970E+00
    0.992337367473346624E-02    0.223549347171542377E+04    0.137091287248505811E+02    0.298017217009523216E+00    0.416030778295055903E+01    0.289162524345968119E+00
    0.960007656379181784E-02    0.223549304880440059E+04    0.167650200260387621E+02    0.415553987612567166E+01    0.888387955749634273E+01    0.289034825236860415E+00
    0.929558181019668472E-02    0.223549084585920127E+04    0.757039982304639913E+01    0.607387398981342219E+01    0.702225026062528102E+01    0.286234142891809373E+00
    0.915492220444149261E-02    0.223545467425776724E+04    0.959083287440984300E+01    0.632803033221112088E+00    0.548841171177038412E+01    0.286554401779230972E+00
    0.887444403188315800E-02    0.223545023957386593E+04    0.153405237809426396E+02    0.504153264438653270E+01    0.917425299847687370E+01    0.286640386704402728E+00
    0.861160609824165868E-02    0.223544370260591268E+04    0.560376775665093874E+01    0.693789239472938224E+01    0.472301648762027071E+01    0.289581947288991559E+00
    0.834267006567852333E-02    0.223544049098495498E+04    0.108153708744138157E+02    0.489441544939717921E+00    0.725483571031468699E+01    0.286758744139260280E+00
    0.807197822657685499E-02    0.223543979378078166E+04    0.147051000864130454E+02    0.151529100360414026E+01    0.993474869441775965E+01    0.286769346968562377E+00
    0.783891191275011209E-02    0.223543172420922474E+04    0.140785702222401277E+02    0.439114843109134867E+01    0.886046000154603774E+01    0.288378022936063516E+00
    0.758616873971085497E-02    0.223543060424556552E+04    0.322860742951135427E+01    0.148098542436335823E+01    0.538395229151797672E+01    0.286775595542429818E+00
    0.734565531892139925E-02    0.223542837290132138E+04    0.178996728029859664E+00    0.555858237341089101E+01    0.616208807669895009E+01    0.286830507588611727E+00
    0.710809568506974056E-02    0.223542745554179965E+04    0.460592037431302792E+01    0.283211426838224956E+01    0.422196930838121531E+01    0.285821347375043722E+00
    0.687748810508928207E-02    0.223542675065019057E+04    0.143879497470435940E+02    0.108056263422193344E+01    0.247905662925509596E+01    0.290634663070636012E+00
    0.668286542023352904E-02    0.223541749725067757E+04    0.129318445761167666E+02    0.126238107343403927E+01    0.916145877245241280E+01    0.288111365138965514E+00
    0.646737546916450155E-02    0.223541638352535119E+04    0.916361609571551483E+01    0.352077127128727252E+01    0.717363448719374475E+01    0.287153040672757598E+00
    0.626442108078743582E-02    0.223541348526118691E+04    0.702999305700701171E+01    0.629693877674007574E+01    0.546875018620708531E+01    0.288583344204861980E+00
    0.606755220564742827E-02    0.223541068042662209E+04    0.170202950167051767E+02    0.584826846010835233E+01    0.591516681298878133E+01    0.288275776221738278E+00
    0.587698898136660829E-02    0.223540783517989803E+04    0.172315909833224268E+02    0.358290782029707522E+01    0.837220372282504144E+01    0.287743236012759862E+00
    0.568446150768646061E-02    0.223540778481651523E+04    0.411810491330432171E+01    0.571571898976168580E+01    0.799690323096692168E+01    0.287500066887214745E+00
    0.553340072753531493E-02    0.223539498577948416E+04    0.103117655997634152E+02    0.588744445768648461E+01    0.560533795159822112E+01    0.287077908861190778E+00
    0.537814439514359890E-02    0.223538523747198087E+04    0.158594179273822000E+02    0.855775192194360557E+01    0.547776268687894863E+01    0.286860421391230025E+00
    0.520801097935713435E-02    0.223538286159258996E+04    0.106662057218846478E+02    0.554676917681988435E+01    0.559394648518334492E+01    0.287581732788837918E+00
    0.505299880040339412E-02    0.223537662717426065E+04    0.884140407188729327E+00    0.592885017275743209E+01    0.466943055795596251E+01    0.288789516718452877E+00
    0.490988766136077250E-02    0.223536742216143830E+04    0.101210258225207061E+01    0.598204083106371165E+01    0.326084723603163695E+01    0.285958304018131493E+00
    0.477344467289830994E-02    0.223535712122290079E+04    0.135301961259433323E+02    0.539175962130724429E+01    0.517904665422825872E+01    0.287558067122162031E+00
    0.467265088857404809E-02    0.223533313784662278E+04    0.246674680555642745E+01    0.403122867258939799E+01    0.461693701776130538E+01    0.288024700252479171E+00
    0.455134377061500259E-02    0.223531907923828521E+04    0.134153077244071639E+02    0.916597464533522022E+01    0.352198503419343290E+01    0.282257303202318566E+00
    0.442948315089943586E-02    0.223530669180469158E+04    0.104442717994842056E+02    0.993744340645845492E+00    0.371691617598302493E+01    0.287990796878277555E+00
    0.429237011456994576E-02    0.223530291284279247E+04    0.110098248198948201E+00    0.530868608867288838E+01    0.391608450392853058E+01    0.287458475272368785E+00
    0.417848211480122394E-02    0.223529002818509070E+04    0.722489913361059344E+01    0.771814174718363244E+01    0.414873729199315022E+01    0.290068162564335763E+00
    0.404589166598191222E-02    0.223528785369313755E+04    0.350377658498194178E+01    0.146069977412386542E+01    0.309555752308988197E+01    0.285986328255394717E+00
    0.391691229991021975E-02    0.223528598362242201E+04    0.584496468937495450E+01    0.745996395400409718E+01    0.317085859615073851E+01    0.282347027638969017E+00
    0.382291725511977633E-02    0.223526789666437890E+04    0.635514884633869404E+01    0.601599148757760016E+01    0.402706979724714742E+01    0.285315738618266979E+00
    0.376880947829776351E-02    0.223522973929206455E+04    0.191507979595756250E+01    0.516241694156572084E+01    0.367906299165024109E+01    0.289486900636607203E+00
    0.364785395604513233E-02    0.223522831287721101E+04    0.955880917623330162E+00    0.459471197936326714E+01    0.395622371309226217E+01    0.287634612695836234E+00
    0.364977667712249650E-02    0.223516059232266252E+04    0.424876645647507178E+01    0.889532837533394982E+01    0.421939266305167138E+01    0.285903463811746139E+00
    0.354914849628745104E-02    0.223514984218970994E+04    0.176137993624903508E+02    0.180732782917922385E+01    0.356099461006087026E+01    0.287252582640134424E+00
    0.345800514979252615E-02    0.223513520719907410E+04    0.116320263077655905E+02    0.279659671905251184E+01    0.356963338435318533E+01    0.289103045874474551E+00
    0.336704488073608305E-02    0.223512185334604374E+04    0.930767709506741525E+01    0.435365897778098088E+01    0.401052756956107537E+01    0.287463071186214503E+00
    0.327046938309599267E-02    0.223511339058506292E+04    0.313294099086190236E+01    0.399194574058028939E+01    0.377788157350936160E+01    0.287465903041512094E+00
    0.316499334574346126E-02    0.223511228904578820E+04    0.169061300515393960E+02    0.793370420777410956E+01    0.438410092169163335E+01    0.287726239763169911E+00
    0.310290063122444122E-02    0.223508524956240763E+04    0.736385830130396712E+01    0.398281861028765771E+01    0.319736328360482780E+01    0.290582313603349185E+00
    0.301100305822723678E-02    0.223507871108837298E+04    0.425643988828545350E+01    0.197713439597899643E+01    0.311528110453750529E+01    0.287818805676018696E+00
    0.293268745172278137E-02    0.223506475250875701E+04    0.122731990474752166E+02    0.769622412321739446E+01    0.416772699772857180E+01    0.286414937176168172E+00
    0.284652091593841404E-02    0.223505772925074461E+04    0.170965941833092501E+02    0.717480196704972428E+01    0.282569365023086760E+01    0.281072865231982272E+00
    0.276976040665545932E-02    0.223504573597740909E+04    0.100032411476674135E+02    0.736877984216373516E+01    0.364783225195182759E+01    0.290756896859959868E+00
    0.270165882597543780E-02    0.223502885902338039E+04    0.116490962243439888E+02    0.281646088673520367E+01    0.241903290141257798E+01    0.288141485434682210E+00
    0.262489164087931605E-02    0.223501984505435485E+04    0.650772519311439890E+01    0.284081225293050688E+01    0.345726610705729698E+01    0.287990948394251323E+00
    0.255388609883595635E-02    0.223500802529984321E+04    0.808123094858992275E+01    0.942582872641795788E+01    0.399934829927823543E+01    0.289699624518184207E+00
    0.247738088023889648E-02    0.223500218714120274E+04    0.113237340315864401E+02    0.369318688669671769E+01    0.356233300587128099E+01    0.286094026975457494E+00
    0.242728180012123824E-02    0.223497638022445062E+04    0.129908413924211921E+02    0.686280498925896154E+01    0.365685440989021515E+01    0.290385343889707048E+00
    0.244273286128350500E-02    0.223489702274341880E+04    0.110850339725303275E+02    0.503884722249139649E+01    0.369925822130054271E+01    0.286629821597189860E+00
    0.237536417258084939E-02    0.223488628942896366E+04    0.147910806806829349E+02    0.304889696269417776E+01    0.274127166177207116E+01    0.290675784625191058E+00
    0.233453490889006183E-02    0.223485429890782143E+04    0.346686795652637691E+01    0.438130722213734636E+01    0.323619054388744765E+01    0.287774568898155447E+00
    0.227384278524201929E-02    0.223484031510441946E+04    0.180889464748698292E+01    0.847134368014514649E+01    0.354575847990027349E+01    0.287594064552915363E+00
    0.224831823511135922E-02    0.223479622598072683E+04    0.639443906912880689E+01    0.372764006692586936E+01    0.271976022800162198E+01    0.286320494860462738E+00
    0.218811657433257405E-02    0.223478384196123625E+04    0.109953413451215383E+02    0.208215327159091501E+01    0.289769860211242403E+01    0.287660144388814043E+00
    0.213906558650004417E-02    0.223476251943502984E+04    0.107225997822666326E+02    0.852927405035101316E+01    0.306398297376148676E+01    0.292134642255894361E+00
    0.209704756289412313E-02    0.223473553008595081E+04    0.125613833305001990E+02    0.911047483389443791E+01    0.262446491444527652E+01    0.287532025183841133E+00
    0.203988514490114530E-02    0.223472413727590356E+04    0.189446943969868649E+02    0.455065665273987729E+01    0.351422171454749233E+01    0.287010648619002495E+00
    0.197354039004248461E-02    0.223472359945452172E+04    0.157378475905890642E+02    0.543084125473539991E+01    0.249869062824627797E+01    0.284976631119541191E+00
    0.191430551509021922E-02    0.223471788114897072E+04    0.166446419414827957E+02    0.844915830527399336E+01    0.360739556403585482E+01    0.290393783253902082E+00
    0.192085321301290433E-02    0.223464438534719011E+04    0.173084978212801168E+02    0.241573943544463532E+01    0.290360495657781570E+01    0.288398202166948225E+00
    0.186317791541751971E-02    0.223463869044578405E+04    0.137021520102366061E+02    0.582837664334057948E+01    0.352792936218849107E+01    0.288608513776565045E+00
    0.182728055316938478E-02    0.223461093330190170E+04    0.525343235354635762E+01    0.463234312937527815E+01    0.300715552479857351E+01    0.286901083622092656E+00
    0.177312430306566854E-02    0.223460443801835436E+04    0.366356733195814144E+01    0.815710393416220114E+01    0.338456774474592592E+01    0.288775248313477118E+00
    0.175676285871994003E-02    0.223455631195739988E+04    0.122850990702442964E+02    0.894218464325841644E+01    0.377322582948313112E+01    0.287805104990819904E+00
    0.228628585689714036E-02    0.223402903005345388E+04    0.107684394948574074E+02    0.754091149995228083E+01    0.296202643680123856E+01    0.284560966674801907E+00
    0.204470775712650233E-02    0.223425237751562281E+04    0.180773269991955097E+02    0.448625369541919206E+01    0.282932782525876014E+01    0.284698833429098741E+00
    0.198840993348709319E-02    0.223430821668019780E+04    0.119611792342428771E+02    0.829786916715368505E+01    0.286327953811889024E+01    0.282993806261854441E+00
    0.232676657793829495E-02    0.223399392812410406E+04    0.117248814421698970E+02    0.729524633847994153E+01    0.273296749179162290E+01    0.286488609936480954E+00
    0.265085600173062220E-02    0.223373312204736794E+04    0.110535709572914875E+02    0.920895632529211916E+01    0.283085470617825408E+01    0.286867945104970712E+00
    0.242822344378325382E-02    0.223390856746832651E+04    0.119872395735969999E+02    0.945117365152453459E+01    0.337230333641837277E+01    0.286602255081145785E+00
    0.300238573573025991E-02    0.223348407282634389E+04    0.165755382149890877E+02    0.848095136265804506E+01    0.278994146325477210E+01    0.285971150325763812E+00
    0.227584455859767242E-02    0.223403818482596535E+04    0.117967415607165194E+02    0.813706273572271854E+01    0.328769775142379217E+01    0.285837329662858908E+00
    0.267635851606663538E-02    0.223371397304627499E+04    0.177728414947285778E+02    0.624837524749866269E+01    0.296285991330912069E+01    0.286932964365064658E+00
    0.180853276813668280E-02    0.223449785547967804E+04    0.157038269820363912E+02    0.875380374143241369E+01    0.372357603018744143E+01    0.288125925881308920E+00
    0.219878305056066953E-02    0.223410707916512820E+04    0.136607257874634325E+02    0.916691339008570338E+01    0.271366570971944654E+01    0.284549451119952668E+00
    0.288991864913238066E-02    0.223356043055680902E+04    0.173782534486652516E+02    0.703553050549767356E+01    0.278652679348269317E+01    0.286643242529561748E+00
    0.182529899716100410E-02    0.223447939964673515E+04    0.177899822403256636E+02    0.959420508244480885E+01    0.379020197345489507E+01    0.287583844103998842E+00
    0.203526386564305923E-02    0.223426163631369582E+04    0.113353434294867643E+02    0.856298421458716774E+01    0.336695770143035489E+01    0.289673374419301632E+00
    0.298945939361535719E-02    0.223349270212959800E+04    0.195357755120519343E+02    0.741625506950969537E+01    0.297294656322698181E+01    0.286204497421137738E+00
    0.203030445521904532E-02    0.223426651574258995E+04    0.123356360158057576E+02    0.505940142605329068E+01    0.272301528326669739E+01    0.288885307107245026E+00
    0.204010764530766992E-02    0.223425688211454371E+04    0.145706973361800749E+02    0.484475213115160308E+01    0.312888423176602437E+01    0.287589989572414106E+00
    0.217323842264736207E-02    0.223413045043057537E+04    0.917423273535548489E+01    0.746986596612595655E+01    0.311682290927995886E+01    0.289244711309941005E+00
    0.184553773872177533E-02    0.223445734587742936E+04    0.108497079439335984E+02    0.798188455343140646E+01    0.358749935443191603E+01    0.288303536896761248E+00
    0.181134767989395281E-02    0.223449474497659367E+04    0.108831206728791194E+02    0.404034073500439739E+01    0.262301004436578289E+01    0.286187109503279968E+00
    0.222629110712087947E-02    0.223408221322171039E+04    0.995006800628897459E+01    0.583520945351658504E+01    0.283326194792193498E+01    0.287364413421817400E+00
    0.184037802595238796E-02    0.223446294526327438E+04    0.521408540546693011E+01    0.595783980521450829E+01    0.313620959048574477E+01    0.286977152306147509E+00
    0.197150790614581241E-02    0.223432528989299499E+04    0.573390657299876594E+01    0.967436619142830168E+01    0.350916406439915285E+01    0.288170135570221975E+00
    0.197046784570296908E-02    0.223432634526272068E+04    0.859957222081808226E+01    0.514945642761224320E+01    0.285799326172969437E+01    0.285861839064063261E+00
    0.209536426309068873E-02    0.223420343244037304E+04    0.165776295190492782E+02    0.716939777756799579E+01    0.313836877750226684E+01    0.284122923666228155E+00
    0.214634458861973987E-02    0.223415535485441842E+04    0.990447074294884544E+01    0.770971612394523831E+01    0.278762434146750238E+01    0.285011405534515649E+00
    0.226648586814463381E-02    0.223404642614952945E+04    0.862827937296475866E+01    0.782451617947463696E+01    0.289909627296041705E+01    0.288483213563863528E+00
    0.297613628307263119E-02    0.223350163544215593E+04    0.169300020923656120E+02    0.748317477851285062E+01    0.281322321861783919E+01    0.287101364119394020E+00
    0.190173985944499103E-02    0.223439734889677084E+04    0.117735342997763013E+02    0.460913239874127267E+01    0.283970429765566479E+01    0.284815628291138934E+00
    0.210520320151953450E-02    0.223419406327155957E+04    0.180450727766791985E+02    0.538410749968138447E+01    0.318041571708753956E+01    0.288174198247948654E+00
