

    0.543098589063724065E-97   -0.367414665055574005E+04    0.121594138781555916E+02    0.310830672656451501E+01    0.576449626135941529E+00
    0.562392402176461791E-89   -0.371112449663762163E+04    0.189726559286422791E+01    0.240492416070389226E+01    0.682501132850415360E+00
    0.259419179567192024E-81   -0.374648501554535324E+04    0.140973453540984117E+02    0.487834770092996894E+01    0.701643611556955094E+00
    0.340972362351167695E-80   -0.375170356483367505E+04    0.192039296912152189E+02    0.147335664070292083E+01    0.448784409680637708E+00
    0.389909474805888919E-79   -0.375664362802857613E+04    0.775377413156593498E+01    0.304887032010020675E+01    0.605244068726495499E+00
    0.155523741968074753E-76   -0.376868757286347318E+04    0.105209828086908370E+02    0.357338365247380718E+01    0.672909577017559712E+00
    0.342456470205698762E-76   -0.377033293183794740E+04    0.100098110925730239E+02    0.363312428198882431E+01    0.677731051760517289E+00
    0.440561252089972424E-75   -0.377550857855391587E+04    0.187407541315853123E+02    0.185448553137096850E+01    0.523204185078732564E+00
    0.274094911307830710E-74   -0.377923126530867194E+04    0.199162080356968474E+02    0.290965004591801923E+01    0.545730979281467299E+00
    0.419663740851342783E-74   -0.378014989064643669E+04    0.107862429097117065E+02    0.447824824367877650E+01    0.699420026650148685E+00
    0.934057758012046752E-74   -0.378181672631738002E+04    0.950872578471110153E+01    0.169031554557276453E+01    0.492103763057567534E+00
    0.961306423690816022E-73   -0.378654607305326499E+04    0.886329238683187448E+01    0.167805159729353504E+01    0.497048495347042874E+00
    0.107496312510953471E-72   -0.378683623656074087E+04    0.152221798297476525E+02    0.417715855408455550E+01    0.635011469787702509E+00
    0.505651939473253950E-70   -0.379921002764176228E+04    0.143050374807664227E+02    0.315089387890273631E+01    0.577272692024692446E+00
    0.341199430467994733E-69   -0.380309510165535357E+04    0.112751540408491344E+02    0.189058191909837836E+01    0.497887690879641909E+00
    0.164446256093522133E-64   -0.382472785257142641E+04    0.186733839507334025E+02    0.365762206336783890E+01    0.596944493088194861E+00
    0.968010038334351850E-64   -0.382833983654060648E+04    0.691779797585177381E+01    0.393703909697047916E+01    0.692075253333786833E+00
    0.381622790992039889E-62   -0.383575522398966859E+04    0.598848414785823735E+01    0.271911365119576409E+01    0.648513447316240388E+00
    0.145549239014967100E-55   -0.386613024551670060E+04    0.188097142257093068E+02    0.352267763192924832E+01    0.591190351063762165E+00
    0.343373097586835606E-51   -0.388633419925177259E+04    0.148713205812891509E+02    0.404588376043116948E+01    0.637517782365771168E+00
    0.965258587916517915E-51   -0.388846802277470306E+04    0.129647791206057370E+02    0.317751107579442049E+01    0.590053820284525798E+00
    0.202880921499136026E-49   -0.389462547617561177E+04    0.771203318885041078E+01    0.192613553973752127E+01    0.536975305533303526E+00
    0.302503361083737129E-48   -0.390009625937846977E+04    0.852933916235259915E+01    0.252956622148680665E+01    0.611315948917006580E+00
    0.472746917693307600E-48   -0.390105586164341003E+04    0.163109418058109128E+02    0.204220252015675729E+01    0.499306507949050626E+00
    0.324657343356767683E-47   -0.390497611871693516E+04    0.192118015303601801E+02    0.433882565841027290E+01    0.665096897708215451E+00
    0.434256200882216812E-47   -0.390562451415667965E+04    0.185561768863103183E+02    0.450340336260768748E+01    0.665497978894840969E+00
    0.221916371161732780E-45   -0.391355885303508512E+04    0.522640443059778370E+01    0.235743114113869368E+01    0.609365830293921107E+00
    0.438035905760379356E-45   -0.391498552026018479E+04    0.119061606593931302E+02    0.393253044217110403E+01    0.650414156828102108E+00
    0.487936383347575002E-45   -0.391526795523029978E+04    0.602352890477639757E+01    0.313552840132743205E+01    0.660963941657502829E+00
    0.522820218758493559E-44   -0.392007789732220044E+04    0.946922007331030890E+01    0.335994001008532361E+01    0.626589868728132160E+00
    0.494229733246917555E-43   -0.392463725977717513E+04    0.536836615555824714E+01    0.281329455885060753E+01    0.641924347297139875E+00
    0.353254155261023647E-42   -0.392863747128642353E+04    0.170070332174773391E+02    0.426904363487572791E+01    0.661288373582422651E+00
    0.699978973897462925E-40   -0.393928220335078731E+04    0.146315559190118840E+02    0.405688879669419933E+01    0.659113557947987871E+00
    0.342105177325280137E-39   -0.394252217606047998E+04    0.176699827151307893E+02    0.356350004757781313E+01    0.602387234227560242E+00
    0.900665342934488028E-39   -0.394452487379575541E+04    0.111849926209782691E+02    0.376441138081691440E+01    0.649320540576656668E+00
    0.129717983606426977E-35   -0.395913667916035956E+04    0.161820153860104021E+02    0.309118871498666126E+01    0.577709961496530866E+00
    0.246232522056603914E-35   -0.396048517295501551E+04    0.172664793393100275E+02    0.411214082184175389E+01    0.652917188336791909E+00
    0.298281457416450482E-33   -0.397014570244889546E+04    0.166402945002294764E+02    0.253450259524334198E+01    0.539068541579952765E+00
    0.380943217697245874E-33   -0.397070159471630723E+04    0.120972974701165743E+02    0.194083206218872029E+01    0.519659354929851602E+00
    0.488304042195560515E-33   -0.397126483722302874E+04    0.121380949880552294E+02    0.239315028043748512E+01    0.579812781878629835E+00
    0.612491045623605706E-33   -0.397178469603727535E+04    0.104318529088800123E+02    0.203422590942298775E+01    0.543448969982108565E+00
    0.125202875074736610E-32   -0.397328133508860265E+04    0.123563054169400477E+02    0.372200622169820328E+01    0.644903223452651275E+00
    0.175568737496800178E-32   -0.397402419217649913E+04    0.123165593478598563E+02    0.365954066925865540E+01    0.648284122417372544E+00
    0.208351878880911651E-32   -0.397443325432888923E+04    0.975439468871597093E+01    0.340395286650832185E+01    0.638469256038478150E+00
    0.227042145365086506E-32   -0.397467173556938542E+04    0.187126618384941104E+02    0.186950009376008697E+01    0.491299853465873682E+00
    0.908319771215060621E-31   -0.398211649407183177E+04    0.137345817294969699E+02    0.372010051948049725E+01    0.634864710859854853E+00
    0.186854750412058395E-29   -0.398823097129393318E+04    0.986755137589508813E+01    0.279353345532247221E+01    0.615569598373685523E+00
    0.240624509662540656E-29   -0.398880345013659826E+04    0.155138846427624451E+02    0.318843306404917115E+01    0.623079972332195808E+00
    0.233821028952832116E-28   -0.399341792363308195E+04    0.161421171591663750E+02    0.361289105293520585E+01    0.616316336599352255E+00
    0.658519727984077463E-28   -0.399555546728078843E+04    0.101655714460258935E+02    0.212304261616508105E+01    0.549546677258000216E+00
    0.396230405831110065E-27   -0.399921130692395127E+04    0.102856717090292804E+02    0.329710458086912617E+01    0.634654244862058903E+00
    0.642805899790380014E-27   -0.400024566746487108E+04    0.190740817568264589E+02    0.222752246325151759E+01    0.514182006362940314E+00
    0.690615572648695459E-27   -0.400045581517565915E+04    0.189263098221349537E+02    0.315056099297084780E+01    0.577398633154917462E+00
    0.248193023186125413E-25   -0.400768606907146386E+04    0.170575882221052595E+02    0.337083789947699053E+01    0.598088802472471315E+00
    0.181233472335419799E-24   -0.401172906460358172E+04    0.175729055311834834E+02    0.305332083918579400E+01    0.575556543733824810E+00
    0.176246721845627916E-24   -0.401173992874944815E+04    0.152361929203122095E+02    0.353194037351991597E+01    0.617246247934614800E+00
    0.539401599839615461E-24   -0.401404374648531666E+04    0.109656313630722924E+02    0.323900395118941686E+01    0.622087115973922522E+00
    0.149775360828587197E-23   -0.401615293573885538E+04    0.105990488197904202E+02    0.295584759385967555E+01    0.601286509716597806E+00
    0.438695884994756195E-23   -0.401836894210757237E+04    0.112040754458768994E+02    0.270099285293908054E+01    0.578164981355635987E+00
    0.280291725271407773E-22   -0.402214482797749224E+04    0.125733227884470296E+02    0.299798628063238359E+01    0.615675402183942566E+00
    0.379160321518297766E-22   -0.402281575102575334E+04    0.993310830518947796E+01    0.254552651291196064E+01    0.591578822506534152E+00
    0.852749563743557511E-22   -0.402450343125672225E+04    0.126783482210538150E+02    0.215474615539837355E+01    0.535226333069029891E+00
    0.111079759393329506E-21   -0.402509883328269461E+04    0.189275870339608545E+02    0.366139101474107820E+01    0.632392199366302421E+00
    0.201646208309973120E-21   -0.402635803239226152E+04    0.114549594662154277E+02    0.318100970498062408E+01    0.615878005294543840E+00
    0.275849815281143211E-21   -0.402705138276345497E+04    0.163055423571625120E+02    0.318989319390755366E+01    0.590474671676364693E+00
    0.152194844178930136E-20   -0.403053382961504576E+04    0.117039530559246785E+02    0.273805705557101398E+01    0.600806755005995896E+00
    0.193480739668452398E-20   -0.403108052908444733E+04    0.127127806440163678E+02    0.214312553377542470E+01    0.538955270549976717E+00
    0.212207543629403269E-20   -0.403133196935961314E+04    0.194432554270656475E+02    0.307951323644641750E+01    0.574262325039413213E+00
    0.349051325296166572E-20   -0.403239394442649427E+04    0.102645436924174867E+02    0.236510437712657007E+01    0.568019046616065282E+00
    0.829963198705507908E-19   -0.403879810605039529E+04    0.148663898586668086E+02    0.216633135167067392E+01    0.542321902889625562E+00
    0.146898025429073802E-18   -0.404000665746423329E+04    0.189114960518492161E+02    0.360807283601161632E+01    0.613652264237947165E+00
    0.270634755486219988E-18   -0.404129538714010596E+04    0.116768314910489188E+02    0.257725068507047261E+01    0.570103440128628236E+00
    0.296822195733911616E-18   -0.404154678009852068E+04    0.155076116606747050E+02    0.243050638015181564E+01    0.568272341357706878E+00
    0.451253414477013365E-18   -0.404245123833390608E+04    0.148961171857111516E+02    0.325592663233595392E+01    0.620420314851759969E+00
    0.653981139265052364E-18   -0.404326000387191380E+04    0.146415622688729545E+02    0.332110150020604156E+01    0.610069431234689930E+00
    0.831849960742547967E-18   -0.404380781769241185E+04    0.199847405870321779E+02    0.374546274238678878E+01    0.623568471249352996E+00
    0.137451331465935731E-17   -0.404487889017019188E+04    0.190220408915088548E+02    0.243702968004305554E+01    0.532954293935041790E+00
    0.309059725680294014E-17   -0.404656608612433047E+04    0.127237925896655941E+02    0.319533622420770325E+01    0.614541078271990671E+00
    0.676900984129456847E-17   -0.404820073371135550E+04    0.160450406856177885E+02    0.222684737670948829E+01    0.546550866365842936E+00
    0.981907730098770523E-17   -0.404901134505271511E+04    0.138823197731635730E+02    0.219562948783848544E+01    0.543491300036645697E+00
    0.101476083390749186E-16   -0.404914383349809214E+04    0.162664593629977041E+02    0.212050064580911934E+01    0.523171284854788254E+00
    0.172812846410052596E-16   -0.405027527227907740E+04    0.111010539362180243E+02    0.271796486126696601E+01    0.595775391710411384E+00
    0.388244919005665506E-16   -0.405196079330328757E+04    0.166244033458521656E+02    0.220157764282487989E+01    0.525583268317804553E+00
    0.499944243378757665E-16   -0.405253318037781901E+04    0.177817153695247967E+02    0.250953233656662489E+01    0.541849130701004711E+00
    0.869625750892069962E-16   -0.405370697978198223E+04    0.143476610537089329E+02    0.329376946028577500E+01    0.617921574463785817E+00
    0.122354262023589399E-15   -0.405445653198714899E+04    0.195917238779611615E+02    0.363816629422928894E+01    0.618018576831149247E+00
    0.263724580858949902E-15   -0.405605916801439525E+04    0.125821558655793808E+02    0.282107051345772053E+01    0.585200737136300830E+00
    0.234417205727182594E-14   -0.406049539917510265E+04    0.192637671740160989E+02    0.351553763745429171E+01    0.609630256331525899E+00
    0.319797899475686807E-14   -0.406118323938947469E+04    0.155781776519009263E+02    0.223078371626299710E+01    0.533124362330779533E+00
    0.157994789103761355E-13   -0.406444482188211441E+04    0.141520457362105248E+02    0.317825819847281865E+01    0.610979206827174437E+00
    0.222490546895651811E-13   -0.406519613367420970E+04    0.185152670603665896E+02    0.315792616438989038E+01    0.608343359342160994E+00
    0.718146720167563153E-12   -0.407221154908480094E+04    0.166849543513343015E+02    0.317815045149795816E+01    0.609797175475225828E+00
    0.695664052229457942E-12   -0.407221460168430167E+04    0.130685804819827247E+02    0.254490957007605978E+01    0.566635847436758766E+00
    0.112047061191730207E-11   -0.407323454276100711E+04    0.125294600406004779E+02    0.257216718054629379E+01    0.575171335417321572E+00
    0.335609001419912197E-11   -0.407549526507537848E+04    0.162546176794247152E+02    0.252065444893045898E+01    0.550413553684137469E+00
    0.107482503081641448E-10   -0.407788986448040305E+04    0.163101450580649008E+02    0.325477580660845645E+01    0.608675703528833267E+00
    0.105190332829032339E-10   -0.407791341780813309E+04    0.153605706017043531E+02    0.247231263819151881E+01    0.551191058882785967E+00
    0.160616570436251960E-10   -0.407882658161815380E+04    0.196772456144906052E+02    0.214112689045212923E+01    0.523581809342566373E+00
    0.167793034197860837E-10   -0.407898067089711185E+04    0.188684989696434613E+02    0.337112281981366024E+01    0.613143967518276156E+00
    0.335313462675331589E-10   -0.408043200661009178E+04    0.131738821455891930E+02    0.265110759309152444E+01    0.576727720108905828E+00
    0.620948219048679034E-10   -0.408173103705972244E+04    0.174480409304126205E+02    0.328424631462210304E+01    0.609747024119556613E+00
    0.163332753253223818E-09   -0.408373195762365140E+04    0.142101289099482777E+02    0.282876307515375736E+01    0.591763970338396561E+00
    0.630471481139608458E-09   -0.408649998103297548E+04    0.155791411108497400E+02    0.302198427466732378E+01    0.591866742578940119E+00
    0.111531723799317292E-08   -0.408770750017875798E+04    0.171415301888524887E+02    0.297833245420726467E+01    0.597300661111193065E+00
    0.214876495513727949E-08   -0.408908567555500667E+04    0.189907308300504880E+02    0.293665589563646989E+01    0.572583765865770644E+00
    0.458793457529900315E-08   -0.409066941562485226E+04    0.174052386980892919E+02    0.305219309119957583E+01    0.599979829446438018E+00
    0.582752882198145341E-08   -0.409121440848865495E+04    0.197440195300174608E+02    0.221073642698189055E+01    0.526601391881481362E+00
    0.569557332241404919E-08   -0.409123526760581626E+04    0.195402236883728477E+02    0.336154772714529138E+01    0.606842774827015319E+00
    0.587540300796221716E-08   -0.409136410505599815E+04    0.154901951136446883E+02    0.261603819748094102E+01    0.575232447156889037E+00
    0.993421280703357613E-08   -0.409248119169019992E+04    0.174480993061180634E+02    0.250391759066297581E+01    0.564415340239836638E+00
    0.971038302859864497E-08   -0.409250228053646242E+04    0.143360614141685634E+02    0.272831649399406118E+01    0.579279896385390458E+00
    0.100237165136531304E-07   -0.409263246361930942E+04    0.183295110728673869E+02    0.325987277688711696E+01    0.601852422926478781E+00
    0.106730976877910610E-07   -0.409282467509448179E+04    0.199253807847248510E+02    0.221643983884139217E+01    0.526609171827935540E+00
    0.108006501471499066E-07   -0.409291510174203358E+04    0.176264832810645906E+02    0.231398537929920112E+01    0.537651703220095811E+00
    0.136417714123129844E-07   -0.409344882877228520E+04    0.168788207770261209E+02    0.265068109729175427E+01    0.560139684937173143E+00
    0.239609993368833119E-07   -0.409464207737496690E+04    0.172430365224027184E+02    0.285801699391492425E+01    0.589303823497665746E+00
    0.313609862708468326E-07   -0.409524701836967870E+04    0.178992674242349104E+02    0.265617058139185014E+01    0.575452905098178036E+00
    0.333015312784042602E-07   -0.409543376250697474E+04    0.198122514646951586E+02    0.222698560763912212E+01    0.528825078139645299E+00
    0.487729145610575265E-07   -0.409626357267168351E+04    0.181981444434996007E+02    0.322069417089168120E+01    0.602007973474421476E+00
    0.523105588119027677E-07   -0.409647028555982251E+04    0.148654280953192384E+02    0.261782158145849975E+01    0.569206531454833353E+00
    0.103207463373139683E-06   -0.409789603808632273E+04    0.152891862630946740E+02    0.273496140467132243E+01    0.574709636664053392E+00
    0.185738155835864657E-06   -0.409913789824822743E+04    0.172941438819761544E+02    0.235368592609069571E+01    0.543967588697796600E+00
    0.516113091125524324E-06   -0.410124854090040753E+04    0.163030369915187663E+02    0.296889324117810371E+01    0.591104912091946488E+00
    0.739161990272298251E-06   -0.410203358994428163E+04    0.183129322701204984E+02    0.257946491545922418E+01    0.568041817769863400E+00
    0.856311649484084275E-06   -0.410239449118587436E+04    0.166161919499454740E+02    0.251219454001597908E+01    0.554702748819245528E+00
    0.924787792462223863E-06   -0.410261501767505433E+04    0.199138152017920405E+02    0.231220430726973136E+01    0.532356538333262463E+00
    0.107234779033823658E-05   -0.410297776718704336E+04    0.168067166141364908E+02    0.267846723493177041E+01    0.576202175650452730E+00
    0.106074371464773375E-05   -0.410302267353046955E+04    0.179048206601261519E+02    0.235458263724628836E+01    0.542820374930649052E+00
    0.123707896948882295E-05   -0.410339690549953048E+04    0.180486520285335459E+02    0.248808916144085623E+01    0.547674129736499538E+00
    0.155008827775081734E-05   -0.410391469006980151E+04    0.163036755421081452E+02    0.256804213640372403E+01    0.567194626869962804E+00
    0.153594210615663147E-05   -0.410396302085649586E+04    0.192779633187966724E+02    0.307338712381389545E+01    0.584576800832765642E+00
    0.255411099279260122E-05   -0.410504680806790384E+04    0.158447002985763987E+02    0.277734494685557509E+01    0.580411038750689556E+00
    0.255996553600163559E-05   -0.410511805389621077E+04    0.199291562573073406E+02    0.292337728497173543E+01    0.571681828313113982E+00
    0.319519555481829237E-05   -0.410562802955601910E+04    0.165692097029959129E+02    0.289566994695468338E+01    0.583254683812796770E+00
    0.395375050646477543E-05   -0.410612072888521107E+04    0.161463426114883859E+02    0.277725800609049012E+01    0.576443352040964641E+00
    0.389519137208883770E-05   -0.410615755192615325E+04    0.172479104928683853E+02    0.256648357855217579E+01    0.556260964267792701E+00
    0.425854875301090566E-05   -0.410640258983894091E+04    0.195322040258966680E+02    0.311187577988018749E+01    0.587433810094450948E+00
    0.578079767760256371E-05   -0.410708048299707661E+04    0.163265324178476625E+02    0.276102873371208002E+01    0.579957856159481366E+00
    0.576889477188919119E-05   -0.410714302733408658E+04    0.188586165952163789E+02    0.305668465847406923E+01    0.585751726788618754E+00
    0.957608304253896176E-05   -0.410822327025139930E+04    0.173503855893727916E+02    0.298438364525722077E+01    0.588348576153832070E+00
    0.118627190650091225E-04   -0.410871820089930952E+04    0.180333732317705540E+02    0.292396322281475740E+01    0.578985968303252108E+00
    0.119996994335232991E-04   -0.410880782950894354E+04    0.183939094479632281E+02    0.286148315459230806E+01    0.585632675237446776E+00
    0.120909366622170750E-04   -0.410888964524258336E+04    0.176797810904587536E+02    0.291682771681081965E+01    0.580078360037264318E+00
    0.122954687262091745E-04   -0.410898986123426221E+04    0.185982817036545249E+02    0.309336410570046949E+01    0.591506686061137543E+00
    0.167647956325644647E-04   -0.410967662868384650E+04    0.185271273869975950E+02    0.264501567852416075E+01    0.571290434265556257E+00
    0.209155485219385964E-04   -0.411018571863266698E+04    0.197521036912883865E+02    0.233584232061834474E+01    0.537136130628788067E+00
    0.216420780565169695E-04   -0.411032067859345625E+04    0.178532784562044284E+02    0.293855351956497479E+01    0.581595248250083685E+00
    0.236460673190361321E-04   -0.411056445993318630E+04    0.199345457160836119E+02    0.307136504300946456E+01    0.583902818428503778E+00
    0.293025878421527643E-04   -0.411106008463983562E+04    0.189956772174951674E+02    0.255554279087467373E+01    0.550493933711418748E+00
    0.363691039814554483E-04   -0.411155883888273456E+04    0.184604895959118593E+02    0.250262140805449551E+01    0.559113968441131703E+00
    0.359289804240725877E-04   -0.411160115475239218E+04    0.172689830473883497E+02    0.252026196295926042E+01    0.556230085286804510E+00
    0.549462773064102552E-04   -0.411251744483433140E+04    0.174273501162633480E+02    0.291640804169141532E+01    0.585609164029685658E+00
    0.532527723768082812E-04   -0.411252149937103786E+04    0.180578105074182886E+02    0.287388516874971955E+01    0.576234760944187130E+00
    0.517837029202355292E-04   -0.411253221727305572E+04    0.181742406937023375E+02    0.255417733265699720E+01    0.563433346866567319E+00
    0.548018504440000659E-04   -0.411271218089229478E+04    0.188454738203664007E+02    0.279929143272514347E+01    0.580832671171418014E+00
    0.546205825031845379E-04   -0.411277222119901853E+04    0.174898621607986975E+02    0.263075787641038428E+01    0.561498550407140584E+00
    0.741543908420903630E-04   -0.411345036486941353E+04    0.176975720980231017E+02    0.249217317737587774E+01    0.553947466335886318E+00
    0.748445305144697061E-04   -0.411353555904222776E+04    0.191217091284355192E+02    0.309193628147823141E+01    0.591942160913854210E+00
    0.849668548859030338E-04   -0.411385592211358926E+04    0.177924936548689381E+02    0.277780212074223209E+01    0.579351850160620074E+00
    0.915506269795903188E-04   -0.411407185054358888E+04    0.177500940877200577E+02    0.293007355615177456E+01    0.585950267486698095E+00
    0.889346105298524490E-04   -0.411408053574417499E+04    0.193404576494274636E+02    0.278103866198277316E+01    0.565154204396570492E+00
    0.922186371746271105E-04   -0.411421972413511867E+04    0.191307647171167261E+02    0.239258192173639150E+01    0.543986138548346432E+00
    0.896979053451570161E-04   -0.411423096113842803E+04    0.178342791452642544E+02    0.285330969303318849E+01    0.583421981741782503E+00
    0.102556869009495899E-03   -0.411456556789973001E+04    0.194012890462195955E+02    0.293039665601398935E+01    0.587494267554289351E+00
    0.104292069524864500E-03   -0.411466579028550041E+04    0.193166994080496863E+02    0.281754789682319595E+01    0.581257206527894255E+00
    0.154937991782489560E-03   -0.411552411627212859E+04    0.191932873453771862E+02    0.306702148642573347E+01    0.591484820154796864E+00
    0.262423799640588138E-03   -0.411664465447668772E+04    0.177131714432462957E+02    0.254605541830735405E+01    0.559208070839620319E+00
    0.265219195029383779E-03   -0.411673251290802000E+04    0.196948964431218556E+02    0.299897276369833587E+01    0.580872184295561311E+00
    0.263970987044084794E-03   -0.411678974470350113E+04    0.189002053673692991E+02    0.272672782061269947E+01    0.563507308988880240E+00
    0.284852785950743658E-03   -0.411700867798365834E+04    0.181375811208342022E+02    0.261428252749765822E+01    0.566842331051855552E+00
    0.290735784053180373E-03   -0.411711622943003567E+04    0.186328904558067201E+02    0.295991535312721066E+01    0.582716202940149586E+00
    0.311039950710483254E-03   -0.411731790903001820E+04    0.188392265958517449E+02    0.248734349274369793E+01    0.555479411440265025E+00
    0.304059971825656756E-03   -0.411733918288645873E+04    0.189199734609782695E+02    0.244033598417207243E+01    0.549225095686846743E+00
    0.296585967639676157E-03   -0.411735607387346499E+04    0.178319421547881873E+02    0.283460139957394563E+01    0.580762645481428308E+00
    0.306647953523283938E-03   -0.411748946702119429E+04    0.192015147743992252E+02    0.297855191734753344E+01    0.588646974652567323E+00
    0.476075977021087147E-03   -0.411843588788524357E+04    0.183487437077641289E+02    0.279357714450271821E+01    0.571010934169567719E+00
    0.498163091126711029E-03   -0.411859325466900737E+04    0.185731615306828637E+02    0.289723915909096297E+01    0.584202016404573143E+00
    0.486020441558129238E-03   -0.411861056767207810E+04    0.188611465118101371E+02    0.249856152488423033E+01    0.556026159743899129E+00
    0.478797827470435206E-03   -0.411864728984352769E+04    0.185166455927203408E+02    0.294418271460113568E+01    0.585164286041617743E+00
    0.525858224094443772E-03   -0.411890146291866949E+04    0.186188089951167939E+02    0.248905446652871376E+01    0.553885583111334512E+00
    0.563865239705564625E-03   -0.411910769687691936E+04    0.188632834219570711E+02    0.280994702434243671E+01    0.579674640143796438E+00
    0.574377235226663173E-03   -0.411921130574044037E+04    0.179195206446111825E+02    0.262849518204941646E+01    0.562361747620624186E+00
    0.665187538653185342E-03   -0.411957153766556075E+04    0.193290811462948220E+02    0.293722475319936160E+01    0.578370563457175635E+00
    0.674960556272503594E-03   -0.411966737481243399E+04    0.188074671857124862E+02    0.260167416609362512E+01    0.556523455321517702E+00
    0.731798347095115537E-03   -0.411989574295887178E+04    0.185334961317048972E+02    0.286547284813668313E+01    0.582054627726900975E+00
    0.760430271366687458E-03   -0.412003916847697110E+04    0.187772633599675807E+02    0.251094172859401166E+01    0.552164611515358672E+00
    0.750089143926114632E-03   -0.412007845042047848E+04    0.181251995602957763E+02    0.260968915268629909E+01    0.560592941789746391E+00
    0.961356490877211399E-03   -0.412064142356793673E+04    0.180699541378328696E+02    0.269234932708240393E+01    0.570896418299168928E+00
    0.123139577030877503E-02   -0.412120320679295583E+04    0.198094189936287677E+02    0.277347690622117504E+01    0.564871197459723362E+00
    0.123890893160389683E-02   -0.412128203905920236E+04    0.180356607310698749E+02    0.278624221810182204E+01    0.575143661930603400E+00
    0.134329963516421793E-02   -0.412151050153201868E+04    0.192480861644825154E+02    0.272425108844352337E+01    0.573545924674920826E+00
    0.134225282214262562E-02   -0.412157560902143450E+04    0.185273800571571279E+02    0.263885222943692455E+01    0.560870483081441051E+00
    0.141897288510696939E-02   -0.412175344344145924E+04    0.196427387201160357E+02    0.293284113797440771E+01    0.577549359438185306E+00
    0.185153010351903524E-02   -0.412235226828949635E+04    0.195536517199420601E+02    0.246875374713581452E+01    0.551177226989949531E+00
    0.190917638268948758E-02   -0.412248025406732086E+04    0.189968429937571415E+02    0.293354894688088130E+01    0.582990277162467763E+00
    0.208736604344456110E-02   -0.412272538287212956E+04    0.195474194961781826E+02    0.298907414446601383E+01    0.584149774724396664E+00
    0.213466994522354186E-02   -0.412283686761369609E+04    0.195083903719738743E+02    0.290669809210730490E+01    0.583586652967920116E+00
    0.267612377978914675E-02   -0.412335564898915072E+04    0.189699095642344489E+02    0.288873677080512659E+01    0.581613843475462744E+00
    0.320508936982992531E-02   -0.412378305681134407E+04    0.189423789445234974E+02    0.289232512658712260E+01    0.580961189132008116E+00
    0.315698114743881170E-02   -0.412381947600481544E+04    0.185570593623696389E+02    0.259853130566976809E+01    0.560877589021364642E+00
    0.308404060619386780E-02   -0.412383939144039323E+04    0.196834652744755232E+02    0.298863209519025341E+01    0.585128973825831622E+00
    0.298747153491237590E-02   -0.412384243164067084E+04    0.185381459501172898E+02    0.280762189421868058E+01    0.574545901846976292E+00
    0.326273738763670305E-02   -0.412408537659403009E+04    0.185172919252793022E+02    0.280085147031710235E+01    0.575400123401037078E+00
    0.330482441695545458E-02   -0.412417767688651293E+04    0.184289693764876503E+02    0.272033496332789593E+01    0.570937109319377356E+00
    0.352199554065389447E-02   -0.412437163235023763E+04    0.193738315399563952E+02    0.293856856643348685E+01    0.583162517837315875E+00
    0.348986948853424956E-02   -0.412441997220839767E+04    0.184051498722355866E+02    0.270066461303882921E+01    0.568267311900978456E+00
    0.351872220549506211E-02   -0.412450310602351237E+04    0.192548164064579161E+02    0.252931608627497040E+01    0.553351865408320265E+00
    0.344393789275040984E-02   -0.412452680796825007E+04    0.197281275573709323E+02    0.297939416570430726E+01    0.584810563928000349E+00
    0.337230253362546433E-02   -0.412455143503995532E+04    0.187080650128178796E+02    0.261623043881319628E+01    0.560576294438808631E+00
    0.469972464616274111E-02   -0.412528191803785921E+04    0.189652808337764753E+02    0.279792363633569074E+01    0.571662293791376896E+00
    0.464292178007811619E-02   -0.412532426458646478E+04    0.186187753219731711E+02    0.274211501246161005E+01    0.569917268691394696E+00
    0.464184210309564159E-02   -0.412539046611389858E+04    0.185731425660873768E+02    0.271160121743526217E+01    0.569508010685659372E+00
    0.499108304969375378E-02   -0.412560221605618426E+04    0.195069949200572204E+02    0.256187760083234028E+01    0.553903689135408328E+00
    0.489417141415514692E-02   -0.412562966684192361E+04    0.193534751520782002E+02    0.290049506423727266E+01    0.581246775879137090E+00
    0.507444514131583264E-02   -0.412576867790341930E+04    0.191839321159677638E+02    0.279515362550522672E+01    0.576258312379183124E+00
    0.497677952726190576E-02   -0.412579647619685602E+04    0.191356520985749228E+02    0.260547121572390683E+01    0.558180733710829102E+00
    0.483951331513811193E-02   -0.412580720518427006E+04    0.193591878502396000E+02    0.265167458393679434E+01    0.559788820513897889E+00
    0.523467383745051997E-02   -0.412603085260537773E+04    0.192659291429723503E+02    0.275335473231537708E+01    0.567151905760454156E+00
    0.522111111946124348E-02   -0.412609233067046080E+04    0.188072313962488025E+02    0.264587189639651843E+01    0.562921810826029656E+00
    0.550015181709094785E-02   -0.412626312825230161E+04    0.190579322474434250E+02    0.277107121496119468E+01    0.569670825398052472E+00
    0.556287350111036184E-02   -0.412635247311204876E+04    0.195883502599640309E+02    0.254870934655832260E+01    0.553366383758636005E+00
    0.538943167735629960E-02   -0.412635579007404158E+04    0.193099772863125843E+02    0.288068220382665174E+01    0.579775100188077985E+00
    0.538889783120718308E-02   -0.412642225862238229E+04    0.191896109887598278E+02    0.280587297830549653E+01    0.576449447066130105E+00
    0.550773826658343922E-02   -0.412653255165096198E+04    0.189009538765907301E+02    0.275413763483227925E+01    0.569659266461687963E+00
    0.569920601271676607E-02   -0.412666756393395190E+04    0.188386851351531703E+02    0.276208255104425149E+01    0.572487226366140689E+00
    0.591133023727601244E-02   -0.412680731863945221E+04    0.195211299944179508E+02    0.289655870090421663E+01    0.580678278420451832E+00
    0.573259047162998341E-02   -0.412681257856474804E+04    0.188573768589794852E+02    0.265427982025304088E+01    0.564121696679773521E+00
    0.622613444221868911E-02   -0.412704442152662705E+04    0.191441656073076807E+02    0.276642951711802798E+01    0.569337889696534205E+00
    0.651329702295985920E-02   -0.412720126842868194E+04    0.194336532702896001E+02    0.257428965544088451E+01    0.556008424321564831E+00
    0.677379117072105137E-02   -0.412734636538075938E+04    0.192744750386847770E+02    0.261424420132464963E+01    0.558947396954451392E+00
    0.672585942634391053E-02   -0.412739882962182855E+04    0.190660904891297918E+02    0.280548620853721520E+01    0.573915183906461124E+00
    0.668334104823947381E-02   -0.412745281290123967E+04    0.199874898189057078E+02    0.294116185187303047E+01    0.582820551342425830E+00
    0.676439641582991975E-02   -0.412754358960110949E+04    0.197728494449358259E+02    0.289298154674763230E+01    0.576532297557934115E+00
    0.714257921890641342E-02   -0.412771905808823067E+04    0.191871870602836019E+02    0.265921879913939785E+01    0.562260355571185144E+00
    0.729146035302221784E-02   -0.412782698455983700E+04    0.190642363421376722E+02    0.273579738379203841E+01    0.568286900348674351E+00
    0.743995032747234424E-02   -0.412793397187385381E+04    0.193694440454985184E+02    0.282611765651210156E+01    0.573450208464301170E+00
    0.823362846725747555E-02   -0.412820336379680339E+04    0.197075209973273431E+02    0.283386231543232014E+01    0.572246750948687932E+00
    0.852562275380198790E-02   -0.412833972900397384E+04    0.195737709997170590E+02    0.261058951451484456E+01    0.557711787866626452E+00
    0.985419706145126799E-02   -0.412869603845311758E+04    0.195066907989106539E+02    0.259696965761901533E+01    0.560539593738877073E+00
    0.994893937998662242E-02   -0.412878184209673054E+04    0.191442496621078959E+02    0.271912462178883141E+01    0.569084758020743209E+00
    0.110190777817663101E-01   -0.412905283309108745E+04    0.195288845609385291E+02    0.275879896544131142E+01    0.567889230767178788E+00
    0.107389637841894623E-01   -0.412906800073405248E+04    0.193868583461314117E+02    0.266698737886536019E+01    0.562524648210569467E+00
    0.109317318137313012E-01   -0.412917024966678764E+04    0.192702388615932207E+02    0.266227468295574976E+01    0.565010913105282953E+00
    0.107194215745772571E-01   -0.412919769125555467E+04    0.197794906834326447E+02    0.288776660424489329E+01    0.577992333968268213E+00
    0.104149128854454341E-01   -0.412920672094972360E+04    0.198319328818423486E+02    0.284742124228754356E+01    0.573325279604828708E+00
    0.105190718192889644E-01   -0.412929329014232826E+04    0.196917063662942553E+02    0.287188470020983733E+01    0.577360750684794866E+00
    0.103422447975105979E-01   -0.412932605075021820E+04    0.192765567023007520E+02    0.275355042346278811E+01    0.571250190689063686E+00
    0.100256915029657521E-01   -0.412933054542637001E+04    0.192628107276301250E+02    0.275381253283038818E+01    0.569882989905700299E+00
    0.981163100614364236E-02   -0.412935404723431202E+04    0.196957353185217272E+02    0.266626796540446076E+01    0.560932385494636421E+00
    0.100930410026601070E-01   -0.412947726921583853E+04    0.197667943123675300E+02    0.263714615438095645E+01    0.558895750554391668E+00
    0.102859970762411435E-01   -0.412958181045525089E+04    0.195666378910908527E+02    0.283817478686062596E+01    0.575878284191366774E+00
    0.101083357428850950E-01   -0.412961363100477502E+04    0.194267709164026243E+02    0.266725559163217429E+01    0.565778918312549450E+00
    0.101341168753193780E-01   -0.412968539214232624E+04    0.196800895026823284E+02    0.282828417213881700E+01    0.573008220028457416E+00
    0.100571993963976675E-01   -0.412973682100082624E+04    0.197943523506706498E+02    0.286690082269751967E+01    0.577982366649303358E+00
    0.978863595654119213E-02   -0.412974935442881178E+04    0.197704508327558734E+02    0.272567023628985083E+01    0.564704173225941020E+00
    0.951569369086541564E-02   -0.412975946166850918E+04    0.193710398387558769E+02    0.277454870662504405E+01    0.571196745221691060E+00
    0.933568704386117387E-02   -0.412978793227500864E+04    0.199206747766833487E+02    0.288985265633167643E+01    0.578976178237827099E+00
    0.930955196417115535E-02   -0.412984899212766868E+04    0.195220802473045119E+02    0.261700866370037799E+01    0.560069045020835432E+00
    0.922249763334456220E-02   -0.412989686865011390E+04    0.196894358881733922E+02    0.271884498540456443E+01    0.564717009320785834E+00
    0.905301263973129315E-02   -0.412992643871040855E+04    0.198099233649632041E+02    0.283657594036803395E+01    0.573061551304503425E+00
    0.884740513603834468E-02   -0.412994715861782424E+04    0.196323263109269988E+02    0.261981608889048267E+01    0.559134928388498764E+00
    0.865908864413568111E-02   -0.412997079582164952E+04    0.195713326028244019E+02    0.282492215058552887E+01    0.574310192593978641E+00
    0.839722471325388478E-02   -0.412997604604899607E+04    0.197433848308030129E+02    0.283780017410624197E+01    0.576644396588456232E+00
    0.849171562806766769E-02   -0.413006509230818847E+04    0.198325526601528637E+02    0.278122376827622819E+01    0.568579878837834229E+00
    0.838744899412124760E-02   -0.413010704970457482E+04    0.195418801762402623E+02    0.281220928529699998E+01    0.573552271232347977E+00
    0.825131056653613179E-02   -0.413014098761759851E+04    0.196583642058478567E+02    0.267269237088924339E+01    0.562023809073149749E+00
    0.815267191442534470E-02   -0.413018360162727549E+04    0.193815676769921943E+02    0.267842914042945335E+01    0.565236692145665742E+00
    0.857103863140043498E-02   -0.413035035470062940E+04    0.196076344193220926E+02    0.265517878758344716E+01    0.564735539962235578E+00
    0.838140955282457370E-02   -0.413037227573852579E+04    0.196905057322758275E+02    0.280287426487116687E+01    0.571361067151602953E+00
    0.814974957901190393E-02   -0.413038288459626347E+04    0.194436699460411049E+02    0.267472620895864832E+01    0.564137600485077328E+00
    0.792009183035942421E-02   -0.413039238246337482E+04    0.195359932473811710E+02    0.277986216604683634E+01    0.572745778222113699E+00
    0.788203718940837759E-02   -0.413044941632310292E+04    0.194528256767199039E+02    0.272259633699619741E+01    0.568994770992311771E+00
    0.795478060583204409E-02   -0.413053445635971366E+04    0.195603266499286903E+02    0.263484155023028777E+01    0.561503404713654675E+00
    0.800004763738356578E-02   -0.413061247185504180E+04    0.194492668787068830E+02    0.270787595341055987E+01    0.566433005447999349E+00
    0.789791876881162230E-02   -0.413065344208459646E+04    0.196239113834788199E+02    0.276302305122975778E+01    0.572036705372823917E+00
    0.768359429985238269E-02   -0.413066508508664811E+04    0.198932377457999756E+02    0.258797481278425856E+01    0.556710151470781511E+00
    0.750678541582043991E-02   -0.413068519152964654E+04    0.198029241919766683E+02    0.280838494465759236E+01    0.574955209926201860E+00
    0.747622546946858420E-02   -0.413074369962552555E+04    0.198089577791419522E+02    0.272172882663191995E+01    0.569859909125401742E+00
    0.725187579329613068E-02   -0.413074943052672825E+04    0.197055949723115944E+02    0.279317788864221317E+01    0.573821729999400176E+00
    0.713432122863898611E-02   -0.413078341108990571E+04    0.197785034695262354E+02    0.265515212154842306E+01    0.560747187042878181E+00
    0.708185278012469534E-02   -0.413083531466019485E+04    0.199133741238732185E+02    0.273377663340576005E+01    0.565176111487758703E+00
    0.692340405268612475E-02   -0.413085672532331955E+04    0.197350510503506449E+02    0.262086557382455743E+01    0.559431660739875269E+00
    0.739158151331595608E-02   -0.413105426030092895E+04    0.198332163610950545E+02    0.283909910155890177E+01    0.574550405377161511E+00
    0.724240047085539154E-02   -0.413108014894542430E+04    0.198122500330298976E+02    0.278466494592205782E+01    0.573459000326774770E+00
    0.722716561389226582E-02   -0.413114260405177083E+04    0.197457325182652390E+02    0.280696608827513749E+01    0.574107454485639934E+00
    0.704542690752452301E-02   -0.413115833434387241E+04    0.197982975224904187E+02    0.260886643746221036E+01    0.560004274737810448E+00
    0.687958001960811607E-02   -0.413117735874187929E+04    0.196417809877479357E+02    0.264573595458655664E+01    0.562763164586129960E+00
    0.667393780249620015E-02   -0.413118333031752809E+04    0.198922164237920320E+02    0.284916141663425782E+01    0.575847851921798437E+00
    0.649971353633106621E-02   -0.413119709307156518E+04    0.196226621382330357E+02    0.265141021442278024E+01    0.563034831666186619E+00
    0.630586237611647539E-02   -0.413120320300225649E+04    0.197120744957366902E+02    0.278155689016234930E+01    0.570267965064765292E+00
    0.614954817380394900E-02   -0.413121966741859615E+04    0.196077630615725909E+02    0.266345094171092622E+01    0.563170932775094002E+00
    0.604954039317177374E-02   -0.413125354146454447E+04    0.195749098328767737E+02    0.275514187980498937E+01    0.570044202912843190E+00
    0.617670948699910842E-02   -0.413136181489744013E+04    0.195625146581901710E+02    0.271151556903506741E+01    0.566845441020781493E+00
    0.613676401180157129E-02   -0.413141550533434383E+04    0.198366375275052462E+02    0.264327157001869528E+01    0.560259252501815297E+00
    0.601972755773221794E-02   -0.413144366086658374E+04    0.197689375947004962E+02    0.264260959281795671E+01    0.563103674162150014E+00
    0.587380635334272105E-02   -0.413146124926001539E+04    0.198778954617151626E+02    0.280586488741868134E+01    0.574379571256187660E+00
    0.591360798409789473E-02   -0.413154142246200354E+04    0.198201872301479227E+02    0.278934613604653991E+01    0.573290240855024891E+00
    0.572858293549123598E-02   -0.413154451325026093E+04    0.198209365012967424E+02    0.281739053254419991E+01    0.573169208921154194E+00
    0.575927005306844063E-02   -0.413162186500859752E+04    0.199019350468446028E+02    0.269602879663544837E+01    0.563168035370377851E+00
    0.569921362158679144E-02   -0.413166756660410101E+04    0.197621882821531933E+02    0.272464647564733653E+01    0.569236977609740791E+00
    0.583463081346724966E-02   -0.413178119884776061E+04    0.196926479152230307E+02    0.266405543426559044E+01    0.563709592735515130E+00
    0.567733847607078575E-02   -0.413179320861855740E+04    0.196796349707174940E+02    0.275791244830200233E+01    0.569685175494056395E+00
    0.570228392794648164E-02   -0.413186864376310405E+04    0.197032415007112860E+02    0.266587565953447303E+01    0.563679684334545072E+00
    0.558687911364100058E-02   -0.413189441852870004E+04    0.198087063506750383E+02    0.280191230935399282E+01    0.572586778174386524E+00
    0.553353073337221717E-02   -0.413194189569056653E+04    0.197804974119709733E+02    0.266246310550174892E+01    0.562328536566232273E+00
    0.541448706959628354E-02   -0.413196506649965886E+04    0.198449566457355502E+02    0.269747444081364796E+01    0.567359699367131043E+00
    0.527230086934220646E-02   -0.413197851059211280E+04    0.197207668743289091E+02    0.272398629279271454E+01    0.566692483795495860E+00
    0.522881414008372590E-02   -0.413202861255005701E+04    0.198587483793751645E+02    0.280712300442139107E+01    0.573351318116772646E+00
    0.506131252588940591E-02   -0.413203016187996764E+04    0.196865939484431038E+02    0.273492785850279807E+01    0.568295323937107355E+00
    0.503987652740513214E-02   -0.413208834002887670E+04    0.198452297218854348E+02    0.278350860873559292E+01    0.572467973126666863E+00
    0.495026727838300627E-02   -0.413211912667055003E+04    0.198803904095535593E+02    0.269953314625625884E+01    0.567484466788224395E+00
    0.487355134012377837E-02   -0.413215455599428242E+04    0.197002884305500388E+02    0.272050277797516582E+01    0.567554574939281409E+00
    0.471843817858894413E-02   -0.413215653256331825E+04    0.197402852088711498E+02    0.271151613998001029E+01    0.565917979891569445E+00
    0.459524523204157039E-02   -0.413217028777645282E+04    0.198210874613230885E+02    0.265145555145231970E+01    0.561818563307895147E+00
    0.446504927619202022E-02   -0.413217947069644288E+04    0.199678249604942621E+02    0.262712180571486709E+01    0.559343124510531808E+00
    0.433066406480287630E-02   -0.413218501865027429E+04    0.198984022695683791E+02    0.269009998119232829E+01    0.563250905474315999E+00
    0.422169738792552672E-02   -0.413220071807264685E+04    0.197529663292550097E+02    0.271935032198898652E+01    0.566379214707895429E+00
    0.409206576759711584E-02   -0.413220501003610116E+04    0.197669717926611987E+02    0.274065803052674317E+01    0.567795305207985379E+00
    0.400235058070962622E-02   -0.413222734052977466E+04    0.199158617567777760E+02    0.264274251215312184E+01    0.560525143152068139E+00
    0.393126148320103227E-02   -0.413225816425397352E+04    0.198601389345765398E+02    0.270629749928287522E+01    0.564625730946541893E+00
    0.381141059821484473E-02   -0.413226290890844575E+04    0.199782895012271453E+02    0.269383544758049709E+01    0.563056100078146216E+00
    0.368885019499447372E-02   -0.413226420648081694E+04    0.199343320322681024E+02    0.271813556177787152E+01    0.564929734662042549E+00
    0.357182227724399089E-02   -0.413226639534376955E+04    0.198132483560751318E+02    0.272254867059979633E+01    0.568670080627349250E+00
    0.345871465534725725E-02   -0.413226870426202004E+04    0.198204755678454880E+02    0.264932573549993311E+01    0.562385590864884932E+00
    0.337354564211572597E-02   -0.413228550548356543E+04    0.199773766232569763E+02    0.268465854332749165E+01    0.562497240436453438E+00
    0.326821951041845853E-02   -0.413228873421782373E+04    0.198108530404917182E+02    0.265822842795785341E+01    0.562499216539670499E+00
    0.320644070153187346E-02   -0.413231723320816309E+04    0.198507245327375550E+02    0.272051025468342100E+01    0.568649701364110527E+00
    0.315365036486308812E-02   -0.413235069811813628E+04    0.198433938235655951E+02    0.278628301678036250E+01    0.571304682424639054E+00
    0.313267635902513952E-02   -0.413240401894098250E+04    0.197620321066357683E+02    0.269499535386241496E+01    0.565993585548261180E+00
    0.306429652024016973E-02   -0.413242654624116767E+04    0.199515330985932664E+02    0.263243497848353547E+01    0.560079138669218324E+00
    0.302138412479143045E-02   -0.413246500695408758E+04    0.199557279446877729E+02    0.273944241518478204E+01    0.570105811120653172E+00
    0.306025566511568693E-02   -0.413255724045536954E+04    0.198788364838478735E+02    0.277706676285667298E+01    0.570215288229746875E+00
    0.296606102435859531E-02   -0.413256137983197732E+04    0.199169463324019915E+02    0.277049528491044095E+01    0.569222961890202939E+00
    0.293653025422918254E-02   -0.413260803425986524E+04    0.197969241548552013E+02    0.272670110269513666E+01    0.568204899680180731E+00
    0.284166395006193269E-02   -0.413260902308606092E+04    0.197900923481662154E+02    0.270108447197841395E+01    0.565663855421455253E+00
    0.280220944957243132E-02   -0.413264772658599941E+04    0.199056756812589022E+02    0.266556802700951589E+01    0.562291785285388812E+00
    0.273333584155535311E-02   -0.413266462242885973E+04    0.198726211194006694E+02    0.277861437817021439E+01    0.571024834208621712E+00
    0.264474513991429325E-02   -0.413266539293953429E+04    0.198644439388342207E+02    0.270670467737283138E+01    0.567343720155143671E+00
    0.256392079535204933E-02   -0.413266998549077107E+04    0.199165384714864473E+02    0.268895665472301815E+01    0.566287519906900627E+00
    0.248192824501356239E-02   -0.413267164841480553E+04    0.199536924197820831E+02    0.280196640292588040E+01    0.572061321527781885E+00
    0.240575235648631935E-02   -0.413267596889859124E+04    0.198975821825116803E+02    0.270646530746058112E+01    0.564799184256800757E+00
    0.232760544852398396E-02   -0.413267659026496767E+04    0.199086459825681743E+02    0.267921793733432834E+01    0.565473247332768381E+00
    0.227026640572717663E-02   -0.413269337123028890E+04    0.198024154127990570E+02    0.273389222439071089E+01    0.568261449797066831E+00
    0.220241115777667631E-02   -0.413269934901108536E+04    0.199746083423270129E+02    0.268143414465624375E+01    0.562676015099368598E+00
    0.214068433446648913E-02   -0.413270916131645572E+04    0.198205108191773007E+02    0.270007411740428305E+01    0.566385102366650628E+00
    0.211760629984363838E-02   -0.413275414955620909E+04    0.199439509732661655E+02    0.273002711988145785E+01    0.566134377434867275E+00
    0.208338043980481813E-02   -0.413278822710090026E+04    0.199434123864451998E+02    0.270572333129820297E+01    0.567511467983067064E+00
    0.201857439871727402E-02   -0.413279169323380484E+04    0.198655964446691655E+02    0.271844265468232482E+01    0.567978291340129005E+00
    0.197037121481025449E-02   -0.413281002078019628E+04    0.198612014699967716E+02    0.268481373433817838E+01    0.564090103563067657E+00
    0.191329120447127077E-02   -0.413281789333474262E+04    0.199181518676513960E+02    0.265263625719745999E+01    0.562750012807644140E+00
    0.264386483429377176E-02   -0.413346509748370954E+04    0.199505652204651867E+02    0.272733864072846233E+01    0.566975628115578445E+00
    0.243789335796936249E-02   -0.413330288246268901E+04    0.199423446802107485E+02    0.269551039850384422E+01    0.566007395183554252E+00
    0.210568388094326550E-02   -0.413300989448255132E+04    0.199378348392892626E+02    0.268259452577865831E+01    0.565454913856859420E+00
    0.211622276982961939E-02   -0.413301987946009649E+04    0.198912881793544933E+02    0.272105408746852540E+01    0.566343037890682410E+00
    0.201432306344117261E-02   -0.413292118026627395E+04    0.198420414251205131E+02    0.272249645378092220E+01    0.567029099058071751E+00
    0.195104266279364272E-02   -0.413285734174277968E+04    0.198649431411494355E+02    0.267974225415550604E+01    0.564789431068570380E+00
    0.257161476322866588E-02   -0.413340968191397587E+04    0.199503964232486837E+02    0.268850162942807502E+01    0.564444872585918134E+00
    0.242382975243394258E-02   -0.413329131154888455E+04    0.199037727186757074E+02    0.270974056871635050E+01    0.566404723294841261E+00
    0.198001645539612817E-02   -0.413288682419664838E+04    0.199687083019201523E+02    0.265186028548612684E+01    0.561396573595722259E+00
    0.192877943441794849E-02   -0.413283438865660537E+04    0.199606014713225797E+02    0.268962495141253211E+01    0.563413932688153096E+00
    0.221015066875300580E-02   -0.413310673526391656E+04    0.198827735018618945E+02    0.272632659296476465E+01    0.567968418036077338E+00
    0.302743271940452948E-02   -0.413373604383178281E+04    0.199960772901660704E+02    0.269664389421161443E+01    0.565060297799286460E+00
    0.278883199037457735E-02   -0.413357185961916366E+04    0.199888847803406975E+02    0.268228393292944478E+01    0.564699118150706170E+00
    0.253830931052401697E-02   -0.413338361035294292E+04    0.199533339339001898E+02    0.273864729603955803E+01    0.567589187861505806E+00
    0.208149371455794516E-02   -0.413298678542164998E+04    0.198986697620978532E+02    0.273643311183387716E+01    0.567317023769518869E+00
    0.202870222194801971E-02   -0.413293540646385554E+04    0.199626702524776398E+02    0.279033425625139664E+01    0.572066954193527266E+00
    0.200717378104355720E-02   -0.413291406919275505E+04    0.199722747316711633E+02    0.278514325933070150E+01    0.572124255225734402E+00
    0.236877304410593398E-02   -0.413324535812205977E+04    0.199735035561000238E+02    0.277315196471273051E+01    0.570067656657835542E+00
    0.196972017601437181E-02   -0.413287639686574948E+04    0.199792228922613297E+02    0.279361656223420685E+01    0.571182898735147049E+00
    0.229303305123146079E-02   -0.413318036472117456E+04    0.199585941324893597E+02    0.276586765326051243E+01    0.570700737230556143E+00
    0.208899042420701434E-02   -0.413299397568299537E+04    0.199467680008825958E+02    0.276451562329844291E+01    0.569058312947204215E+00
    0.244036308054380825E-02   -0.413330490754916536E+04    0.199869802003562178E+02    0.277286663096433372E+01    0.570974817085600606E+00
    0.224285980598836745E-02   -0.413313611738705549E+04    0.199854585961912399E+02    0.277189495097615479E+01    0.569510367380946292E+00
    0.213322133384469996E-02   -0.413303588028681042E+04    0.198566189183765651E+02    0.271623029564597207E+01    0.566844917140658211E+00
    0.255406660578725566E-02   -0.413339598755824954E+04    0.199397465866713972E+02    0.269400822044950372E+01    0.565554507727476619E+00
    0.257981106571866965E-02   -0.413341604621751321E+04    0.199608199582433414E+02    0.275377335828744840E+01    0.568907206112108099E+00
    0.241277712503179748E-02   -0.413328217072191910E+04    0.199705150217350571E+02    0.273384646645881180E+01    0.566828353002097884E+00
    0.247947445687686247E-02   -0.413333670713603351E+04    0.199168961971569942E+02    0.273295889610764009E+01    0.567828574362058802E+00
    0.275298951830341707E-02   -0.413354598872325369E+04    0.199883196353735357E+02    0.275460464859314325E+01    0.569642559204069698E+00
    0.200610189200196767E-02   -0.413291300084943214E+04    0.199550479869057753E+02    0.277254185873067760E+01    0.569530829298319219E+00
