    0.185508297089467156E-98   -0.858841967782825850E+04    0.119710016792683707E+02    0.475143105631744334E+01    0.285915467536987089E+01    0.151987570455877283E-01
    0.663717052022624985E-94   -0.860942987121799888E+04    0.766532788601262460E+01    0.440847853352873731E+01    0.977322112290451628E+01    0.148159818416052757E-01
    0.228264452716767770E-88   -0.863496619014385396E+04    0.155890915894570448E+02    0.315795995313239919E+01    0.180242046072568236E+02    0.142121629945865576E-01
    0.721566153285444681E-87   -0.864191319878065406E+04    0.185331941294274358E+02    0.770085278339179702E+01    0.125760703516653649E+02    0.140465647812856639E-01
    0.131687899365225092E-86   -0.864315639028999794E+04    0.134095104773355462E+02    0.150133878431859582E+02    0.322847015365689671E+01    0.138853394366621214E-01
    0.128259387329109426E-85   -0.864774880038135962E+04    0.168826916513912124E+02    0.796552187493499186E+01    0.372478728326347497E+01    0.138918663861618448E-01
    0.717443575691658155E-80   -0.867425793056624025E+04    0.209831015832627834E+02    0.146859523688272509E+01    0.110082616293075759E+02    0.132672145613141387E-01
    0.110861964590038291E-75   -0.869358896461778932E+04    0.139355914440904201E+02    0.156741552059236575E+02    0.119152129806684055E+02    0.127941997705399244E-01
    0.130891587113899552E-75   -0.869396113168996999E+04    0.408724281384009203E+01    0.416658558582175687E+01    0.333895632762246475E+01    0.127448037166755165E-01
    0.404304865393272035E-75   -0.869625673130878204E+04    0.105545726532689343E+02    0.719910456245811936E+01    0.343003622626416593E+01    0.126936323773759949E-01
    0.747375479180380514E-73   -0.870673586867607992E+04    0.120565576480244125E+02    0.451841099239174770E+01    0.137179861029974610E+02    0.124690530905238583E-01
    0.250727661410461170E-70   -0.871840697848889431E+04    0.279432327960093438E+02    0.385593605875177570E+01    0.765024306428005740E+01    0.121778715355388666E-01
    0.389205938947022594E-69   -0.872393163122246006E+04    0.246972419372302365E+01    0.601865027879459547E+01    0.641441247747593479E+01    0.120391117705887264E-01
    0.282485787492002340E-68   -0.872793584066843323E+04    0.131243052983690216E+02    0.733915825285045464E+01    0.161738809485137480E+02    0.119382566989018439E-01
    0.429767583972589119E-68   -0.872881507330966451E+04    0.305745279995651060E+02    0.918855948473969342E+00    0.114604880933171458E+02    0.119160584695190211E-01
    0.173028118952056130E-67   -0.873164066261247535E+04    0.823945881049759343E+01    0.150390015146383202E+02    0.108138419580980756E+02    0.118446158909102234E-01
    0.107710569845526276E-63   -0.874915333056106101E+04    0.306766452007984611E+02    0.700661528870723949E+01    0.630145608910411426E+01    0.113981113962140588E-01
    0.580507715367145311E-61   -0.876177258167513173E+04    0.260610895261269349E+02    0.512380832107972228E+01    0.426914858462128510E+01    0.110704345738258172E-01
    0.453133523308458113E-60   -0.876592231934820484E+04    0.134449818779572929E+02    0.565407503348005758E+01    0.741012245593215724E+01    0.109641884017937837E-01
    0.650742259981438282E-57   -0.878050168353479967E+04    0.259004974015057705E+02    0.168881314582772752E+02    0.369679214113315302E+01    0.105517421522557404E-01
    0.145977274911911620E-52   -0.880057820908173562E+04    0.110860163464389352E+02    0.111620282777922384E+02    0.600195280076571436E+01    0.100443289226635011E-01
    0.340160146468075294E-52   -0.880231014021660485E+04    0.383629485724348740E+00    0.119400836615143717E+02    0.496247990118472337E+01    0.999081338556185444E-02
    0.706170333532820658E-51   -0.880841619029915455E+04    0.839920960314615428E+01    0.121448768174243646E+02    0.103418874799197980E+02    0.983149102640630199E-02
    0.132286350856861004E-50   -0.880971158533244670E+04    0.156230898354351879E+02    0.105638355509326285E+02    0.933532775524916936E+01    0.979611114661262279E-02
    0.149160341214409603E-50   -0.880999169122286366E+04    0.954708398664779168E+01    0.777771800811958869E+01    0.116800910015082451E+02    0.978845363939842908E-02
    0.120325513665114047E-48   -0.881881238927740014E+04    0.151477470342126921E+02    0.135476644231328258E+02    0.162834522128991495E+02    0.954594900005841136E-02
    0.278422533961546483E-47   -0.882513543782734268E+04    0.166183414897902892E+02    0.117106210208618489E+01    0.113812302637978853E+02    0.937042183460109340E-02
    0.401073956778064773E-47   -0.882590544977740501E+04    0.156833010540029552E+02    0.152274010483965760E+02    0.979802520639190888E+01    0.934894609145714775E-02
    0.378354485491441306E-46   -0.883043399137799861E+04    0.169462529264849699E+02    0.672861857465003776E+01    0.688241437157795755E+01    0.922218646744743867E-02
    0.152181721739266544E-45   -0.883325764915607942E+04    0.112824856059018757E+02    0.304201815262773279E+01    0.826426086684841188E+01    0.914275497369375530E-02
    0.262252366855391472E-42   -0.884820162356985202E+04    0.117868221774527164E+02    0.248268282091977781E+02    0.637665565679991264E+01    0.871685189110952240E-02
    0.492842686306060995E-42   -0.884950338908182130E+04    0.417330216617152416E+01    0.127036217174510391E+02    0.926168881982482262E+01    0.867935478575797281E-02
    0.991133110145887876E-42   -0.885094070671365989E+04    0.109310882780269498E+02    0.106996222745400100E+02    0.960306382231351208E+01    0.863780356482645763E-02
    0.169004328013554440E-41   -0.885204802785928041E+04    0.166951078197787091E+02    0.158954235435449611E+02    0.537972053751320445E+01    0.860541261777429678E-02
    0.177326508689633919E-41   -0.885218416464119582E+04    0.329638693683351534E+02    0.883242282127308620E+01    0.123307711291639244E+02    0.860178021862462172E-02
    0.116448173722461940E-40   -0.885598824202353171E+04    0.489076991300271047E+00    0.193160614401471804E+02    0.889748463809806189E+01    0.849112545764266896E-02
    0.687990981432227891E-40   -0.885958090085591175E+04    0.587840491661883835E+01    0.159169296644293397E+02    0.506658827895608255E+01    0.838469174362034206E-02
    0.124185837909103265E-39   -0.886080207785597304E+04    0.258215333373836415E+02    0.497714735862624380E-01    0.652512385416887231E+01    0.835010507314222147E-02
    0.328752889839089946E-39   -0.886278913233064850E+04    0.129839750485054246E+02    0.318024622543070290E+01    0.813714557654753001E+01    0.829155932468668769E-02
    0.465278376617596641E-39   -0.886352379135468072E+04    0.296374823171273469E+02    0.952304210457250555E+01    0.234154138040410986E+01    0.729955146402081357E-02
    0.234376476321182364E-37   -0.887140271734629823E+04    0.193327616661056823E+02    0.267052699484218437E+01    0.118114930771293984E+02    0.803540319125044429E-02
    0.156029190513146189E-36   -0.887523411635777302E+04    0.203088005761094834E+02    0.113958575446112675E+02    0.144159254562371437E+02    0.792016896950404996E-02
    0.710343756977111865E-35   -0.888291069836216775E+04    0.184797510045992652E+00    0.137999782274306177E+02    0.664534004253867927E+01    0.768654625807554167E-02
    0.131893956319617540E-33   -0.888879353717590675E+04    0.249875779080033738E+02    0.925171069485794817E+01    0.457135498701552034E+01    0.750434335445500627E-02
    0.633976490498833567E-33   -0.889197356444393517E+04    0.295387848619661035E+02    0.102739670631761424E+02    0.111194972272380816E+02    0.740644271564977561E-02
    0.429895925069383541E-32   -0.889584179717422739E+04    0.896424380444955560E+01    0.105757973212977028E+02    0.818174549380112737E+01    0.728514818889744453E-02
    0.688527961365029445E-32   -0.889682382274358497E+04    0.109208010882835005E+02    0.622780674934373302E+01    0.504520586255244030E+01    0.725389590007476798E-02
    0.543092111858666659E-31   -0.890099443895216791E+04    0.116952808446055521E+02    0.862328553477251702E+01    0.967697922229027796E+01    0.712193472859855726E-02
    0.555788781694491684E-31   -0.890108065773694761E+04    0.789460564518358243E+01    0.762821077035377471E+01    0.114344737248654624E+02    0.711918717421304147E-02
    0.962217156694271109E-30   -0.890682353157646503E+04    0.734568730306991391E+01    0.643544419435873394E+01    0.678287356986097478E+01    0.693489612720487019E-02
    0.692976561205616544E-29   -0.891081221379565977E+04    0.239280351096555712E+02    0.117560987692431347E+02    0.162678366640459835E+02    0.680536981201399112E-02
    0.558537892179709432E-28   -0.891502603655393068E+04    0.416006141456361256E+01    0.432388656424190465E+01    0.821603555205032876E+01    0.666708254448156266E-02
    0.326225640943218409E-27   -0.891859574039897598E+04    0.240644051176973122E+02    0.741347604224064760E+00    0.113037130848888268E+02    0.654871622738447626E-02
    0.184194053819009496E-26   -0.892209771168519001E+04    0.149004132838419814E+02    0.280422620013602186E+01    0.470286630946806827E+01    0.643122863370354948E-02
    0.238875641618374436E-26   -0.892265761817793100E+04    0.858938354507786883E+01    0.527500467427191300E+01    0.982093622053870874E+01    0.641260276228267957E-02
    0.283006922687219775E-25   -0.892764184490507614E+04    0.536399438248050942E+01    0.212147177335313541E+01    0.139911325340237784E+02    0.624338997290387488E-02
    0.461827085641973726E-23   -0.893787162365382392E+04    0.139192484730849735E+02    0.111854992391571706E+02    0.856771971290815237E+01    0.588783907979813833E-02
    0.579173033497042795E-23   -0.893836444512237722E+04    0.152330132037454788E+02    0.200244321767092117E+02    0.139126139847759607E+02    0.587040894451030301E-02
    0.986446765073219315E-22   -0.894407463146591545E+04    0.876068693459139070E+01    0.267783094642840114E+01    0.417099076236313326E+01    0.566500248552188630E-02
    0.137325649074516402E-21   -0.894477629314230762E+04    0.228175377601942841E+02    0.166157667258352255E+02    0.109927471878651026E+02    0.564088759692557475E-02
    0.608041238771020547E-21   -0.894779206834394063E+04    0.142244940824173778E+02    0.398799606466218659E+01    0.196579486618712664E+02    0.553107762639251568E-02
    0.249607721522322803E-20   -0.895065653425995151E+04    0.178029323888241997E+01    0.273972412436535517E+01    0.806955019277243757E+01    0.542560372410059912E-02
    0.443386189234920454E-16   -0.897026631615925544E+04    0.258459528061379444E+02    0.333237992607388023E+01    0.647998684404809566E+01    0.466786820393112409E-02
    0.826978300588277726E-15   -0.897615816095862829E+04    0.159988076149153144E+02    0.202399552471636124E+01    0.102993830231394945E+02    0.442564304481248613E-02
    0.169576906643564788E-14   -0.897763438733352996E+04    0.269115472935231601E+02    0.146620996452677499E+02    0.116575959381067431E+02    0.436369012432744584E-02
    0.244643963959009174E-14   -0.897840738212323959E+04    0.134625200745697367E+02    0.536525673858474139E+01    0.714299436297896051E+01    0.433103614119190877E-02
    0.144677590779689640E-13   -0.898200195992842782E+04    0.206601208324570251E+02    0.147727020574500987E+02    0.135148764665602350E+02    0.417715571441375135E-02
    0.314844650280700497E-13   -0.898359710310558876E+04    0.710814172939953792E+01    0.235131379466178370E+01    0.158996440446263438E+02    0.410774708357091074E-02
    0.861565264191378390E-12   -0.899025561622376881E+04    0.127255331799138141E+02    0.285471367177739221E+01    0.661554007134458999E+01    0.380977213305915300E-02
    0.102768489696144823E-10   -0.899525341254776322E+04    0.240640819554365226E+01    0.195722367457602697E+01    0.298327269061316303E+01    0.351597271431471807E-02
    0.134952389373651118E-10   -0.899583829906648316E+04    0.181298760949011779E+02    0.115496158197738090E+02    0.819312231178148487E+01    0.354827769557246884E-02
    0.204901903523190624E-10   -0.899671351766705084E+04    0.293831784463527868E+00    0.301283207340021608E+01    0.113072731395682773E+02    0.350618708632876577E-02
    0.130968569818452651E-09   -0.900046353990134230E+04    0.342112358111378345E+01    0.128926322177853052E+02    0.161305160972144179E+02    0.332210004807105552E-02
    0.291308887984076235E-09   -0.900210239351250493E+04    0.134998732783644417E+02    0.218069352089728730E+01    0.315297043950183520E+01    0.322579379155144962E-02
    0.621912053435110073E-09   -0.900365922254171528E+04    0.157876566442016788E+02    0.684481641968946963E+01    0.827803722016701293E+01    0.315998258715955230E-02
    0.739961994632798388E-09   -0.900404682281516398E+04    0.114148079431318195E+01    0.453721859540231165E+01    0.112186100461585276E+02    0.313996140161422682E-02
    0.133433122870226486E-08   -0.900526599614867882E+04    0.108720820569540439E+02    0.134908379840414625E+02    0.840733034506955690E+01    0.307645126959502817E-02
    0.507386735420739335E-08   -0.900797734235774260E+04    0.104153271049872309E+02    0.189871352623056637E+02    0.689873935018963191E+01    0.293213571190558634E-02
    0.665987219491147558E-08   -0.900856133630940712E+04    0.217901941585736836E+02    0.672628668564732823E+01    0.575298998799141970E+01    0.290048767123509766E-02
    0.259114079475170649E-07   -0.901131850238662810E+04    0.620418894512786512E+01    0.160216100529792627E+02    0.625465447399371310E+01    0.274781021500732775E-02
    0.257683896502041503E-07   -0.901134743278735914E+04    0.257448647846039691E+02    0.743321542639320310E+01    0.788594525079485464E+01    0.274614420267256434E-02
    0.445205428673607371E-07   -0.901248103716081641E+04    0.354696111042349571E+01    0.736783287826806710E+01    0.125191436877697964E+02    0.268176454153296181E-02
    0.484864786132229108E-07   -0.901269170565576496E+04    0.137323744720705854E+01    0.238352755089793220E+02    0.682726205594243751E+01    0.266965227485566276E-02
    0.546112046098259801E-07   -0.901296961386924158E+04    0.915785740816572513E+01    0.251851578501920841E+02    0.110314768068451308E+02    0.265371218971896961E-02
    0.126278711330825287E-06   -0.901468611863814294E+04    0.146887461298193980E+02    0.324974685400998364E+01    0.102188989115123015E+02    0.255361551265824178E-02
    0.150030891011474785E-06   -0.901507081814651792E+04    0.111725364829726637E+01    0.382833453323867889E+01    0.966649363657920446E+01    0.253083822590527245E-02
    0.553240830519009105E-06   -0.901772072253047190E+04    0.682735071775281455E+01    0.138092256915154472E+02    0.104161885289963934E+02    0.237022055143590359E-02
    0.200412876515917068E-05   -0.902033506514900182E+04    0.146728518614771968E+02    0.739736490906191335E+01    0.586322680678742003E+01    0.220473145347496171E-02
    0.241309673030092034E-05   -0.902074646802452844E+04    0.380958036053203752E+01    0.134783269460228112E+02    0.163339380235050946E+02    0.217788890352968185E-02
    0.240895069789433372E-05   -0.902078302879379407E+04    0.207747057186475459E+02    0.684119809857074301E+01    0.749666468175477885E+01    0.217550212555655360E-02
    0.268027371778386191E-05   -0.902103648412416078E+04    0.220995587511407692E+02    0.466978975052382861E+01    0.620055222611265755E+01    0.215891473168651959E-02
    0.276117903286218392E-05   -0.902113596182720357E+04    0.570933655745551150E+01    0.450168502688247241E+01    0.346340027400484773E+01    0.213044572549558192E-02
    0.274736279524921190E-05   -0.902116592921457050E+04    0.100968389367919134E+02    0.120700868887278254E+02    0.628898787074789745E+01    0.215043058728972558E-02
    0.275496803183363803E-05   -0.902121145795623670E+04    0.143799732378818668E+02    0.674161944581201311E+01    0.958528079102948638E+01    0.214737690016987863E-02
    0.327920760342921069E-05   -0.902159984989632176E+04    0.791154218639977813E-01    0.960337236093126023E+01    0.666989934715402821E+01    0.212155417958671952E-02
    0.775584422865810083E-05   -0.902336153958494106E+04    0.557803110792014056E+01    0.127212276971282314E+02    0.909186597175024858E+01    0.200254740213866387E-02
    0.107497744560332525E-04   -0.902405441582558160E+04    0.191190608729896105E+01    0.580710954417150482E+01    0.308120212069676658E+01    0.172881457554416697E-02
    0.140949530805520298E-04   -0.902463627987006112E+04    0.893848586069854179E-01    0.195397968751612083E+02    0.728144838211066325E+01    0.191343097969106724E-02
    0.271885647220684798E-04   -0.902599023921908883E+04    0.231767185333545953E+02    0.764673002135459789E+01    0.104600653699115362E+02    0.181596122217790980E-02
    0.271635564858984189E-04   -0.902602839875822792E+04    0.259095050740083330E+02    0.304530996833912937E+00    0.116731814467556845E+02    0.181316545621457896E-02
    0.270207018223433630E-04   -0.902605785289129199E+04    0.106972767626013425E+02    0.272632128304015042E+01    0.842328834012187144E+01    0.181100587756234275E-02
    0.278783170054366507E-04   -0.902616034471536477E+04    0.201652895359313078E+02    0.137938919970161837E+02    0.150790826077610820E+02    0.180347767486964102E-02
    0.411075482862129584E-04   -0.902697702980101894E+04    0.766254265535106960E+01    0.441957160889608680E+00    0.106881289029866196E+02    0.174277780742205070E-02
    0.416876304671940046E-04   -0.902704505518517908E+04    0.250271586774129915E+02    0.289336496552376854E+01    0.669128719081891976E+01    0.173767006372251617E-02
    0.446688432028345610E-04   -0.902722319875557696E+04    0.124983418854375365E+02    0.478368438521998485E+01    0.129175045162144428E+02    0.172422356733965528E-02
    0.746838121039018971E-04   -0.902829117300497819E+04    0.160689175082675142E+02    0.173220321224995821E+02    0.116534156290918141E+02    0.164225226941155499E-02
    0.780409027170056164E-04   -0.902841911244464427E+04    0.282592493418419366E+02    0.806544124390619288E+01    0.105959734423182859E+02    0.163226400964317257E-02
    0.889418453044938290E-04   -0.902872061174376722E+04    0.198833852611070050E+01    0.903146406674569491E+01    0.317595294805936978E+01    0.128574682972279171E-02
    0.110069707743609980E-03   -0.902918687402223259E+04    0.150272357522559012E+02    0.844291688153622033E+01    0.115795412319989026E+02    0.157151773685708677E-02
    0.118095976780677528E-03   -0.902936764159137056E+04    0.117415271153084753E+02    0.240792112330821979E+02    0.330608545157971045E+01    0.123001185108769992E-02
    0.149409757802725145E-03   -0.902987803144621648E+04    0.150575834003780056E+02    0.634247795935831071E+01    0.264363932290226034E+01    0.105975187925827583E-02
    0.208725855691465240E-03   -0.903058668966990990E+04    0.143893531385887208E+01    0.217931497590519285E+01    0.535432010527990077E+01    0.145673819576701453E-02
    0.209569238404237892E-03   -0.903063475463521718E+04    0.971438882167923801E+01    0.187266622900214230E+02    0.447727115273112908E+01    0.145306521062872314E-02
    0.216691893636517950E-03   -0.903074159927776782E+04    0.963109468459953533E+01    0.215318672018579704E+02    0.607257547371105666E+01    0.144412625348417463E-02
    0.223737202552726493E-03   -0.903084559059899038E+04    0.351633259027442868E+01    0.855144857982047135E+01    0.278964700352641026E+01    0.499285157338926204E-03
    0.230300841174767496E-03   -0.903094341919721774E+04    0.939048261421717001E+01    0.711396139503179192E+01    0.551689870094383483E+01    0.142703333904065088E-02
    0.251038862783801412E-03   -0.903115586179645106E+04    0.153240001326100312E+02    0.819770138523634273E+01    0.143830780106257734E+02    0.140872755388337994E-02
    0.296024220360749976E-03   -0.903152552883158205E+04    0.276857546333507365E+01    0.150005198351107216E+01    0.861182250492485579E+01    0.137690476617217429E-02
    0.445185377683720033E-03   -0.903238162782751351E+04    0.197388790275706647E+02    0.881464802042453677E+01    0.125621239540800147E+02    0.130147160682392640E-02
    0.442761078743239534E-03   -0.903241070687638421E+04    0.207636659352845392E+02    0.401178838038482333E+01    0.105650573941878214E+02    0.129886448404088620E-02
    0.550054931825850221E-03   -0.903288468257711429E+04    0.666939970665926474E+01    0.473204426634101605E+01    0.626771686348944357E+01    0.125596945539898069E-02
    0.556823212435612414E-03   -0.903294914187284667E+04    0.732912668990068106E+01    0.958629266276800607E+01    0.711097340220418950E+01    0.125004020928544141E-02
    0.619360284735456464E-03   -0.903320202057165079E+04    0.190762632137533430E+02    0.898733211884913175E+01    0.911980336325454033E+01    0.122669814122428706E-02
    0.819846448993362398E-03   -0.903380288040933920E+04    0.105692677379261255E+02    0.132788256015466555E+01    0.357944010848021410E+01    0.116899139624028784E-02
    0.860261066440844223E-03   -0.903393911809616111E+04    0.820943624430580243E+01    0.194881588069872702E+01    0.485169814001552258E+01    0.115737714675285923E-02
    0.960244830214552667E-03   -0.903419902284538330E+04    0.267599941734255609E+00    0.232141906558222777E+01    0.101434602849262312E+02    0.113211688213920528E-02
    0.974247000461795883E-03   -0.903426797600933423E+04    0.308411938061764168E+01    0.912813615439302950E-01    0.101502834870454741E+02    0.112541047212137008E-02
    0.978252142474187163E-03   -0.903431618118093684E+04    0.213053508417366544E+02    0.431759622598138826E+01    0.361239811879896600E+01    0.111926663828350011E-02
    0.134563098393663443E-02   -0.903499388290867319E+04    0.176873069586536680E+02    0.148269436112847721E+02    0.152462327911907796E+02    0.105338368901026829E-02
    0.141576811089881593E-02   -0.903513550127324925E+04    0.273019035506927565E+01    0.477564612158497859E+01    0.137313483903631894E+02    0.103901220166714454E-02
    0.233237841065580924E-02   -0.903617393388459459E+04    0.125482973693332696E+02    0.115017987930868095E+02    0.542441759032203663E+01    0.930704617010491499E-03
    0.257723237527972661E-02   -0.903641358903729633E+04    0.110442322017449328E+02    0.751994612073585600E+01    0.111594826678973931E+02    0.903941115324832811E-03
    0.267052175329025041E-02   -0.903652470456958326E+04    0.224122720314111845E+00    0.183068558017347058E+02    0.182357328300995647E+02    0.891694526834517693E-03
    0.262298264612532885E-02   -0.903652878100615089E+04    0.166701535199386548E+02    0.138259915275279059E+02    0.109275533639084159E+02    0.891243569965871380E-03
    0.258232230406698704E-02   -0.903653753506035901E+04    0.289812934023644342E+01    0.222462923117848899E+01    0.686913265564767261E+01    0.890282001379198132E-03
    0.275544621484064868E-02   -0.903670731562640503E+04    0.165632110969779767E+01    0.199103613281278093E+02    0.134165599481407369E+02    0.871373880580190410E-03
    0.286183686443272590E-02   -0.903682308419443143E+04    0.126377578990213415E+02    0.102943914640185596E-01    0.494098289955728109E+01    0.858364051211074250E-03
    0.297511385281634720E-02   -0.903694072145274549E+04    0.970650334909474566E+01    0.152728321819422899E+02    0.423035812465014160E+01    0.845260051528271580E-03
    0.375120980161431066E-02   -0.903744431363994227E+04    0.221986627846747560E+02    0.122309450936226458E+02    0.513355461535386670E+01    0.788048375841146034E-03
    0.396851058178887984E-02   -0.903759693854848774E+04    0.397553415206430003E+02    0.880347516465362645E+01    0.760222196475800072E+01    0.768612572092854432E-03
    0.402627190683122957E-02   -0.903766583856180659E+04    0.210318728519793829E+02    0.316845077984206247E+01    0.144487963330663955E+02    0.760362529657560211E-03
    0.455896291275146356E-02   -0.903795434716899763E+04    0.149092168823973594E+02    0.710111018945111994E+01    0.129678613557341365E+02    0.725349295753822498E-03
    0.454120298281950139E-02   -0.903798654073879334E+04    0.244034903321613044E+02    0.853732106023614357E+01    0.577594872863681985E+01    0.721685950558238038E-03
    0.464383330251910437E-02   -0.903807123717241484E+04    0.132036983349432600E+02    0.782999802760875951E+01    0.132101429269663910E+02    0.710928108269527127E-03
    0.463429235676716608E-02   -0.903810712386355772E+04    0.466296117364510110E+01    0.165331407334810478E+02    0.595913019477773087E+01    0.706841906595683119E-03
    0.465331923159474289E-02   -0.903815531839290998E+04    0.210755778591410809E+02    0.126299133956276712E+02    0.418535457054936622E+01    0.704988128949566120E-03
    0.474917685029795610E-02   -0.903823609945321732E+04    0.643919444486056136E+01    0.128731078392270870E+02    0.790386364549951814E+01    0.690353638593191343E-03
    0.502497169885999725E-02   -0.903838899648022925E+04    0.102134932084750751E+01    0.203074590025343369E+02    0.528119264123811671E+01    0.667840046048255869E-03
    0.593415404434861904E-02   -0.903876160579879797E+04    0.762818793710041199E+01    0.291266906731818853E+01    0.805918974792897913E+01    0.622694479381585560E-03
    0.592149278817517919E-02   -0.903879733399105316E+04    0.191371212248952673E+02    0.135984246492157599E+02    0.177843055308443034E+02    0.617972334500069948E-03
    0.582625716996183589E-02   -0.903880490643517624E+04    0.139918899610397105E+02    0.147952667454116309E+02    0.759558433139412870E+01    0.616984739124128872E-03
    0.589444282015973674E-02   -0.903886817686082941E+04    0.657986373696503435E+01    0.109004885911374902E+02    0.141103481971217235E+02    0.608563208742709974E-03
    0.588136317493635589E-02   -0.903890373397153417E+04    0.374568259275832816E+02    0.928312030898156770E+01    0.927064476844729057E+01    0.603816073343784788E-03
    0.689406796165271604E-02   -0.903926147948877224E+04    0.131566437567117003E+02    0.914913800825568302E+01    0.145787673371770659E+02    0.555086275536123747E-03
    0.687500350437925383E-02   -0.903929594114306747E+04    0.924513203381705395E+00    0.956327215774126493E+01    0.860755848972967819E+01    0.550296186529326630E-03
    0.683607265945038005E-02   -0.903932458362478428E+04    0.182356404724452545E+02    0.564848651988802786E+01    0.124734970133716523E+02    0.546298889663360851E-03
    0.700611274684111596E-02   -0.903941372287159356E+04    0.917253489890868501E+01    0.610508450332437835E+01    0.431994516766744852E+01    0.535766711034378206E-03
    0.744406788329141696E-02   -0.903957499175237353E+04    0.133127269805761728E+01    0.191998238763985807E+01    0.113109823864823618E+02    0.510817051199057470E-03
    0.822316768410628895E-02   -0.903981406783223611E+04    0.144935747385403282E+02    0.179167884229974206E+01    0.970106737202427816E+01    0.475965526229668958E-03
    0.812383440743864871E-02   -0.903982976135726494E+04    0.201666432010961572E+02    0.856780627493727209E+01    0.649708112948774819E+01    0.473732573359158800E-03
    0.806399701246583028E-02   -0.903985497551820845E+04    0.256959099556037174E+02    0.318298297113797535E+01    0.251873455071411279E+01    0.127822885276721379E-03
    0.796563647746444635E-02   -0.903987043053541856E+04    0.145327702047972629E+02    0.133799755287422020E+02    0.113860730311338543E+02    0.467600635782797918E-03
    0.799595465041712423E-02   -0.903991802832668327E+04    0.122648469941616902E+02    0.672699360881716224E+00    0.112183544307067642E+02    0.460490435056145546E-03
    0.808174533261578343E-02   -0.903997937254794488E+04    0.639678818378583891E+01    0.129858190559976308E+02    0.735420745094479678E+01    0.451293605856874073E-03
    0.798360144769623241E-02   -0.903999493607428121E+04    0.293504441969284802E+01    0.904759788438871837E+00    0.707204565506996374E+01    0.448913902864309360E-03
    0.827341868683547157E-02   -0.904010625245201845E+04    0.966013010331927013E+01    0.787902115009272386E+01    0.519923574980325132E+01    0.433015715344683364E-03
    0.831797430046135947E-02   -0.904015699433987902E+04    0.217138357431531830E+02    0.697733663235609924E+01    0.104731062024062140E+02    0.424124546194528415E-03
    0.828963225815540321E-02   -0.904019016805345018E+04    0.568069424585604921E+01    0.144705972914093142E+02    0.684262619185547383E+01    0.419079927838621191E-03
    0.820657792213721170E-02   -0.904021002887314171E+04    0.254575077877307336E+02    0.220243258474665495E+02    0.999369771059500067E+01    0.415895258276425205E-03
    0.828327049104757469E-02   -0.904026863259101083E+04    0.163115565664756446E+02    0.105756966002939663E+02    0.744378898349064499E+01    0.406748808007486077E-03
    0.835648869221422737E-02   -0.904032623348845300E+04    0.124642014529802587E+02    0.896087567882197789E+01    0.634212845078574894E+01    0.397801084960872683E-03
    0.819727446281609540E-02   -0.904032776026937790E+04    0.122958979108690301E+02    0.427343742618301459E+01    0.293783362169365825E+01    0.269748026994556865E-03
    0.804908867034235566E-02   -0.904033127458924355E+04    0.909939700662280160E+01    0.714690174559981894E+01    0.577933313353288636E+01    0.397213854375768585E-03
    0.847989081763762115E-02   -0.904047555198539158E+04    0.447376387824465649E+01    0.141124296421721329E+02    0.158092350778939839E+02    0.373754826562498472E-03
    0.832870175189339562E-02   -0.904047957202034377E+04    0.660796891450683788E+01    0.864569781030908224E+01    0.102337977432292639E+02    0.373104253657463494E-03
    0.822189100235810183E-02   -0.904049375729962594E+04    0.790982766890042654E+01    0.366390652219549784E+01    0.152840432665378856E+02    0.370805187433776817E-03
    0.847398962205226335E-02   -0.904059415969155089E+04    0.346056923946992043E+02    0.493201590028089232E+01    0.561634044914015274E+01    0.354724540800415789E-03
    0.867342273531339011E-02   -0.904068068382060119E+04    0.243135790687640849E+02    0.139677783408783860E+02    0.130609404847202768E+02    0.340037044281954362E-03
    0.877405922861914343E-02   -0.904074375594288722E+04    0.130444156808235139E+02    0.281878484287080555E+01    0.498675002242582099E+01    0.330116971091453759E-03
    0.865197825354679061E-02   -0.904075573282576261E+04    0.157004158154157345E+02    0.546128872470234850E+01    0.116218305890350457E+02    0.327425070225007236E-03
    0.864679130905195853E-02   -0.904079453344689682E+04    0.681625959577815799E+01    0.123138939861674999E+02    0.601157285899845295E+01    0.321281692976287006E-03
    0.878342572496268285E-02   -0.904086588984697664E+04    0.240081590931710167E+02    0.187635404903446990E+01    0.608820816244288565E+01    0.308680871137614497E-03
    0.869624610349917573E-02   -0.904088593973688330E+04    0.166851516701761717E+02    0.888890758768099154E+01    0.650059936121943416E+01    0.305283997033902322E-03
    0.860863647420862833E-02   -0.904090568871757387E+04    0.984603229021066362E+01    0.520119310695510784E+01    0.615735804570028389E+01    0.301893126296588765E-03
    0.860075127840588885E-02   -0.904094385595130370E+04    0.220997455091004937E+02    0.708993772729526395E+01    0.167194008269148711E+02    0.295106963720247000E-03
    0.852064418229169993E-02   -0.904096514072897298E+04    0.887349724601668477E+01    0.641195498914006912E+01    0.111789854380963369E+02    0.291383742410114164E-03
    0.839300663304364328E-02   -0.904097495446732137E+04    0.525342758935713938E+01    0.421073779098851020E+01    0.155182658800561928E+02    0.289662325046110788E-03
    0.827476726286069733E-02   -0.904098657842757348E+04    0.240351703115617976E+01    0.806657302795523812E+01    0.176879460265881114E+02    0.287619475996306957E-03
    0.811564494879274574E-02   -0.904098774418438370E+04    0.171450350522780219E+02    0.457923486613256969E+01    0.464300849360176571E+01    0.289498927789530653E-03
    0.797986737790307675E-02   -0.904099400042053276E+04    0.130644323344137128E+02    0.584028040894570655E+01    0.120780958095150908E+02    0.286312871144122488E-03
    0.787359569645076224E-02   -0.904100718652560681E+04    0.122450952177207633E+02    0.180397260442858798E+01    0.123951428314501548E+02    0.283987210051553710E-03
    0.779712856282207233E-02   -0.904102766790239912E+04    0.108609652591784567E+02    0.114855595393434751E+02    0.115625780629381048E+02    0.280363843112154255E-03
    0.779079114215666668E-02   -0.904106604166332909E+04    0.172436320212630143E+02    0.115642263553413116E+02    0.856576418729728317E+01    0.273540541607073060E-03
    0.783362471185980978E-02   -0.904111700749460397E+04    0.186176488294587230E+02    0.807456521194096055E+01    0.312588983165542000E+01    0.115913456840849587E-03
    0.779718894991926568E-02   -0.904114768339191323E+04    0.279517757366831248E+02    0.589996438871576778E+01    0.103009930619590513E+02    0.258854086689614456E-03
    0.770880608520881430E-02   -0.904116488348215171E+04    0.214044842627279763E+02    0.115447240631871448E+02    0.679158811825111641E+01    0.255815690588030720E-03
    0.763523193738494237E-02   -0.904118570346928027E+04    0.561844117503212370E+01    0.135331082152027236E+02    0.483419439559371433E+01    0.254736118379250069E-03
    0.767778256567354898E-02   -0.904123681839058918E+04    0.877134900657029348E+01    0.615165311578398111E+01    0.987275689672117451E+01    0.242557613711934261E-03
    0.757987242453034889E-02   -0.904125114957445840E+04    0.191590639224486772E+02    0.643645888080962703E+01    0.103524051720320909E+02    0.239910639885963957E-03
    0.749926586935601661E-02   -0.904126976709983683E+04    0.777007879747599350E+01    0.860300019998540755E+01    0.994652415554316960E+01    0.236460837349065488E-03
    0.756023373669938853E-02   -0.904132596105103949E+04    0.169068174712674626E+02    0.101645927882886600E+02    0.373208888648838544E+01    0.224252091687882527E-03
    0.751083987546859004E-02   -0.904135285142411885E+04    0.178817360055494561E+02    0.151561043434334275E+01    0.570882780503736154E+01    0.221012159649294901E-03
    0.744707619904393017E-02   -0.904137579983421892E+04    0.129300273705404347E+02    0.805623947595187317E+01    0.321239097631935655E+01    0.907796878661839678E-04
    0.751356466702109062E-02   -0.904143357685495357E+04    0.118561006118770802E+02    0.165304056284687775E+02    0.164191775954027932E+02    0.205529913619606377E-03
    0.748193213353904197E-02   -0.904146513896701435E+04    0.850972024697194840E+01    0.258757265161328718E+02    0.101291779123800367E+02    0.199445983109090472E-03
    0.735276722691549037E-02   -0.904147031030815924E+04    0.203222031132728898E+01    0.749869646670646262E+00    0.149871589280608770E+02    0.198444850242285309E-03
    0.738980642738698047E-02   -0.904152035991802404E+04    0.169776051654393854E+02    0.203365356183775283E+02    0.116599757899782226E+02    0.188698492662076663E-03
    0.730477086288626107E-02   -0.904153721219160434E+04    0.244289572900524163E+02    0.983875645467568916E+01    0.718558791018081600E+01    0.185425691738186176E-03
    0.738524531425295474E-02   -0.904159912510318645E+04    0.420761874167249950E+01    0.701562811303721912E+01    0.116124797019378754E+02    0.173134638897662341E-03
    0.727418229887147241E-02   -0.904160881965242697E+04    0.195309431753348015E+02    0.321773043604812425E+01    0.451313278908297733E+01    0.173404018700711385E-03
    0.715682205782303908E-02   -0.904161628890804786E+04    0.123961959196769378E+02    0.201989408662014247E+01    0.902392475930863824E+01    0.169705370543979861E-03
    0.702259892398663082E-02   -0.904161842356974012E+04    0.338779270578387752E+02    0.111207164061922352E+02    0.164029519720634624E+02    0.169277704289892477E-03
    0.698025344125176132E-02   -0.904164632728800643E+04    0.231322104703870508E+02    0.101434756384917613E+00    0.495966087284964896E+01    0.163702465103826383E-03
    0.692244595936774426E-02   -0.904166969517553298E+04    0.118476394669587552E+02    0.552826825481680828E+01    0.149760903359755524E+02    0.158944298178249075E-03
    0.678918626711033039E-02   -0.904167081901960228E+04    0.566884883889734326E+01    0.116725826303054436E+01    0.152572338635703133E+02    0.158716364053432951E-03
    0.668256749032401873E-02   -0.904167916137359134E+04    0.180853298533926150E+02    0.129586452658153242E+02    0.644727197557872245E+01    0.157248947037235548E-03
    0.655333684031929754E-02   -0.904168010555889850E+04    0.986239075795489484E+01    0.838762225471508671E+01    0.689756657438357212E+01    0.156896174140315025E-03
    0.645015861468758826E-02   -0.904168836628036661E+04    0.107529683268436180E+02    0.121572454367949039E+02    0.684376901368554336E+01    0.155253978917115391E-03
    0.636567052060885326E-02   -0.904170199597932879E+04    0.375142472426762108E+01    0.629357603647682318E+01    0.497029885071826527E+01    0.153280317848838933E-03
    0.631439142370013567E-02   -0.904172581959890340E+04    0.213068165064249690E+02    0.141008057578245740E+02    0.145774963883669688E+02    0.147484213474271598E-03
    0.623285440920543464E-02   -0.904173982563549180E+04    0.343647336765097577E+01    0.175151461968414468E+01    0.926419391880675391E+01    0.144599486397252040E-03
    0.619680710698006926E-02   -0.904176822518982044E+04    0.507989922009526307E+01    0.809336517928258559E+01    0.788623057898756841E+01    0.138728577597526086E-03
    0.609472159470267685E-02   -0.904177500300497923E+04    0.143901322781521515E+02    0.125389834870799586E+02    0.904540097881827165E+01    0.137309498607562528E-03
    0.602278123526251742E-02   -0.904179125514019688E+04    0.113798421525101752E+02    0.119476805460267475E+02    0.601358501941156920E+01    0.134462266319921209E-03
    0.593274690090220529E-02   -0.904180113149014323E+04    0.474849746559558810E+02    0.533453320068997705E+00    0.570549145187899587E+01    0.131889929387665077E-03
    0.584926478461441669E-02   -0.904181278878751073E+04    0.997735040794304950E+01    0.278977785842268311E+01    0.195977299962385558E+02    0.129403264676461786E-03
    0.574535756266037530E-02   -0.904181694113309641E+04    0.258156721466209333E+02    0.100843525766872126E+02    0.435978559837859780E+01    0.137102745183566061E-03
    0.563360949364730308E-02   -0.904181765754570733E+04    0.174696013692980401E+01    0.378589058317212368E+01    0.786890856100406832E+01    0.128383693804826992E-03
    0.553636943947107864E-02   -0.904182283473670032E+04    0.957032619125917350E+01    0.546709002369531394E+01    0.374319768428377797E+01    0.126518662630278173E-03
    0.547369579041363970E-02   -0.904184006490756474E+04    0.200330933420523571E+02    0.433850765662997873E+01    0.943320127079283743E+01    0.123648157720280703E-03
    0.537225160885137880E-02   -0.904184265106581552E+04    0.318387356135729362E+02    0.110675118098367200E+02    0.122747578818576848E+02    0.123100188141761079E-03
    0.528959097364993872E-02   -0.904185163868092604E+04    0.168735240968394464E+02    0.707410816719995239E+01    0.637441875892953203E+01    0.121346285602751342E-03
    0.528796600594109122E-02   -0.904189102418450602E+04    0.250863145260598372E+02    0.317588175635055991E+01    0.427724106783425562E+01    0.116334113437791225E-03
    0.521701999262621369E-02   -0.904190400954898723E+04    0.145141770034724313E+02    0.629936165479449528E+01    0.381244483775324738E+01    0.115491869804547082E-03
    0.514735472678860481E-02   -0.904191712271136930E+04    0.159027984029442457E+02    0.153465228515040906E+02    0.173881119031279923E+02    0.107159122771994944E-03
    0.504759589335382342E-02   -0.904191798097493120E+04    0.437096731485744083E+01    0.845801506696453842E+01    0.117317184611954666E+02    0.106973507081855137E-03
    0.495624067643074973E-02   -0.904192145188695758E+04    0.175184151880614074E+02    0.152145858420377724E+02    0.179006871170921755E+02    0.106222379622567540E-03
    0.488337265801744302E-02   -0.904193182903570414E+04    0.649374086534927741E+01    0.423778937531777711E+01    0.128006797954591107E+02    0.103972365788778526E-03
    0.478947812793954156E-02   -0.904193299974683032E+04    0.623525595040415936E+01    0.374990272668679570E+01    0.857765058205335507E+01    0.103719307888341505E-03
    0.473462434868257911E-02   -0.904194996161344898E+04    0.809633967071121674E-01    0.708846404310237865E+01    0.154744015824858625E+02    0.100025003196335021E-03
    0.465105585345678904E-02   -0.904195434535467393E+04    0.280926666332274593E+02    0.691018973251964752E+01    0.116212609583870439E+02    0.990676441478242648E-04
    0.456090332332439400E-02   -0.904195519823876202E+04    0.187823113768273853E+01    0.767652438243959878E+01    0.150150805789332988E+02    0.988812447373058241E-04
    0.449094871772251318E-02   -0.904196428478678899E+04    0.772608707739616740E+01    0.104094985436143297E+02    0.959692424770661567E+01    0.968929287701989937E-04
    0.444988810307485588E-02   -0.904198591473747729E+04    0.106513251668231614E+02    0.725089322037351103E+01    0.866997465297670011E+01    0.921392860308403771E-04
    0.436271323181708359E-02   -0.904198634516588208E+04    0.598490403171077290E+01    0.250221631404675504E+01    0.352523893928229137E+01    0.831551267966385227E-04
    0.429812604989995590E-02   -0.904199651508722854E+04    0.122397156689688735E+02    0.107282938443589728E+02    0.634893789606084535E+01    0.900648640216120122E-04
    0.423454268018852876E-02   -0.904200670750947756E+04    0.370352783234112692E+01    0.651905382689170843E+01    0.560104432791086815E+01    0.880783184502223612E-04
    0.416387619347848362E-02   -0.904201304967193937E+04    0.767776176426653301E+01    0.103319879077570569E+02    0.393782164844049198E+01    0.826259465556110351E-04
    0.409184861965965294E-02   -0.904201815054288090E+04    0.590948212609172874E+01    0.358958258838967126E+01    0.121333745846942485E+02    0.849956819128876292E-04
    0.401102034110328159E-02   -0.904201824815271539E+04    0.129909294464954943E+02    0.130581458838593285E+02    0.117873801275559131E+02    0.849739548607671841E-04
    0.394055758898022475E-02   -0.904202280130319195E+04    0.804336508758994739E+01    0.111191810989711399E+02    0.106235019814433471E+02    0.839597275608017397E-04
    0.386681313311164126E-02   -0.904202501821246551E+04    0.357984152722371221E+02    0.386759589159079509E+01    0.989191850500246872E+01    0.834653731671764279E-04
    0.381052106591902966E-02   -0.904203568872149845E+04    0.151086347020546050E+02    0.819888516079040386E+01    0.152432109966927420E+02    0.810814008415018011E-04
    0.373525435766858477E-02   -0.904203578867126998E+04    0.132654073356774660E+02    0.938199998636366672E+01    0.552768000478268640E+01    0.822276684009571246E-04
    0.366601541984951703E-02   -0.904203836754768054E+04    0.110999163108568712E+02    0.544150874215457492E+00    0.467925862839680295E+01    0.807937821736739309E-04
    0.361066642452342011E-02   -0.904204794155738273E+04    0.202618697675398973E+01    0.905314402179253186E+00    0.402589965096291635E+01    0.757548232483157974E-04
    0.354646749443317082E-02   -0.904205206090867432E+04    0.269636068524166141E+02    0.217408715842103888E+02    0.651417496166601317E+01    0.777573618363832514E-04
    0.348177624053835162E-02   -0.904205524199154024E+04    0.284530532231936029E+01    0.746385473951323419E+01    0.990043929979647785E+01    0.766933188812012490E-04
    0.341706661681778420E-02   -0.904205772177379913E+04    0.740062160632070665E+01    0.135710485736338935E+02    0.163738732898223134E+02    0.761347173641483896E-04
    0.336548354619282605E-02   -0.904206730013949345E+04    0.950272606973769385E+01    0.143371316128394497E+02    0.605917364467660402E+01    0.746377658545504695E-04
    0.330610630055612085E-02   -0.904207169914192673E+04    0.151727231542327452E+02    0.893322661465250611E+01    0.454487887313112182E+01    0.791158631049523539E-04
    0.324233923080539119E-02   -0.904207274694473745E+04    0.829184987457255218E+01    0.400369885430101746E+01    0.183846040627270071E+02    0.727424130303092704E-04
    0.318071275972748669E-02   -0.904207436745641826E+04    0.963041705438059736E+01    0.628293857639493947E+01    0.856089920582848407E+01    0.723774747578809999E-04
    0.313274011801068040E-02   -0.904208397295379655E+04    0.196244441369619054E+02    0.926207813843352668E+01    0.191668327372875638E+02    0.701976676430453739E-04
    0.308664341087000254E-02   -0.904209432528787875E+04    0.569286289411992286E+01    0.108646965153935948E+01    0.545687948870233264E+01    0.679897391866618201E-04
    0.303368180195908279E-02   -0.904209971083255368E+04    0.501032127853584175E+01    0.132418113296693090E+02    0.564656534509705654E+01    0.678375116763642099E-04
    0.298230977796792905E-02   -0.904210555302363719E+04    0.346855852527967201E+01    0.167557148802911833E+02    0.174314829548517167E+02    0.652809626660440191E-04
    0.292894377804679956E-02   -0.904210944058196765E+04    0.841066641825908512E+01    0.174328384230170963E+01    0.689881874979657272E+01    0.644078068629572479E-04
    0.288095341776670177E-02   -0.904211639941090471E+04    0.351635635347847568E+02    0.295370235585954122E+01    0.488143087052960567E+01    0.640628548227298918E-04
    0.284417464609398700E-02   -0.904213070267384319E+04    0.716837022895338549E+01    0.143607266407234242E+02    0.603220733172394485E+01    0.602291406557326891E-04
    0.279284506532902861E-02   -0.904213427846237028E+04    0.393519450997730189E+02    0.170387730029614826E+01    0.511622385188289108E+01    0.591519519533922162E-04
    0.275129278766926859E-02   -0.904214429864814883E+04    0.254539941318261072E+02    0.221932705905604299E+01    0.620398953342382509E+01    0.564400450320421635E-04
    0.270204248206988790E-02   -0.904214817276024223E+04    0.656447384841511994E+01    0.190259688194369936E+01    0.103275435565828424E+02    0.554721957013663402E-04
    0.265484855628696486E-02   -0.904215293206074784E+04    0.110845729446952888E+02    0.424325525853710417E+00    0.285870356862889574E+01    0.470572343759655554E-04
    0.260852163357696903E-02   -0.904215772411038415E+04    0.684978807887740970E+01    0.139976136987136233E+02    0.807480469094037367E+01    0.532685524360649709E-04
    0.255717200622241703E-02   -0.904215796076212246E+04    0.219733237229203127E+02    0.868760681229028719E+01    0.378690757884643059E+01    0.623494595176379797E-04
    0.250675954667102258E-02   -0.904215813864010670E+04    0.997441510364857820E+01    0.804591507618120438E+01    0.723797962384786686E+01    0.531962245522666841E-04
    0.247034846506759276E-02   -0.904216887527583458E+04    0.110446600268152970E+02    0.691197815403450821E+01    0.355544957184747412E+01    0.352229630212886995E-04
    0.242700322436140408E-02   -0.904217347134706870E+04    0.862814571616141990E+01    0.602695564354514346E+01    0.177060054593727436E+02    0.495860973806057587E-04
    0.237923693256509141E-02   -0.904217371647591790E+04    0.398456777410412570E+02    0.107148937815898737E+01    0.615459469236124690E+01    0.495649977904604865E-04
    0.233705477130111529E-02   -0.904217793982024159E+04    0.111342800396700277E+02    0.149469516795866948E+02    0.369416562020229566E+01    0.611527165763042346E-05
    0.229796286948366450E-02   -0.904218420287959270E+04    0.175593729343313640E+02    0.116682577928459086E+01    0.163104139616869652E+02    0.470745368363241230E-04
    0.225253486024928201E-02   -0.904218426920976526E+04    0.195812821869788749E+02    0.143897398455413654E+02    0.761125304307949690E+01    0.470848545716286019E-04
    0.220894571824466765E-02   -0.904218518753878016E+04    0.446145128368836552E+01    0.289198687418150602E+01    0.895184519670486623E+01    0.468441679214294613E-04
    0.219858508010763566E-02   -0.904221578485261125E+04    0.223129074711923749E+02    0.123645594617892236E+02    0.676821367717196942E+01    0.397596164013221251E-04
    0.215908608913384066E-02   -0.904221952688706369E+04    0.161726759518312022E+02    0.843772696210925233E+01    0.999378458390761537E+01    0.387441195498868700E-04
    0.212827459965077813E-02   -0.904223078004519448E+04    0.186744831264544793E+02    0.152216052675245628E+00    0.111577254166449933E+02    0.360693318263939546E-04
    0.208692285447179297E-02   -0.904223153816173908E+04    0.189617523116454834E+02    0.148696702564397203E+02    0.152003238730993893E+02    0.358887714725652802E-04
    0.205181888690124728E-02   -0.904223761015984564E+04    0.292186304392339977E+02    0.104411990066003391E+02    0.121242360037886456E+02    0.344409191272755395E-04
    0.201949447585570221E-02   -0.904224585127773753E+04    0.196125716687353737E+02    0.154867389643539735E+02    0.612637853840575097E+01    0.330912150453478065E-04
    0.198342457172724423E-02   -0.904224980670127297E+04    0.161371307736564518E+02    0.913038613425681866E+01    0.455946584782375552E+01    0.381850849710711282E-04
    0.194505012983780916E-02   -0.904225073233737385E+04    0.189079064782390631E+02    0.106126501478512125E+01    0.388686042684662914E+01    0.336692856010197819E-04
    0.191049216716963964E-02   -0.904225487861252986E+04    0.651520382717415991E+01    0.651861603998368366E+01    0.610008148204570411E+01    0.306098491340266740E-04
    0.187269922350897502E-02   -0.904225491848680031E+04    0.616683881169793846E+01    0.126503630447940463E+02    0.129593726213741594E+02    0.302971857141737331E-04
    0.183649350756296651E-02   -0.904225587293860372E+04    0.206755821420210140E+01    0.865625191194152244E+01    0.819490324832174721E+01    0.300753020317452756E-04
    0.180047317944499350E-02   -0.904225625585215676E+04    0.274477074290237404E+02    0.597660635714287203E+01    0.921903613572273883E+01    0.299762704661933046E-04
    0.176875535361283010E-02   -0.904226070905487177E+04    0.347035638908892707E+01    0.121457608615112598E+02    0.786847582233938247E+01    0.289250157457185972E-04
    0.173394924449576503E-02   -0.904226096005083855E+04    0.724399349154682692E+01    0.913713210794615627E+01    0.111031162801191847E+02    0.288449582462242150E-04
    0.170024664171367231E-02   -0.904226170348430605E+04    0.186495310737746678E+02    0.129551952477768637E+02    0.386124094746478796E+01    0.358380342327739012E-04
    0.175215196928101306E-02   -0.904232197962648206E+04    0.404375304284178938E+01    0.518190716451819622E+01    0.656988784007630411E+01    0.141020363003757860E-04
    0.178423174011058030E-02   -0.904235826601783629E+04    0.253680299841986034E+02    0.271972188972833262E+01    0.914596812032470652E+01    0.501921491272367196E-05
    0.179509205209232490E-02   -0.904237040277431879E+04    0.815444314741807119E+01    0.308917453905081407E+01    0.183627618253016216E+02    0.198717364013520879E-05
    0.180201221696985698E-02   -0.904237809804573408E+04    0.939394465644957144E+01    0.785463867631122703E+01    0.490789409122384779E+01    0.333533898388786981E-05
    0.175257437613188195E-02   -0.904232246172615123E+04    0.310376782561229945E+02    0.871298811540993867E+00    0.555328072673742046E+01    0.139935615628257676E-04
    0.177164522160013437E-02   -0.904234410740524982E+04    0.127189666904876546E+02    0.789834424423936188E+01    0.497745902810793250E+01    0.115627641025633490E-04
    0.174987797143030658E-02   -0.904231938227784849E+04    0.492950883388413263E+01    0.865949046896907149E+01    0.579390004425098937E+01    0.153275672698137888E-04
    0.176061764403792230E-02   -0.904233161953126182E+04    0.195952004083425990E+01    0.142398350798556432E+02    0.114972495564399182E+02    0.116275726740394311E-04
    0.176682712326408612E-02   -0.904233866087257229E+04    0.143840168266719175E+02    0.362544053613660466E+01    0.812989053105673420E+01    0.989013196896779221E-05
    0.170708968020412671E-02   -0.904226987012639438E+04    0.713131900630169380E+01    0.149228709357850793E+02    0.906107785281468736E+01    0.266994899536932137E-04
    0.175761960377021154E-02   -0.904232821095954569E+04    0.220790546789691042E+02    0.586471142653573096E+01    0.801062734101310525E+01    0.124728130542125235E-04
    0.175617319967632472E-02   -0.904232656441490690E+04    0.517263815879206046E+01    0.488873349402669266E+01    0.170160924579047901E+02    0.128739300549351359E-04
    0.172183163733973747E-02   -0.904228706742735449E+04    0.131854852344282847E+02    0.161938276830708983E+01    0.430421968238908548E+01    0.244181707953956308E-04
    0.171416103875478417E-02   -0.904227813770945249E+04    0.244203117098003659E+02    0.786282118479924730E+01    0.135325698840492414E+02    0.246990735655326686E-04
    0.173761155344132143E-02   -0.904230531316769338E+04    0.213777911936597178E+02    0.767210387649263481E+01    0.122047335800168959E+02    0.180885533635444197E-04
    0.172042870370988526E-02   -0.904228543718028595E+04    0.410335625078253230E+01    0.526980388466480676E+01    0.107795057147477529E+02    0.229297523192621006E-04
    0.179859081997895244E-02   -0.904237429712907033E+04    0.214412228186096563E+02    0.596138363170567054E+01    0.865404474912136656E+01    0.101257112940168932E-05
    0.175708042847094281E-02   -0.904232759733642160E+04    0.107161383940712902E+02    0.449545175767877137E+01    0.474093080989395332E+01    0.151380316739005254E-04
    0.170437230488950427E-02   -0.904226668395471643E+04    0.199955096316579315E+02    0.125195165857027790E+01    0.728137940436824849E+01    0.274708755376893658E-04
    0.180216851161067552E-02   -0.904237827150500561E+04    0.176599149656986611E+02    0.458537404516298963E+01    0.109197721514363710E+02    0.140503318444900813E-07
    0.179400150373654438E-02   -0.904236918737174165E+04    0.258851831212342010E+01    0.414549485891622194E+01    0.126405657230227000E+02    0.229141870410726981E-05
    0.178428658155875336E-02   -0.904235832749035035E+04    0.520034441113446189E+01    0.250569066688324682E+01    0.178515694388280473E+02    0.500372388244764259E-05
    0.178353493494056770E-02   -0.904235748479502399E+04    0.156714778859485655E+02    0.382235401469026037E+01    0.569965510748562032E+01    0.560051839965753848E-05
    0.176184723855931009E-02   -0.904233301582006789E+04    0.256552725512421347E+02    0.930736676102193528E+01    0.553956898464545411E+01    0.125002145252320297E-04
    0.170217214319626068E-02   -0.904226410050156301E+04    0.139549373318259065E+02    0.947627146752925853E+01    0.175641674562028598E+02    0.280888482758779321E-04
    0.172679608601472600E-02   -0.904229282560423235E+04    0.157815055282204995E+02    0.460530721077563676E+01    0.160533506644153228E+02    0.211341474760269599E-04
    0.174470312177731502E-02   -0.904231345898885047E+04    0.377896197737060113E+01    0.134720070576311679E+01    0.130011724292646775E+02    0.160944837850827667E-04
    0.172991413561092607E-02   -0.904229643371742895E+04    0.131082649253450061E+02    0.634441997172645245E+01    0.772130780802505967E+01    0.202661695850681143E-04
    0.171273462683921383E-02   -0.904227647274834817E+04    0.243876549673712262E+02    0.755163591082353669E+01    0.201738677727577524E+02    0.251020112578126528E-04
    0.171799260256363180E-02   -0.904228260320348454E+04    0.189548756933232099E+02    0.541432229284077415E+00    0.362406172349292843E+01    0.252542749112841117E-04
    0.179632913086153877E-02   -0.904237178058967947E+04    0.324943827116678250E+02    0.532801132372529374E+01    0.151181020242740018E+02    0.164210397721480019E-05
    0.179426489637287702E-02   -0.904236948098721768E+04    0.290992380248915659E+02    0.102111995234694763E+01    0.845153543745675861E+01    0.221821779905289306E-05
    0.177888555858935274E-02   -0.904235226432315721E+04    0.308008778482368051E+01    0.125769006683822013E+02    0.116577373753221245E+02    0.651323559161249947E-05
    0.178486015535716581E-02   -0.904235897030371234E+04    0.264715756084592826E+02    0.197454476067622124E+02    0.461878292394705170E+01    0.177865949830506706E-04
    0.174539713855550917E-02   -0.904231425440071325E+04    0.343888631808703327E+01    0.183887279864236275E+01    0.970030824491862909E+01    0.158995386230843848E-04
    0.171442036077924451E-02   -0.904227844025093509E+04    0.217036856509512894E+02    0.599314767796026437E+01    0.156336376405622879E+02    0.246258300511056644E-04
    0.170232475636428746E-02   -0.904226427980931112E+04    0.507665346827187314E+01    0.163988419557400142E+02    0.992854039344194206E+01    0.280460571288790967E-04
    0.177855442175194143E-02   -0.904235189199154775E+04    0.739211974535225558E+01    0.668449923462444495E+01    0.117704679619270181E+02    0.660581154855580978E-05
    0.175985399624609736E-02   -0.904233075186592396E+04    0.966480377234282528E+01    0.129206351333178038E+02    0.132547848207392747E+02    0.118416452853210103E-04
    0.179089350873651472E-02   -0.904236571949246718E+04    0.136716625682663047E+02    0.242218503727234191E+01    0.604839437150690706E+01    0.328421882467375831E-05
    0.174671272362844653E-02   -0.904231576132367627E+04    0.172631483023238914E+02    0.516233569600338704E+01    0.159169234401576212E+02    0.155298141432683385E-04
    0.179639570372934921E-02   -0.904237185470931945E+04    0.188310439991297898E+02    0.479278942047251633E+00    0.317661674235444780E+01    0.254645747945543999E-05
    0.175305564879838383E-02   -0.904232301086872030E+04    0.198876645515825885E+02    0.182115146562229278E+02    0.100305481496530806E+02    0.137488756411628275E-04
    0.175373429078696011E-02   -0.904232378495785451E+04    0.439211788112443813E+01    0.121682498514137567E+02    0.811968896075969582E+01    0.135703759838887378E-04
    0.173171196597808564E-02   -0.904229851115788733E+04    0.225958286439647225E+02    0.155406420319506360E+02    0.745179661392243453E+01    0.197886746360873044E-04
    0.179394924409294809E-02   -0.904236912911046966E+04    0.424107495877750651E+00    0.721480379818949391E+01    0.104566972841880474E+02    0.230607413979737070E-05
    0.178293130210376385E-02   -0.904235680778556707E+04    0.219506786972194377E+02    0.694320476890630189E+01    0.736280528285286451E+01    0.540438545093818029E-05
    0.172820555485030613E-02   -0.904229445740538358E+04    0.740107117727237096E+01    0.887089950460176269E+01    0.556520080842287257E+01    0.218589450230984375E-04
    0.179014348994336442E-02   -0.904236488172530153E+04    0.359590934054756595E+01    0.139715288311960357E+02    0.507677794368876434E+01    0.565983315153407215E-05
    0.170273642104661060E-02   -0.904226476340083900E+04    0.192521769585113702E+02    0.688486857497907678E+01    0.681856045002588829E+01    0.279967455075215681E-04
