    0.563456777471826697E+01    0.676233725283757714E+01    0.148738705830705698E+02   -0.139292730374611762E+00   -0.999999998999999514E+91   -0.391195633965034517E+01    1
    0.648251460119775480E+01   -0.526457387363939411E+01    0.271065104248306810E+02   -0.287880441638977309E-01   -0.999999998999999514E+91   -0.393195633965034208E+01    1
    0.942357885755770397E+01    0.340689008729046483E+01   -0.410422730139998748E+00   -0.291898394215859697E-01   -0.999999998999999514E+91   -0.395195633965034165E+01    1
    0.140731004711493295E+02   -0.569046700077148415E+00   -0.333114935614886853E+01   -0.762029126685818698E-02   -0.999999998999999514E+91   -0.397195633965034300E+01    1
    0.269950356205616604E+01    0.250135724380490787E+01    0.116302020197098344E+02   -0.627834772789072348E-01   -0.999999998999999514E+91   -0.399195633965034391E+01    1
   -0.605075431720244161E+01    0.448681401363878685E+00   -0.141413200693092644E+01    0.820313158403313328E-02   -0.999999998999999514E+91   -0.401195633965034215E+01    1
    0.105716859574644211E+02   -0.155605361618006199E+01    0.220356215263199395E+01   -0.633103589055467320E-01   -0.999999998999999514E+91   -0.403195633965034173E+01    1
    0.201618297857441249E+02    0.415841618267030633E+01    0.115701433324136183E+01   -0.356486287088204207E-01   -0.999999998999999514E+91   -0.405195633965034396E+01    1
    0.263297351309144734E+01    0.164621574132793249E+02    0.520528444123456424E+01   -0.481978287048435705E-01   -0.999999998999999514E+91   -0.407195633965034443E+01    1
    0.373789636861486496E+01    0.656521520708619022E+01    0.965366464712387540E+01   -0.671755656270027063E-01   -0.999999998999999514E+91   -0.409195633965034400E+01    1
    0.407819173460284468E+01   -0.689381263967115565E+01    0.156893723891066426E+02    0.334511963669359980E-01   -0.999999998999999514E+91   -0.411195633965034357E+01    1
   -0.969415691699065718E+00    0.526015887181017217E+01    0.405265101171657705E+01    0.169097395986701031E-01   -0.999999998999999514E+91   -0.413195633965034226E+01    1
    0.334088267853393148E+02   -0.184439776089109930E+01    0.363056566674187842E+00    0.692450799161298397E-01   -0.999999998999999514E+91   -0.415195633965034450E+01    1
    0.122908209512687030E+02    0.137457553933123080E+02    0.100986180037631499E+02   -0.122450355069168668E+00   -0.999999998999999514E+91   -0.417195633965034762E+01    1
    0.800114480588922738E+01    0.116426440002280049E+02    0.435062734407662433E+01   -0.149963905660948610E+00   -0.999999998999999514E+91   -0.419195633965034720E+01    1
    0.114618000079232907E+02    0.815914156510744526E+01    0.397784313923671062E+01   -0.115396021925791084E-01   -0.999999998999999514E+91   -0.421195633965034677E+01    1
    0.351251985184050426E+02   -0.658555354914093272E+01    0.496223592895561083E+01    0.787625828731791655E-02   -0.999999998999999514E+91   -0.423195633965034279E+01    1
   -0.114711308217580132E+02   -0.321945995183262035E+01    0.882017736926936280E+01   -0.297756494592591320E-01   -0.999999998999999514E+91   -0.425195633965034059E+01    1
    0.305166500827317222E+00    0.519599422371876862E+01    0.686071240180563535E-01   -0.832694220425978099E-01   -0.999999998999999514E+91   -0.427195633965034727E+01    1
    0.225519916172910229E+00    0.628068885392114140E+00    0.961459401443122630E+01   -0.220994764641008895E-01   -0.999999998999999514E+91   -0.429195633965034329E+01    1
   -0.986204422218776244E+00    0.101586032691286867E+02    0.894720826427986893E+00    0.127664645515595358E-01   -0.999999998999999514E+91   -0.431195633965034109E+01    1
   -0.182857009408549871E+02    0.909377104138602377E+01   -0.725778357538376540E+01   -0.683611619559037070E-01   -0.999999998999999514E+91   -0.433195633965034244E+01    1
   -0.116836102294842625E+01    0.419399895550593538E+01    0.578561368027723244E+01   -0.969317373716183373E-01   -0.999999998999999514E+91   -0.435195633965034201E+01    1
   -0.306006031700663961E+01    0.787480117891892561E+01    0.900020537240053464E+01    0.152578159405178417E-01   -0.999999998999999514E+91   -0.437195633965034336E+01    1
   -0.588094701208198600E+01    0.114910672449948503E+01    0.260770853856016105E+01   -0.113770751717346158E+00   -0.999999998999999514E+91   -0.439195633965034649E+01    1
    0.283345019535871590E+01   -0.933702835634089290E+00    0.726785195758963276E+01   -0.373660899022811022E-02   -0.999999998999999514E+91   -0.441195633965034784E+01    1
    0.228846747553215906E+02    0.165925444401328681E+01    0.487948999987801280E+00   -0.137505205207329784E+00   -0.999999998999999514E+91   -0.443195633965034474E+01    1
    0.169471827504055170E+02    0.382522777047159224E+01    0.111974326694631827E+02   -0.104470575866593654E+00   -0.999999998999999514E+91   -0.445195633965034343E+01    1
    0.123130726286607661E+01   -0.322659841220174215E-01   -0.758499383807902383E+00    0.548391838562205039E-01   -0.999999998999999514E+91   -0.447195633965034745E+01    1
    0.166951481499481282E+02   -0.416788085898321903E+01    0.495092404316562629E+01    0.282691372898807525E+00   -0.999999998999999514E+91   -0.449195633965034435E+01    1
    0.227186212240117857E+01   -0.149230955732909010E+00    0.116414272457584183E+02    0.424180823247192855E-02   -0.999999999899999928E+90   -0.451195633965034482E+01    1
    0.351748731096348592E+02   -0.345559640211873464E+00    0.119805684793310050E+02   -0.984001267901342264E-01   -0.999999999799999890E+90   -0.453195633965034705E+01    1
    0.161382831673083622E+02    0.378699179672111708E+01    0.476335692069526750E+01   -0.806703250302695379E-01   -0.999999999699999851E+90   -0.455195633965034396E+01    1
   -0.940305287265443468E+01   -0.393976499355661680E+01   -0.184142315676356905E+01    0.187750909311060782E+00   -0.999999999599999813E+90   -0.457195633965034354E+01    1
    0.821255882823849781E+01   -0.132264225636541344E+01    0.423245494630700492E+00   -0.359896388201410636E-01   -0.999999999499999774E+90   -0.459195633965034666E+01    1
    0.101062854408933305E+02    0.897054667655877047E+01    0.624189087677148535E+01   -0.141625132526037811E+00   -0.999999999399999736E+90   -0.461195633965034801E+01    1
   -0.458629241883008021E+00    0.914496044101368533E+01    0.395171166983045552E+00    0.137523268948304939E+00   -0.999999999299999697E+90   -0.463195633965034759E+01    1
    0.201893976695878674E+01    0.308664748280417012E+01    0.165384598720941867E+01   -0.111097749279318411E+00   -0.999999999199999659E+90   -0.465195633965034716E+01    1
    0.127762559509031739E+02    0.100346267798139230E+02    0.870652628490557845E+01   -0.160158445408205730E+00   -0.999999999099999621E+90   -0.467195633965034407E+01    1
    0.108124089449974186E+02   -0.541316573172138682E+01    0.110417010887927916E+02    0.793886680727176469E-01   -0.999999998999999582E+90   -0.469195633965034364E+01    1
    0.983687581493897412E+01    0.388518833779226824E+01   -0.130701811084902584E+02    0.125972768245825040E+00   -0.191847084855637630E+06   -0.471195633965034677E+01    1
    0.277008972984821291E+02    0.921154668248728470E+01   -0.116577524639670518E+02    0.338549233192336901E-01   -0.182590965367285156E+06   -0.473195633965034634E+01    1
    0.409611369464445385E+01    0.586426736976150398E+01   -0.791997017225496691E+01    0.645236027982637184E-01   -0.112102846206335613E+06   -0.475195633965034325E+01    1
    0.279574874271348897E+02    0.108101544854417924E+02   -0.513270457927933244E+01    0.485221768217191599E-02   -0.858357126494085096E+05   -0.477195633965034460E+01    1
    0.390321404458383814E+01    0.395890047017995039E+01   -0.462653212467291119E+01    0.354611465412558724E-01   -0.672425736203055858E+05   -0.479195633965034506E+01    1
    0.212852276279414028E+02    0.183231564548380277E+02   -0.325100416191122932E+01    0.336522853632097788E-01   -0.588191880004389168E+05   -0.481195633965034641E+01    1
    0.117238322694204591E+02    0.709202382756207950E+01   -0.215350859397560690E+01    0.392600783579580837E-01   -0.390239343223598116E+05   -0.483195633965034776E+01    1
    0.173579050474879999E+02    0.827006462040535162E+01   -0.882693218607871977E+00    0.106173888300874181E+00   -0.214951517067196837E+05   -0.485195633965034734E+01    1
    0.616036387264228580E+01    0.415242694983578353E+01    0.237357692633122674E+00    0.537717604710275104E-01   -0.359564625421212759E+04   -0.487195633965034602E+01    1
    0.172611212522882944E+02    0.455902421527870150E+01    0.430578129372674034E+00    0.633439103176743484E-01   -0.123048851690416814E+04   -0.489195633965034382E+01    1
    0.182669114395866075E+02    0.574806914668458990E+01    0.123391577819510445E+02    0.209595914350141466E+00    0.111268049057772078E+04   -0.491195633965034428E+01    1
    0.149297281746492416E+02    0.226364346145575679E+01    0.297209062380866129E+01    0.168061378339377954E+00    0.157607714221250353E+04   -0.493195633965034563E+01    1
    0.117624055146858257E+02    0.399702328256192452E+01    0.997404583599461603E+00    0.123822344958445657E+00    0.158240700025471597E+04   -0.495195633965034610E+01    1
    0.102499921874171989E+02    0.218680678875306178E+00    0.579969422791759559E+01    0.166151517487285183E+00    0.160051695701003223E+04   -0.497195633965034567E+01    1
    0.130849446619083309E+02    0.887409413477652720E+01    0.221767936503032725E+01    0.163403758743994654E+00    0.160155170875825570E+04   -0.499195633965034435E+01    1
    0.217921933262955481E+01    0.129423050888523328E+01    0.324041426121727039E+01    0.162611885236223497E+00    0.164331561704021078E+04   -0.501195633965034304E+01    1
    0.114059178979538753E+02    0.141755041178965513E+01    0.705806608799212487E+01    0.161299263093889117E+00    0.166038242033813322E+04   -0.503195633965034617E+01    1
    0.102636857098433651E+02    0.248972930501714771E+02    0.142426873229148576E+02    0.155858207155607692E+00    0.172898222967655943E+04   -0.505195633965034840E+01    1
    0.160890038032717584E+02    0.123179672561271190E+02    0.468168228780849027E+01    0.151524158662437708E+00    0.178465667314003531E+04   -0.507195633965034709E+01    1
    0.166115604666380570E+02    0.107466571730151763E+02    0.157419002852786196E+02    0.149756000628095298E+00    0.180784900251780550E+04   -0.509195633965034755E+01    1
    0.535193227007190497E+01    0.649430487354069719E+00    0.780511842927288146E+01    0.147346882307728300E+00    0.183956894107759672E+04   -0.511195633965034979E+01    1
    0.167306468834537512E+02    0.193658195817266972E+02    0.556245644466451239E+01    0.144382553154863785E+00    0.187903878115359953E+04   -0.513195633965034936E+01    1
    0.197814207520483194E+02    0.147738025244004625E+02    0.762172322346515863E+01    0.141991320208117916E+00    0.191131301737549052E+04   -0.515195633965034716E+01    1
    0.258439349174215138E+02    0.120168481853477669E+02    0.170862742455548684E+02    0.140371967402668829E+00    0.193334927144039625E+04   -0.517195633965034318E+01    1
    0.118189697495149186E+02    0.452080293265833077E+01    0.828494082886964911E+00    0.543146497718399249E-01    0.197601315263103038E+04   -0.519195633965034276E+01    1
    0.184308159575653505E+02    0.193643533152086489E+01    0.106497179441433829E+02    0.135217870340097579E+00    0.200458160541532243E+04   -0.521195633965034766E+01    1
    0.274425713070796000E+02    0.515785634135863447E+01    0.798296726143545321E+01    0.134255176763158790E+00    0.201807541055638944E+04   -0.523195633965034546E+01    1
    0.137929631478085035E+02    0.563270787638030335E+01    0.216656609017074775E+01    0.128757324372502729E+00    0.207062689696982898E+04   -0.525195633965034858E+01    1
    0.176936426675033225E+02    0.108392726288852188E+02    0.113655411934725521E+02    0.123700795473859398E+00    0.217010324072410685E+04   -0.527195633965034727E+01    1
    0.106208156832492016E+02    0.850776048645879257E+01    0.450069315232108913E+01    0.118607486669692549E+00    0.224613026952772907E+04   -0.529195633965034684E+01    1
    0.355579962369815235E+02    0.125072648282744270E+01    0.202113846568001421E+01    0.116394176086700774E+00    0.227260575749490044E+04   -0.531195633965034553E+01    1
    0.107003477912618674E+02    0.751718688275531832E+01    0.834692648896865741E+01    0.110502835378701203E+00    0.237154140228976985E+04   -0.533195633965034510E+01    1
    0.256605350961940104E+02    0.792917837189591523E+00    0.648873706600574263E+01    0.973048202643043841E-01    0.258700476085916398E+04   -0.535195633965034645E+01    1
    0.220630395591743564E+02    0.652570285218040524E+01    0.134606342717668159E+01    0.796572553641870656E-01    0.259300294038561424E+04   -0.537195633965034780E+01    1
    0.159451214395937608E+02    0.394650434190331367E+01    0.148849230599376465E+02    0.895609419534061785E-01    0.272063168720874728E+04   -0.539195633965034649E+01    1
    0.349827889062900894E+02    0.133915890587606334E+02    0.984353477559627521E+01    0.876147428368403564E-01    0.275510838052650433E+04   -0.541195633965034428E+01    1
    0.157708444731351705E+02    0.175620555989550375E+02    0.999285315454952183E+01    0.870262865565449711E-01    0.276560549549420648E+04   -0.543195633965034563E+01    1
    0.181576203141866692E+02    0.697205227694535079E+01    0.102580497067930310E+02    0.861426510038517390E-01    0.278143210638178289E+04   -0.545195633965034521E+01    1
    0.342756192233488122E+02    0.157508336528006829E+02    0.485949532501945303E+01    0.856641277602675777E-01    0.278994086826891453E+04   -0.547195633965034389E+01    1
    0.125631343541476319E+02    0.786287354804854743E+01    0.701059352855986972E+01    0.836707179225630038E-01    0.282611800773555206E+04   -0.549195633965034791E+01    1
    0.300331602229367931E+02    0.894979677702609955E+01    0.156305724732683320E+02    0.832291322356455560E-01    0.283416592857164142E+04   -0.551195633965034570E+01    1
    0.942661390085504358E+01    0.828783619008557437E+01    0.453989029369257491E+01    0.831743828757654513E-01    0.283502521213170075E+04   -0.553195633965034705E+01    1
    0.205323106194219562E+00    0.875013004816496220E+01    0.309118088148201897E+01    0.821169584386296642E-01    0.283534607131802613E+04   -0.555195633965034929E+01    1
    0.113665372372858187E+02    0.839161964952697126E+00    0.951013777543614225E+01    0.725644819371166344E-01    0.303466483752410295E+04   -0.557195633965034887E+01    1
    0.102793881909264169E+02    0.703720275112255500E+01    0.107158765304472325E+02    0.708493420452383366E-01    0.306804510005146403E+04   -0.559195633965034755E+01    1
    0.172570912278264466E+02    0.449743355815871038E+01    0.450321982989782477E+01    0.697685819957304942E-01    0.308917853434359085E+04   -0.561195633965034801E+01    1
    0.423392553838103325E+01    0.925566433777015973E+01    0.972692293361976823E+01    0.686044722360731607E-01    0.311222460409867881E+04   -0.563195633965034670E+01    1
    0.111202728647996825E+02    0.672343341352856783E+00    0.752570958971215376E+01    0.624469152577151604E-01    0.323630203009448223E+04   -0.565195633965034716E+01    1
    0.108043113104120714E+01    0.149079180672782776E+02    0.851266044715578651E+01    0.619602277071860316E-01    0.324629189428330528E+04   -0.567195633965034851E+01    1
    0.244890652081982942E+02    0.550481278793476392E+01    0.171136757072716144E+02    0.611571937787107472E-01    0.326283445491386829E+04   -0.569195633965034720E+01    1
    0.117809347050901927E+02    0.118340327382754538E+02    0.746373636071495028E+01    0.586964590035010531E-01    0.331398349724530954E+04   -0.571195633965034943E+01    1
    0.124083443510818920E+02    0.116504892002938476E+01    0.125688032862452896E+02    0.579256127041293881E-01    0.333014908029252183E+04   -0.573195633965034812E+01    1
    0.732685237072738360E+00    0.117460240119923078E+02    0.258808592641005575E+01    0.548480309836694366E-01    0.333120724478225384E+04   -0.575195633965034769E+01    1
    0.205505289716541988E+02    0.603713581005962396E-01    0.837460568901883029E+01    0.575352485345114878E-01    0.333836122900416512E+04   -0.577195633965034816E+01    1
    0.186017017187293465E+01    0.525178981299865200E+01    0.228032754446924502E+01    0.545479405281225072E-01    0.335890124751383428E+04   -0.579195633965034773E+01    1
    0.169384732425012992E+02    0.455346272924626838E+01    0.504584903035106258E+01    0.535711017416022339E-01    0.342272043548009606E+04   -0.581195633965034908E+01    1
    0.401107502682129180E+01    0.391384058328408990E+01    0.973198180013874392E+01    0.532910524539668418E-01    0.342876716259279601E+04   -0.583195633965034954E+01    1
    0.209545932182992445E+00    0.703159505449686861E+00    0.132396322327626859E+01    0.443613400423329904E-01    0.342978225304109537E+04   -0.585195633965034823E+01    1
    0.160892221367999149E+02    0.220783606649414121E+01    0.254171457064543471E+01    0.521765115473358382E-01    0.344915594485577549E+04   -0.587195633965034691E+01    1
    0.175641879638105607E+02    0.241729978471373457E+02    0.126074157388302197E+02    0.519509413831619610E-01    0.345773633469451988E+04   -0.589195633965034649E+01    1
    0.143466454557992460E+02    0.681050749794461030E+01    0.221286543120892665E+01    0.490037525252755429E-01    0.349270581379207306E+04   -0.591195633965034695E+01    1
    0.871595003527216505E+01    0.449755870738813801E+01    0.852170052528250288E+01    0.487220332495341968E-01    0.352835555984197072E+04   -0.593195633965034741E+01    1
    0.176167333503369541E+02    0.523334663059473293E+01    0.702055159407739282E+01    0.470437477138888754E-01    0.356550934964334101E+04   -0.595195633965034698E+01    1
    0.111479738280674887E+02    0.529484634978787660E+01    0.884380425494681077E+01    0.465537842825620440E-01    0.357641296798729581E+04   -0.597195633965034833E+01    1
    0.251312683267775192E+02    0.163361800802376145E+01    0.149711254208118199E+02    0.462167979292641140E-01    0.358392668279835652E+04   -0.599195633965034702E+01    1
    0.163238536889268460E+02    0.176722227540001953E+02    0.624258453408737424E+01    0.461157473135673998E-01    0.358617716714615608E+04   -0.601195633965034926E+01    1
    0.310972870705203430E+01    0.115294465537354753E+02    0.324466566290821579E+01    0.453084462913783195E-01    0.359818754961019249E+04   -0.603195633965035061E+01    1
    0.289695440523233962E+02    0.110401211181022454E+02    0.160793416282926227E+01    0.350664954430176534E-01    0.360722198743160789E+04   -0.605195633965034840E+01    1
    0.175681367766893572E+02    0.660399209730108616E+01    0.248781999200357529E+01    0.438798495949476314E-01    0.362392856056375967E+04   -0.607195633965034798E+01    1
    0.136745707936610366E+02    0.143803845363538274E+01    0.872000474382920743E+01    0.429280955396848518E-01    0.365786250758897404E+04   -0.609195633965034844E+01    1
    0.202030913850045586E+02    0.845374219598446608E+01    0.139793443770375063E+02    0.422678926384828582E-01    0.367283353391665605E+04   -0.611195633965034713E+01    1
    0.101692378724562431E+02    0.911349238783042992E+01    0.130131504466862502E+02    0.394875796436220949E-01    0.373632027177088867E+04   -0.613195633965034759E+01    1
    0.223828158293838264E+02    0.102639853964537835E+02    0.925192913593912358E+01    0.382713187153014903E-01    0.376430186999525677E+04   -0.615195633965034894E+01    1
    0.179155701450823130E+02    0.136385454978093215E+02    0.119048323991577405E+02    0.379956736971499495E-01    0.377065985797102212E+04   -0.617195633965035029E+01    1
    0.117786220218622120E+02    0.144789581719472551E+02    0.622375978074209701E+01    0.378487055434504685E-01    0.377404804956532143E+04   -0.619195633965035164E+01    1
    0.189125824905261801E+02    0.607269608058297727E+01    0.537832882708732196E+01    0.375943934524022305E-01    0.377991658685847915E+04   -0.621195633965035210E+01    1
    0.115470436512720003E+02    0.406757746565838563E+01    0.891706597498834341E+01    0.361881400107850332E-01    0.381249205367688137E+04   -0.623195633965034990E+01    1
    0.188408889912564455E+02    0.361133164842318077E+01    0.484865418716460095E+01    0.346229994198252108E-01    0.384887438720869204E+04   -0.625195633965034769E+01    1
    0.166617262464120834E+02    0.688583217697255812E+01    0.516836599397237428E+01    0.342859312042613842E-01    0.385673338222495204E+04   -0.627195633965034904E+01    1
    0.180978699421565636E+01    0.904747952747615614E+01    0.214291750393535008E+01    0.295029400920092319E-01    0.386386246907642817E+04   -0.629195633965034951E+01    1
    0.134651837622624448E+02    0.130816538868912335E+01    0.109181018306600102E+02    0.334484105885973632E-01    0.387630167886237041E+04   -0.631195633965034819E+01    1
    0.938449350196843390E+01    0.122139057333367518E+02    0.751074062246106777E+01    0.332217427371585203E-01    0.388159879896830716E+04   -0.633195633965034865E+01    1
    0.627059854908496650E+01    0.177321520198185079E+01    0.120359051810563695E+02    0.332167449018389016E-01    0.388171585279188866E+04   -0.635195633965034823E+01    1
    0.166625237330720140E+02    0.549414814708552779E+01    0.199923235681697342E+01    0.304971153801341897E-01    0.390599304360092401E+04   -0.637195633965034602E+01    1
    0.156759227233612037E+02    0.269904579273786149E+01    0.618833294136420342E+01    0.286760254059217554E-01    0.398818440727499546E+04   -0.639195633965035004E+01    1
    0.205213811721782768E+02    0.102004316242807924E+01    0.102873093692793987E+02    0.284773081564480661E-01    0.399285147699792333E+04   -0.641195633965034961E+01    1
    0.102083582918205611E+02    0.160284170286860617E+01    0.857397309926339446E+01    0.281932955060455771E-01    0.399952052970607201E+04   -0.643195633965034830E+01    1
    0.303082750602140472E+01    0.862058948562906124E+01    0.674629909902800762E+01    0.274552661630490281E-01    0.401684529477102114E+04   -0.645195633965035142E+01    1
    0.902370943557471428E+01    0.783313360959926541E+00    0.105923460445669466E+02    0.268969256776267068E-01    0.402994736312420537E+04   -0.647195633965035011E+01    1
    0.175873962800562822E+02    0.311977095549515671E+01    0.157330258930616633E+02    0.265857046948058048E-01    0.403724622557972953E+04   -0.649195633965035057E+01    1
    0.139102380070210323E+02    0.678178273970783430E+01    0.469810439673748093E+01    0.248532282793148054E-01    0.407776279595129790E+04   -0.651195633965035370E+01    1
    0.671576463831483395E+01    0.816556857316020412E+01    0.259504840135530968E+01    0.241717102155818639E-01    0.407996199435562721E+04   -0.653195633965035416E+01    1
    0.229290705784841720E+02    0.132720785042568785E+02    0.314793764990899172E+01    0.245247696781865678E-01    0.408211390529322716E+04   -0.655195633965035018E+01    1
    0.113180920246749039E+02    0.779415359720330692E+01    0.814895366371245444E+01    0.246273047534711839E-01    0.408308099189958057E+04   -0.657195633965035064E+01    1
    0.221446689789953268E+02    0.112470129395033958E+02    0.440549437455601378E+01    0.244648643847505780E-01    0.408675512886434626E+04   -0.659195633965035022E+01    1
    0.338718172751528890E+01    0.753818514045666266E+01    0.177886763068747022E+02    0.238631145395765722E-01    0.410090289052316075E+04   -0.661195633965034890E+01    1
    0.187250171629657807E+02    0.138199065054329004E+02    0.505660511439120075E+01    0.234986510177733580E-01    0.410935362765975606E+04   -0.663195633965035203E+01    1
    0.239292565220642715E+02    0.232383575621082850E+01    0.529007919719474096E+01    0.228200088690728164E-01    0.412514499102434729E+04   -0.665195633965034894E+01    1
    0.862958837686876201E+01    0.819003827333755474E+01    0.127187893726566159E+02    0.225095342927959415E-01    0.413234276465664698E+04   -0.667195633965034851E+01    1
    0.127952890783979907E+02    0.316088408859074788E+01    0.968249244013117227E+01    0.225017153870798112E-01    0.413252381678618713E+04   -0.669195633965035075E+01    1
    0.273967319721586442E+02    0.684944175405154709E+01    0.131002757886848009E+02    0.221566750475733903E-01    0.414050625133256653E+04   -0.671195633965034943E+01    1
    0.167630763139375887E+02    0.173654972499937372E+02    0.913314717828574096E+01    0.218487177189801152E-01    0.414761825958215832E+04   -0.673195633965034901E+01    1
    0.947648348875645041E+01    0.433170931501968770E+01    0.199589834264862418E+02    0.209975839683621233E-01    0.416720650968935388E+04   -0.675195633965034947E+01    1
    0.176278218949270524E+02    0.481246720356335622E+01    0.138456661413685751E+02    0.205836944003944602E-01    0.417669196011081385E+04   -0.677195633965034993E+01    1
    0.212622047427329726E+02    0.331497191333905761E+01    0.410680862973065786E+01    0.199089126278129032E-01    0.419203285671561298E+04   -0.679195633965034951E+01    1
    0.118788894620699335E+02    0.665873630979485220E+01    0.233331836243227908E+01    0.190370935667707464E-01    0.419426957820029111E+04   -0.681195633965035174E+01    1
    0.134788731971889018E+02    0.108972951901795092E+02    0.142612306116254892E+02    0.197042472125842395E-01    0.419674806667368921E+04   -0.683195633965035309E+01    1
    0.102043042335031995E+02    0.606106138308800002E+01    0.961338012212745952E+01    0.196869479481205090E-01    0.419714112505384765E+04   -0.685195633965035089E+01    1
    0.143249822863939080E+02    0.121177825297584238E+02    0.442028010918600156E+01    0.196734832973600518E-01    0.419732860514759977E+04   -0.687195633965034780E+01    1
    0.829391253570409859E+01    0.723966612396834996E+01    0.488443644050158454E+01    0.191193991700172594E-01    0.420997391127101582E+04   -0.689195633965035004E+01    1
    0.163260959292043744E+02    0.371905867545205204E+01    0.784873549077788724E+01    0.190810166663203072E-01    0.421086995008629310E+04   -0.691195633965035228E+01    1
    0.260883238560075839E+02    0.382454914073411789E+01    0.627360061053845808E+01    0.190137435283048509E-01    0.421238894337288366E+04   -0.693195633965035185E+01    1
    0.162004971198135017E+02    0.178830346724167200E+01    0.501113014544519420E+01    0.188245454061949855E-01    0.421665323548532524E+04   -0.695195633965035054E+01    1
    0.215199404466022841E+02    0.234269527845692371E+01    0.766542255745670165E+01    0.187376570810833289E-01    0.421861441979955453E+04   -0.697195633965035100E+01    1
    0.246967232023231169E+02    0.806837204196930280E+01    0.160484072612397277E+01    0.111699695086048215E-01    0.421992084773988881E+04   -0.699195633965035235E+01    1
    0.832056427212656224E+01    0.857610340529456927E+01    0.754967589087498681E+01    0.185892725398972419E-01    0.422195279574269989E+04   -0.701195633965035281E+01    1
    0.106335953300549058E+02    0.378421130398015393E+01    0.971091791638168722E+01    0.172873111891831792E-01    0.425100714033450731E+04   -0.703195633965034972E+01    1
    0.959828979810457206E+01    0.103474704526383476E+02    0.833088431242923733E+01    0.170738360006086817E-01    0.425572652159139670E+04   -0.705195633965034840E+01    1
    0.411394036821581199E+01    0.419154746754838214E+01    0.184428028685234668E+01    0.130304926246620888E-01    0.427692285709945918E+04   -0.707195633965035153E+01    1
    0.172678504648644591E+02    0.147673355769840651E+02    0.711402507847639054E+01    0.158649453378990994E-01    0.428218092755134057E+04   -0.709195633965035288E+01    1
    0.689783679303609176E+01    0.546910346057359753E+01    0.703953100870919179E+01    0.156619592974743538E-01    0.428657417537002038E+04   -0.711195633965035245E+01    1
    0.131824677800522103E+02    0.700777005232541939E+00    0.961324012309473019E+01    0.156274144143008741E-01    0.428732047210557903E+04   -0.713195633965035203E+01    1
    0.119710016792683707E+02    0.475143105631744334E+01    0.285915467536987089E+01    0.151987570455877283E-01    0.429420983891412925E+04   -0.715195633965034983E+01    1
    0.766532788601262460E+01    0.440847853352873731E+01    0.977322112290451628E+01    0.148159818416052757E-01    0.430471493560899944E+04   -0.717195633965034851E+01    1
    0.155890915894570448E+02    0.315795995313239919E+01    0.180242046072568236E+02    0.142121629945865576E-01    0.431748309507192698E+04   -0.719195633965035075E+01    1
    0.185331941294274358E+02    0.770085278339179702E+01    0.125760703516653649E+02    0.140465647812856639E-01    0.432095659939032703E+04   -0.721195633965035299E+01    1
    0.134095104773355462E+02    0.150133878431859582E+02    0.322847015365689671E+01    0.138853394366621214E-01    0.432157819514499897E+04   -0.723195633965035256E+01    1
    0.168826916513912124E+02    0.796552187493499186E+01    0.372478728326347497E+01    0.138918663861618448E-01    0.432387440019067981E+04   -0.725195633965035302E+01    1
    0.209831015832627834E+02    0.146859523688272509E+01    0.110082616293075759E+02    0.132672145613141387E-01    0.433712896528312012E+04   -0.727195633965035437E+01    1
    0.139355914440904201E+02    0.156741552059236575E+02    0.119152129806684055E+02    0.127941997705399244E-01    0.434679448230889466E+04   -0.729195633965035395E+01    1
    0.408724281384009203E+01    0.416658558582175687E+01    0.333895632762246475E+01    0.127448037166755165E-01    0.434698056584498499E+04   -0.731195633965035352E+01    1
    0.105545726532689343E+02    0.719910456245811936E+01    0.343003622626416593E+01    0.126936323773759949E-01    0.434812836565439102E+04   -0.733195633965035043E+01    1
    0.120565576480244125E+02    0.451841099239174770E+01    0.137179861029974610E+02    0.124690530905238583E-01    0.435336793433803996E+04   -0.735195633965034823E+01    1
    0.279432327960093438E+02    0.385593605875177570E+01    0.765024306428005740E+01    0.121778715355388666E-01    0.435920348924444716E+04   -0.737195633965034958E+01    1
    0.246972419372302365E+01    0.601865027879459547E+01    0.641441247747593479E+01    0.120391117705887264E-01    0.436196581561123003E+04   -0.739195633965035004E+01    1
    0.131243052983690216E+02    0.733915825285045464E+01    0.161738809485137480E+02    0.119382566989018439E-01    0.436396792033421661E+04   -0.741195633965035050E+01    1
    0.305745279995651060E+02    0.918855948473969342E+00    0.114604880933171458E+02    0.119160584695190211E-01    0.436440753665483226E+04   -0.743195633965035007E+01    1
    0.823945881049759343E+01    0.150390015146383202E+02    0.108138419580980756E+02    0.118446158909102234E-01    0.436582033130623768E+04   -0.745195633965035054E+01    1
    0.306766452007984611E+02    0.700661528870723949E+01    0.630145608910411426E+01    0.113981113962140588E-01    0.437457666528053051E+04   -0.747195633965035100E+01    1
    0.260610895261269349E+02    0.512380832107972228E+01    0.426914858462128510E+01    0.110704345738258172E-01    0.438088629083756587E+04   -0.749195633965035235E+01    1
    0.134449818779572929E+02    0.565407503348005758E+01    0.741012245593215724E+01    0.109641884017937837E-01    0.438296115967410242E+04   -0.751195633965035281E+01    1
    0.259004974015057705E+02    0.168881314582772752E+02    0.369679214113315302E+01    0.105517421522557404E-01    0.439025084176739983E+04   -0.753195633965035150E+01    1
    0.110860163464389352E+02    0.111620282777922384E+02    0.600195280076571436E+01    0.100443289226635011E-01    0.440028910454086781E+04   -0.755195633965035285E+01    1
    0.383629485724348740E+00    0.119400836615143717E+02    0.496247990118472337E+01    0.999081338556185444E-02    0.440115507010830243E+04   -0.757195633965035242E+01    1
    0.839920960314615428E+01    0.121448768174243646E+02    0.103418874799197980E+02    0.983149102640630199E-02    0.440420809514957728E+04   -0.759195633965035110E+01    1
    0.156230898354351879E+02    0.105638355509326285E+02    0.933532775524916936E+01    0.979611114661262279E-02    0.440485579266622335E+04   -0.761195633965035423E+01    1
    0.954708398664779168E+01    0.777771800811958869E+01    0.116800910015082451E+02    0.978845363939842908E-02    0.440499584561143183E+04   -0.763195633965035558E+01    1
    0.151477470342126921E+02    0.135476644231328258E+02    0.162834522128991495E+02    0.954594900005841136E-02    0.440940619463870007E+04   -0.765195633965035427E+01    1
    0.166183414897902892E+02    0.117106210208618489E+01    0.113812302637978853E+02    0.937042183460109340E-02    0.441256771891367134E+04   -0.767195633965035118E+01    1
    0.156833010540029552E+02    0.152274010483965760E+02    0.979802520639190888E+01    0.934894609145714775E-02    0.441295272488870251E+04   -0.769195633965035253E+01    1
    0.169462529264849699E+02    0.672861857465003776E+01    0.688241437157795755E+01    0.922218646744743867E-02    0.441521699568899930E+04   -0.771195633965035210E+01    1
    0.112824856059018757E+02    0.304201815262773279E+01    0.826426086684841188E+01    0.914275497369375530E-02    0.441662882457803971E+04   -0.773195633965035167E+01    1
    0.117868221774527164E+02    0.248268282091977781E+02    0.637665565679991264E+01    0.871685189110952240E-02    0.442410081178492601E+04   -0.775195633965035391E+01    1
    0.417330216617152416E+01    0.127036217174510391E+02    0.926168881982482262E+01    0.867935478575797281E-02    0.442475169454091065E+04   -0.777195633965035348E+01    1
    0.109310882780269498E+02    0.106996222745400100E+02    0.960306382231351208E+01    0.863780356482645763E-02    0.442547035335682995E+04   -0.779195633965035306E+01    1
    0.166951078197787091E+02    0.158954235435449611E+02    0.537972053751320445E+01    0.860541261777429678E-02    0.442602401392964020E+04   -0.781195633965035174E+01    1
    0.329638693683351534E+02    0.883242282127308620E+01    0.123307711291639244E+02    0.860178021862462172E-02    0.442609208232059791E+04   -0.783195633965035132E+01    1
    0.489076991300271047E+00    0.193160614401471804E+02    0.889748463809806189E+01    0.849112545764266896E-02    0.442799412101176586E+04   -0.785195633965035533E+01    1
    0.587840491661883835E+01    0.159169296644293397E+02    0.506658827895608255E+01    0.838469174362034206E-02    0.442979045042795588E+04   -0.787195633965035579E+01    1
    0.258215333373836415E+02    0.497714735862624380E-01    0.652512385416887231E+01    0.835010507314222147E-02    0.443040103892798652E+04   -0.789195633965035537E+01    1
    0.129839750485054246E+02    0.318024622543070290E+01    0.813714557654753001E+01    0.829155932468668769E-02    0.443139456616532425E+04   -0.791195633965035583E+01    1
    0.296374823171273469E+02    0.952304210457250555E+01    0.234154138040410986E+01    0.729955146402081357E-02    0.443176189567734036E+04   -0.793195633965035185E+01    1
    0.193327616661056823E+02    0.267052699484218437E+01    0.118114930771293984E+02    0.803540319125044429E-02    0.443570135867314912E+04   -0.795195633965035142E+01    1
    0.203088005761094834E+02    0.113958575446112675E+02    0.144159254562371437E+02    0.792016896950404996E-02    0.443761705817888651E+04   -0.797195633965035189E+01    1
    0.184797510045992652E+00    0.137999782274306177E+02    0.664534004253867927E+01    0.768654625807554167E-02    0.444145534918108388E+04   -0.799195633965035235E+01    1
    0.249875779080033738E+02    0.925171069485794817E+01    0.457135498701552034E+01    0.750434335445500627E-02    0.444439676858795337E+04   -0.801195633965035192E+01    1
    0.295387848619661035E+02    0.102739670631761424E+02    0.111194972272380816E+02    0.740644271564977561E-02    0.444598678222196759E+04   -0.803195633965034972E+01    1
    0.896424380444955560E+01    0.105757973212977028E+02    0.818174549380112737E+01    0.728514818889744453E-02    0.444792089858711370E+04   -0.805195633965035107E+01    1
    0.109208010882835005E+02    0.622780674934373302E+01    0.504520586255244030E+01    0.725389590007476798E-02    0.444841191137179248E+04   -0.807195633965035420E+01    1
    0.116952808446055521E+02    0.862328553477251702E+01    0.967697922229027796E+01    0.712193472859855726E-02    0.445049721947608396E+04   -0.809195633965035555E+01    1
    0.789460564518358243E+01    0.762821077035377471E+01    0.114344737248654624E+02    0.711918717421304147E-02    0.445054032886847381E+04   -0.811195633965035512E+01    1
    0.734568730306991391E+01    0.643544419435873394E+01    0.678287356986097478E+01    0.693489612720487019E-02    0.445341176578823251E+04   -0.813195633965035292E+01    1
    0.239280351096555712E+02    0.117560987692431347E+02    0.162678366640459835E+02    0.680536981201399112E-02    0.445540610689782989E+04   -0.815195633965035249E+01    1
    0.416006141456361256E+01    0.432388656424190465E+01    0.821603555205032876E+01    0.666708254448156266E-02    0.445751301827696534E+04   -0.817195633965035206E+01    1
    0.240644051176973122E+02    0.741347604224064760E+00    0.113037130848888268E+02    0.654871622738447626E-02    0.445929787019948799E+04   -0.819195633965035341E+01    1
    0.149004132838419814E+02    0.280422620013602186E+01    0.470286630946806827E+01    0.643122863370354948E-02    0.446104885584259500E+04   -0.821195633965035476E+01    1
    0.858938354507786883E+01    0.527500467427191300E+01    0.982093622053870874E+01    0.641260276228267957E-02    0.446132880908896550E+04   -0.823195633965035434E+01    1
    0.536399438248050942E+01    0.212147177335313541E+01    0.139911325340237784E+02    0.624338997290387488E-02    0.446382092245253807E+04   -0.825195633965035569E+01    1
    0.139192484730849735E+02    0.111854992391571706E+02    0.856771971290815237E+01    0.588783907979813833E-02    0.446893581182691196E+04   -0.827195633965035348E+01    1
    0.152330132037454788E+02    0.200244321767092117E+02    0.139126139847759607E+02    0.587040894451030301E-02    0.446918222256118861E+04   -0.829195633965035483E+01    1
    0.876068693459139070E+01    0.267783094642840114E+01    0.417099076236313326E+01    0.566500248552188630E-02    0.447203731573295772E+04   -0.831195633965035618E+01    1
    0.228175377601942841E+02    0.166157667258352255E+02    0.109927471878651026E+02    0.564088759692557475E-02    0.447238814657115381E+04   -0.833195633965035576E+01    1
    0.142244940824173778E+02    0.398799606466218659E+01    0.196579486618712664E+02    0.553107762639251568E-02    0.447389603417197031E+04   -0.835195633965035533E+01    1
    0.178029323888241997E+01    0.273972412436535517E+01    0.806955019277243757E+01    0.542560372410059912E-02    0.447532826712997576E+04   -0.837195633965035313E+01    1
    0.258459528061379444E+02    0.333237992607388023E+01    0.647998684404809566E+01    0.466786820393112409E-02    0.448513315807962772E+04   -0.839195633965035270E+01    1
    0.159988076149153144E+02    0.202399552471636124E+01    0.102993830231394945E+02    0.442564304481248613E-02    0.448807908047931414E+04   -0.841195633965035228E+01    1
    0.269115472935231601E+02    0.146620996452677499E+02    0.116575959381067431E+02    0.436369012432744584E-02    0.448881719366676498E+04   -0.843195633965035363E+01    1
    0.134625200745697367E+02    0.536525673858474139E+01    0.714299436297896051E+01    0.433103614119190877E-02    0.448920369106161979E+04   -0.845195633965035320E+01    1
    0.206601208324570251E+02    0.147727020574500987E+02    0.135148764665602350E+02    0.417715571441375135E-02    0.449100097996421391E+04   -0.847195633965035455E+01    1
    0.710814172939953792E+01    0.235131379466178370E+01    0.158996440446263438E+02    0.410774708357091074E-02    0.449179855155279438E+04   -0.849195633965035412E+01    1
    0.127255331799138141E+02    0.285471367177739221E+01    0.661554007134458999E+01    0.380977213305915300E-02    0.449512780811188441E+04   -0.851195633965035547E+01    1
    0.240640819554365226E+01    0.195722367457602697E+01    0.298327269061316303E+01    0.351597271431471807E-02    0.449762670627388161E+04   -0.853195633965035505E+01    1
    0.181298760949011779E+02    0.115496158197738090E+02    0.819312231178148487E+01    0.354827769557246884E-02    0.449791914953324158E+04   -0.855195633965035285E+01    1
    0.293831784463527868E+00    0.301283207340021608E+01    0.113072731395682773E+02    0.350618708632876577E-02    0.449835675883352542E+04   -0.857195633965035242E+01    1
    0.342112358111378345E+01    0.128926322177853052E+02    0.161305160972144179E+02    0.332210004807105552E-02    0.450023176995067115E+04   -0.859195633965035377E+01    1
    0.134998732783644417E+02    0.218069352089728730E+01    0.315297043950183520E+01    0.322579379155144962E-02    0.450105119675625247E+04   -0.861195633965035512E+01    1
    0.157876566442016788E+02    0.684481641968946963E+01    0.827803722016701293E+01    0.315998258715955230E-02    0.450182961127085764E+04   -0.863195633965035647E+01    1
    0.114148079431318195E+01    0.453721859540231165E+01    0.112186100461585276E+02    0.313996140161422682E-02    0.450202341140758199E+04   -0.865195633965035782E+01    1
    0.108720820569540439E+02    0.134908379840414625E+02    0.840733034506955690E+01    0.307645126959502817E-02    0.450263299807433941E+04   -0.867195633965035384E+01    1
    0.104153271049872309E+02    0.189871352623056637E+02    0.689873935018963191E+01    0.293213571190558634E-02    0.450398867117887130E+04   -0.869195633965035341E+01    1
    0.217901941585736836E+02    0.672628668564732823E+01    0.575298998799141970E+01    0.290048767123509766E-02    0.450428066815470356E+04   -0.871195633965035476E+01    1
    0.620418894512786512E+01    0.160216100529792627E+02    0.625465447399371310E+01    0.274781021500732775E-02    0.450565925119331405E+04   -0.873195633965035611E+01    1
    0.257448647846039691E+02    0.743321542639320310E+01    0.788594525079485464E+01    0.274614420267256434E-02    0.450567371639367957E+04   -0.875195633965035569E+01    1
    0.354696111042349571E+01    0.736783287826806710E+01    0.125191436877697964E+02    0.268176454153296181E-02    0.450624051858040821E+04   -0.877195633965035526E+01    1
    0.137323744720705854E+01    0.238352755089793220E+02    0.682726205594243751E+01    0.266965227485566276E-02    0.450634585282788248E+04   -0.879195633965035483E+01    1
    0.915785740816572513E+01    0.251851578501920841E+02    0.110314768068451308E+02    0.265371218971896961E-02    0.450648480693462079E+04   -0.881195633965035441E+01    1
    0.146887461298193980E+02    0.324974685400998364E+01    0.102188989115123015E+02    0.255361551265824178E-02    0.450734305931907147E+04   -0.883195633965035398E+01    1
    0.111725364829726637E+01    0.382833453323867889E+01    0.966649363657920446E+01    0.253083822590527245E-02    0.450753540907325896E+04   -0.885195633965035533E+01    1
    0.682735071775281455E+01    0.138092256915154472E+02    0.104161885289963934E+02    0.237022055143590359E-02    0.450886036126523595E+04   -0.887195633965035491E+01    1
    0.146728518614771968E+02    0.739736490906191335E+01    0.586322680678742003E+01    0.220473145347496171E-02    0.451016753257450091E+04   -0.889195633965035626E+01    1
    0.380958036053203752E+01    0.134783269460228112E+02    0.163339380235050946E+02    0.217788890352968185E-02    0.451037323401226422E+04   -0.891195633965035761E+01    1
    0.207747057186475459E+02    0.684119809857074301E+01    0.749666468175477885E+01    0.217550212555655360E-02    0.451039151439689704E+04   -0.893195633965035896E+01    1
    0.220995587511407692E+02    0.466978975052382861E+01    0.620055222611265755E+01    0.215891473168651959E-02    0.451051824206208039E+04   -0.895195633965035675E+01    1
    0.570933655745551150E+01    0.450168502688247241E+01    0.346340027400484773E+01    0.213044572549558192E-02    0.451056798091360179E+04   -0.897195633965035633E+01    1
    0.100968389367919134E+02    0.120700868887278254E+02    0.628898787074789745E+01    0.215043058728972558E-02    0.451058296460728525E+04   -0.899195633965035590E+01    1
    0.143799732378818668E+02    0.674161944581201311E+01    0.958528079102948638E+01    0.214737690016987863E-02    0.451060572897811835E+04   -0.901195633965035547E+01    1
    0.791154218639977813E-01    0.960337236093126023E+01    0.666989934715402821E+01    0.212155417958671952E-02    0.451079992494816088E+04   -0.903195633965035682E+01    1
    0.557803110792014056E+01    0.127212276971282314E+02    0.909186597175024858E+01    0.200254740213866387E-02    0.451168076979247053E+04   -0.905195633965035817E+01    1
    0.191190608729896105E+01    0.580710954417150482E+01    0.308120212069676658E+01    0.172881457554416697E-02    0.451202720791279080E+04   -0.907195633965035952E+01    1
    0.893848586069854179E-01    0.195397968751612083E+02    0.728144838211066325E+01    0.191343097969106724E-02    0.451231813993503056E+04   -0.909195633965035555E+01    1
    0.231767185333545953E+02    0.764673002135459789E+01    0.104600653699115362E+02    0.181596122217790980E-02    0.451299511960954442E+04   -0.911195633965035512E+01    1
    0.259095050740083330E+02    0.304530996833912937E+00    0.116731814467556845E+02    0.181316545621457896E-02    0.451301419937911396E+04   -0.913195633965035647E+01    1
    0.106972767626013425E+02    0.272632128304015042E+01    0.842328834012187144E+01    0.181100587756234275E-02    0.451302892644564599E+04   -0.915195633965035960E+01    1
    0.201652895359313078E+02    0.137938919970161837E+02    0.150790826077610820E+02    0.180347767486964102E-02    0.451308017235768239E+04   -0.917195633965036095E+01    1
    0.766254265535106960E+01    0.441957160889608680E+00    0.106881289029866196E+02    0.174277780742205070E-02    0.451348851490050947E+04   -0.919195633965036052E+01    1
    0.250271586774129915E+02    0.289336496552376854E+01    0.669128719081891976E+01    0.173767006372251617E-02    0.451352252759258954E+04   -0.921195633965035832E+01    1
    0.124983418854375365E+02    0.478368438521998485E+01    0.129175045162144428E+02    0.172422356733965528E-02    0.451361159937778848E+04   -0.923195633965035434E+01    1
    0.160689175082675142E+02    0.173220321224995821E+02    0.116534156290918141E+02    0.164225226941155499E-02    0.451414558650248910E+04   -0.925195633965035391E+01    1
    0.282592493418419366E+02    0.806544124390619288E+01    0.105959734423182859E+02    0.163226400964317257E-02    0.451420955622232213E+04   -0.927195633965035526E+01    1
    0.198833852611070050E+01    0.903146406674569491E+01    0.317595294805936978E+01    0.128574682972279171E-02    0.451436030587188361E+04   -0.929195633965035661E+01    1
    0.150272357522559012E+02    0.844291688153622033E+01    0.115795412319989026E+02    0.157151773685708677E-02    0.451459343701111629E+04   -0.931195633965035974E+01    1
    0.117415271153084753E+02    0.240792112330821979E+02    0.330608545157971045E+01    0.123001185108769992E-02    0.451468382079568528E+04   -0.933195633965035576E+01    1
    0.150575834003780056E+02    0.634247795935831071E+01    0.264363932290226034E+01    0.105975187925827583E-02    0.451493901572310824E+04   -0.935195633965035533E+01    1
    0.143893531385887208E+01    0.217931497590519285E+01    0.535432010527990077E+01    0.145673819576701453E-02    0.451529334483495495E+04   -0.937195633965035491E+01    1
    0.971438882167923801E+01    0.187266622900214230E+02    0.447727115273112908E+01    0.145306521062872314E-02    0.451531737731760859E+04   -0.939195633965035448E+01    1
    0.963109468459953533E+01    0.215318672018579704E+02    0.607257547371105666E+01    0.144412625348417463E-02    0.451537079963888391E+04   -0.941195633965035405E+01    1
    0.351633259027442868E+01    0.855144857982047135E+01    0.278964700352641026E+01    0.499285157338926204E-03    0.451542279529949519E+04   -0.943195633965035363E+01    1
    0.939048261421717001E+01    0.711396139503179192E+01    0.551689870094383483E+01    0.142703333904065088E-02    0.451547170959860887E+04   -0.945195633965035498E+01    1
    0.153240001326100312E+02    0.819770138523634273E+01    0.143830780106257734E+02    0.140872755388337994E-02    0.451557793089822553E+04   -0.947195633965035810E+01    1
    0.276857546333507365E+01    0.150005198351107216E+01    0.861182250492485579E+01    0.137690476617217429E-02    0.451576276441579103E+04   -0.949195633965035945E+01    1
    0.197388790275706647E+02    0.881464802042453677E+01    0.125621239540800147E+02    0.130147160682392640E-02    0.451619081391375676E+04   -0.951195633965035725E+01    1
    0.207636659352845392E+02    0.401178838038482333E+01    0.105650573941878214E+02    0.129886448404088620E-02    0.451620535343819211E+04   -0.953195633965035860E+01    1
    0.666939970665926474E+01    0.473204426634101605E+01    0.626771686348944357E+01    0.125596945539898069E-02    0.451644234128855715E+04   -0.955195633965035817E+01    1
    0.732912668990068106E+01    0.958629266276800607E+01    0.711097340220418950E+01    0.125004020928544141E-02    0.451647457093642333E+04   -0.957195633965035775E+01    1
    0.190762632137533430E+02    0.898733211884913175E+01    0.911980336325454033E+01    0.122669814122428706E-02    0.451660101028582540E+04   -0.959195633965035732E+01    1
    0.105692677379261255E+02    0.132788256015466555E+01    0.357944010848021410E+01    0.116899139624028784E-02    0.451690144020466960E+04   -0.961195633965035867E+01    1
    0.820943624430580243E+01    0.194881588069872702E+01    0.485169814001552258E+01    0.115737714675285923E-02    0.451696955904808055E+04   -0.963195633965035825E+01    1
    0.267599941734255609E+00    0.232141906558222777E+01    0.101434602849262312E+02    0.113211688213920528E-02    0.451709951142269165E+04   -0.965195633965035960E+01    1
    0.308411938061764168E+01    0.912813615439302950E-01    0.101502834870454741E+02    0.112541047212137008E-02    0.451713398800466712E+04   -0.967195633965035739E+01    1
    0.213053508417366544E+02    0.431759622598138826E+01    0.361239811879896600E+01    0.111926663828350011E-02    0.451715809059046842E+04   -0.969195633965035697E+01    1
    0.176873069586536680E+02    0.148269436112847721E+02    0.152462327911907796E+02    0.105338368901026829E-02    0.451749694145433659E+04   -0.971195633965035654E+01    1
    0.273019035506927565E+01    0.477564612158497859E+01    0.137313483903631894E+02    0.103901220166714454E-02    0.451756775063662462E+04   -0.973195633965035789E+01    1
    0.125482973693332696E+02    0.115017987930868095E+02    0.542441759032203663E+01    0.930704617010491499E-03    0.451808696694229729E+04   -0.975195633965035746E+01    1
    0.110442322017449328E+02    0.751994612073585600E+01    0.111594826678973931E+02    0.903941115324832811E-03    0.451820679451864817E+04   -0.977195633965035526E+01    1
    0.224122720314111845E+00    0.183068558017347058E+02    0.182357328300995647E+02    0.891694526834517693E-03    0.451826235228479163E+04   -0.979195633965035661E+01    1
    0.166701535199386548E+02    0.138259915275279059E+02    0.109275533639084159E+02    0.891243569965871380E-03    0.451826439050307545E+04   -0.981195633965035796E+01    1
    0.289812934023644342E+01    0.222462923117848899E+01    0.686913265564767261E+01    0.890282001379198132E-03    0.451826876753017950E+04   -0.983195633965035753E+01    1
    0.165632110969779767E+01    0.199103613281278093E+02    0.134165599481407369E+02    0.871373880580190410E-03    0.451835365781320252E+04   -0.985195633965035888E+01    1
    0.126377578990213415E+02    0.102943914640185596E-01    0.494098289955728109E+01    0.858364051211074250E-03    0.451841154209721572E+04   -0.987195633965036023E+01    1
    0.970650334909474566E+01    0.152728321819422899E+02    0.423035812465014160E+01    0.845260051528271580E-03    0.451847036072637275E+04   -0.989195633965035981E+01    1
    0.221986627846747560E+02    0.122309450936226458E+02    0.513355461535386670E+01    0.788048375841146034E-03    0.451872215681997113E+04   -0.991195633965035761E+01    1
    0.397553415206430003E+02    0.880347516465362645E+01    0.760222196475800072E+01    0.768612572092854432E-03    0.451879846927424387E+04   -0.993195633965035718E+01    1
    0.210318728519793829E+02    0.316845077984206247E+01    0.144487963330663955E+02    0.760362529657560211E-03    0.451883291928090330E+04   -0.995195633965035853E+01    1
    0.149092168823973594E+02    0.710111018945111994E+01    0.129678613557341365E+02    0.725349295753822498E-03    0.451897717358449881E+04   -0.997195633965035810E+01    1
    0.244034903321613044E+02    0.853732106023614357E+01    0.577594872863681985E+01    0.721685950558238038E-03    0.451899327036939667E+04   -0.999195633965035945E+01    1
    0.132036983349432600E+02    0.782999802760875951E+01    0.132101429269663910E+02    0.710928108269527127E-03    0.451903561858620742E+04   -0.100119563396503626E+02    1
    0.466296117364510110E+01    0.165331407334810478E+02    0.595913019477773087E+01    0.706841906595683119E-03    0.451905356193177886E+04   -0.100319563396503622E+02    1
    0.210755778591410809E+02    0.126299133956276712E+02    0.418535457054936622E+01    0.704988128949566120E-03    0.451907765919645499E+04   -0.100519563396503600E+02    1
    0.643919444486056136E+01    0.128731078392270870E+02    0.790386364549951814E+01    0.690353638593191343E-03    0.451911804972660866E+04   -0.100719563396503577E+02    1
    0.102134932084750751E+01    0.203074590025343369E+02    0.528119264123811671E+01    0.667840046048255869E-03    0.451919449824011463E+04   -0.100919563396503591E+02    1
    0.762818793710041199E+01    0.291266906731818853E+01    0.805918974792897913E+01    0.622694479381585560E-03    0.451938080289939899E+04   -0.101119563396503640E+02    1
    0.191371212248952673E+02    0.135984246492157599E+02    0.177843055308443034E+02    0.617972334500069948E-03    0.451939866699552658E+04   -0.101319563396503618E+02    1
    0.139918899610397105E+02    0.147952667454116309E+02    0.759558433139412870E+01    0.616984739124128872E-03    0.451940245321758812E+04   -0.101519563396503578E+02    1
    0.657986373696503435E+01    0.109004885911374902E+02    0.141103481971217235E+02    0.608563208742709974E-03    0.451943408843041470E+04   -0.101719563396503592E+02    1
    0.374568259275832816E+02    0.928312030898156770E+01    0.927064476844729057E+01    0.603816073343784788E-03    0.451945186698576708E+04   -0.101919563396503605E+02    1
    0.131566437567117003E+02    0.914913800825568302E+01    0.145787673371770659E+02    0.555086275536123747E-03    0.451963073974438612E+04   -0.102119563396503601E+02    1
    0.924513203381705395E+00    0.956327215774126493E+01    0.860755848972967819E+01    0.550296186529326630E-03    0.451964797057153373E+04   -0.102319563396503597E+02    1
    0.182356404724452545E+02    0.564848651988802786E+01    0.124734970133716523E+02    0.546298889663360851E-03    0.451966229181239214E+04   -0.102519563396503592E+02    1
    0.917253489890868501E+01    0.610508450332437835E+01    0.431994516766744852E+01    0.535766711034378206E-03    0.451970686143579678E+04   -0.102719563396503624E+02    1
    0.133127269805761728E+01    0.191998238763985807E+01    0.113109823864823618E+02    0.510817051199057470E-03    0.451978749587618677E+04   -0.102919563396503619E+02    1
    0.144935747385403282E+02    0.179167884229974206E+01    0.970106737202427816E+01    0.475965526229668958E-03    0.451990703391611805E+04   -0.103119563396503597E+02    1
    0.201666432010961572E+02    0.856780627493727209E+01    0.649708112948774819E+01    0.473732573359158800E-03    0.451991488067863247E+04   -0.103319563396503593E+02    1
    0.256959099556037174E+02    0.318298297113797535E+01    0.251873455071411279E+01    0.127822885276721379E-03    0.451992748775910422E+04   -0.103519563396503589E+02    1
    0.145327702047972629E+02    0.133799755287422020E+02    0.113860730311338543E+02    0.467600635782797918E-03    0.451993521526770928E+04   -0.103719563396503585E+02    1
    0.122648469941616902E+02    0.672699360881716224E+00    0.112183544307067642E+02    0.460490435056145546E-03    0.451995901416334164E+04   -0.103919563396503580E+02    1
    0.639678818378583891E+01    0.129858190559976308E+02    0.735420745094479678E+01    0.451293605856874073E-03    0.451998968627397244E+04   -0.104119563396503576E+02    1
    0.293504441969284802E+01    0.904759788438871837E+00    0.707204565506996374E+01    0.448913902864309360E-03    0.451999746803714061E+04   -0.104319563396503590E+02    1
    0.966013010331927013E+01    0.787902115009272386E+01    0.519923574980325132E+01    0.433015715344683364E-03    0.452005312622600923E+04   -0.104519563396503603E+02    1
    0.217138357431531830E+02    0.697733663235609924E+01    0.104731062024062140E+02    0.424124546194528415E-03    0.452007849716993951E+04   -0.104719563396503599E+02    1
    0.568069424585604921E+01    0.144705972914093142E+02    0.684262619185547383E+01    0.419079927838621191E-03    0.452009508402672509E+04   -0.104919563396503612E+02    1
    0.254575077877307336E+02    0.220243258474665495E+02    0.999369771059500067E+01    0.415895258276425205E-03    0.452010501443657085E+04   -0.105119563396503608E+02    1
    0.163115565664756446E+02    0.105756966002939663E+02    0.744378898349064499E+01    0.406748808007486077E-03    0.452013431629550541E+04   -0.105319563396503586E+02    1
    0.124642014529802587E+02    0.896087567882197789E+01    0.634212845078574894E+01    0.397801084960872683E-03    0.452016311674422650E+04   -0.105519563396503617E+02    1
    0.122958979108690301E+02    0.427343742618301459E+01    0.293783362169365825E+01    0.269748026994556865E-03    0.452016388013468895E+04   -0.105719563396503577E+02    1
    0.909939700662280160E+01    0.714690174559981894E+01    0.577933313353288636E+01    0.397213854375768585E-03    0.452016563729462177E+04   -0.105919563396503609E+02    1
    0.447376387824465649E+01    0.141124296421721329E+02    0.158092350778939839E+02    0.373754826562498472E-03    0.452023777599269579E+04   -0.106119563396503622E+02    1
    0.660796891450683788E+01    0.864569781030908224E+01    0.102337977432292639E+02    0.373104253657463494E-03    0.452023978601017188E+04   -0.106319563396503600E+02    1
    0.790982766890042654E+01    0.366390652219549784E+01    0.152840432665378856E+02    0.370805187433776817E-03    0.452024687864981297E+04   -0.106519563396503596E+02    1
    0.346056923946992043E+02    0.493201590028089232E+01    0.561634044914015274E+01    0.354724540800415789E-03    0.452029707984577544E+04   -0.106719563396503592E+02    1
    0.243135790687640849E+02    0.139677783408783860E+02    0.130609404847202768E+02    0.340037044281954362E-03    0.452034034191030059E+04   -0.106919563396503587E+02    1
    0.130444156808235139E+02    0.281878484287080555E+01    0.498675002242582099E+01    0.330116971091453759E-03    0.452037187797144361E+04   -0.107119563396503583E+02    1
    0.157004158154157345E+02    0.546128872470234850E+01    0.116218305890350457E+02    0.327425070225007236E-03    0.452037786641288130E+04   -0.107319563396503597E+02    1
    0.681625959577815799E+01    0.123138939861674999E+02    0.601157285899845295E+01    0.321281692976287006E-03    0.452039726672344841E+04   -0.107519563396503610E+02    1
    0.240081590931710167E+02    0.187635404903446990E+01    0.608820816244288565E+01    0.308680871137614497E-03    0.452043294492348832E+04   -0.107719563396503588E+02    1
    0.166851516701761717E+02    0.888890758768099154E+01    0.650059936121943416E+01    0.305283997033902322E-03    0.452044296986844165E+04   -0.107919563396503584E+02    1
    0.984603229021066362E+01    0.520119310695510784E+01    0.615735804570028389E+01    0.301893126296588765E-03    0.452045284435878693E+04   -0.108119563396503615E+02    1
    0.220997455091004937E+02    0.708993772729526395E+01    0.167194008269148711E+02    0.295106963720247000E-03    0.452047192797565185E+04   -0.108319563396503646E+02    1
    0.887349724601668477E+01    0.641195498914006912E+01    0.111789854380963369E+02    0.291383742410114164E-03    0.452048257036448649E+04   -0.108519563396503624E+02    1
    0.525342758935713938E+01    0.421073779098851020E+01    0.155182658800561928E+02    0.289662325046110788E-03    0.452048747723366068E+04   -0.108719563396503620E+02    1
    0.240351703115617976E+01    0.806657302795523812E+01    0.176879460265881114E+02    0.287619475996306957E-03    0.452049328921378674E+04   -0.108919563396503634E+02    1
    0.171450350522780219E+02    0.457923486613256969E+01    0.464300849360176571E+01    0.289498927789530653E-03    0.452049387209219185E+04   -0.109119563396503629E+02    1
    0.130644323344137128E+02    0.584028040894570655E+01    0.120780958095150908E+02    0.286312871144122488E-03    0.452049700021026638E+04   -0.109319563396503607E+02    1
    0.122450952177207633E+02    0.180397260442858798E+01    0.123951428314501548E+02    0.283987210051553710E-03    0.452050359326280341E+04   -0.109519563396503621E+02    1
    0.108609652591784567E+02    0.114855595393434751E+02    0.115625780629381048E+02    0.280363843112154255E-03    0.452051383395119956E+04   -0.109719563396503617E+02    1
    0.172436320212630143E+02    0.115642263553413116E+02    0.856576418729728317E+01    0.273540541607073060E-03    0.452053302083166454E+04   -0.109919563396503612E+02    1
    0.186176488294587230E+02    0.807456521194096055E+01    0.312588983165542000E+01    0.115913456840849587E-03    0.452055850374730198E+04   -0.110119563396503608E+02    1
    0.279517757366831248E+02    0.589996438871576778E+01    0.103009930619590513E+02    0.258854086689614456E-03    0.452057384169595662E+04   -0.110319563396503604E+02    1
    0.214044842627279763E+02    0.115447240631871448E+02    0.679158811825111641E+01    0.255815690588030720E-03    0.452058244174107585E+04   -0.110519563396503617E+02    1
    0.561844117503212370E+01    0.135331082152027236E+02    0.483419439559371433E+01    0.254736118379250069E-03    0.452059285173464013E+04   -0.110719563396503613E+02    1
    0.877134900657029348E+01    0.615165311578398111E+01    0.987275689672117451E+01    0.242557613711934261E-03    0.452061840919529459E+04   -0.110919563396503609E+02    1
    0.191590639224486772E+02    0.643645888080962703E+01    0.103524051720320909E+02    0.239910639885963957E-03    0.452062557478722920E+04   -0.111119563396503622E+02    1
    0.777007879747599350E+01    0.860300019998540755E+01    0.994652415554316960E+01    0.236460837349065488E-03    0.452063488354991841E+04   -0.111319563396503654E+02    1
    0.169068174712674626E+02    0.101645927882886600E+02    0.373208888648838544E+01    0.224252091687882527E-03    0.452066298052551974E+04   -0.111519563396503649E+02    1
    0.178817360055494561E+02    0.151561043434334275E+01    0.570882780503736154E+01    0.221012159649294901E-03    0.452067642571205943E+04   -0.111719563396503645E+02    1
    0.129300273705404347E+02    0.805623947595187317E+01    0.321239097631935655E+01    0.907796878661839678E-04    0.452068789991710946E+04   -0.111919563396503658E+02    1
    0.118561006118770802E+02    0.165304056284687775E+02    0.164191775954027932E+02    0.205529913619606377E-03    0.452071678842747679E+04   -0.112119563396503654E+02    1
    0.850972024697194840E+01    0.258757265161328718E+02    0.101291779123800367E+02    0.199445983109090472E-03    0.452073256948350718E+04   -0.112319563396503614E+02    1
    0.203222031132728898E+01    0.749869646670646262E+00    0.149871589280608770E+02    0.198444850242285309E-03    0.452073515515407962E+04   -0.112519563396503610E+02    1
    0.169776051654393854E+02    0.203365356183775283E+02    0.116599757899782226E+02    0.188698492662076663E-03    0.452076017995901202E+04   -0.112719563396503606E+02    1
    0.244289572900524163E+02    0.983875645467568916E+01    0.718558791018081600E+01    0.185425691738186176E-03    0.452076860609580217E+04   -0.112919563396503602E+02    1
    0.420761874167249950E+01    0.701562811303721912E+01    0.116124797019378754E+02    0.173134638897662341E-03    0.452079956255159323E+04   -0.113119563396503633E+02    1
    0.195309431753348015E+02    0.321773043604812425E+01    0.451313278908297733E+01    0.173404018700711385E-03    0.452080440982621349E+04   -0.113319563396503629E+02    1
    0.123961959196769378E+02    0.201989408662014247E+01    0.902392475930863824E+01    0.169705370543979861E-03    0.452080814445402393E+04   -0.113519563396503624E+02    1
    0.338779270578387752E+02    0.111207164061922352E+02    0.164029519720634624E+02    0.169277704289892477E-03    0.452080921178487006E+04   -0.113719563396503602E+02    1
    0.231322104703870508E+02    0.101434756384917613E+00    0.495966087284964896E+01    0.163702465103826383E-03    0.452082316364400322E+04   -0.113919563396503616E+02    1
    0.118476394669587552E+02    0.552826825481680828E+01    0.149760903359755524E+02    0.158944298178249075E-03    0.452083484758776649E+04   -0.114119563396503612E+02    1
    0.566884883889734326E+01    0.116725826303054436E+01    0.152572338635703133E+02    0.158716364053432951E-03    0.452083540950980114E+04   -0.114319563396503625E+02    1
    0.180853298533926150E+02    0.129586452658153242E+02    0.644727197557872245E+01    0.157248947037235548E-03    0.452083958068679567E+04   -0.114519563396503639E+02    1
    0.986239075795489484E+01    0.838762225471508671E+01    0.689756657438357212E+01    0.156896174140315025E-03    0.452084005277944925E+04   -0.114719563396503617E+02    1
    0.107529683268436180E+02    0.121572454367949039E+02    0.684376901368554336E+01    0.155253978917115391E-03    0.452084418314018330E+04   -0.114919563396503612E+02    1
    0.375142472426762108E+01    0.629357603647682318E+01    0.497029885071826527E+01    0.153280317848838933E-03    0.452085099798966439E+04   -0.115119563396503626E+02    1
    0.213068165064249690E+02    0.141008057578245740E+02    0.145774963883669688E+02    0.147484213474271598E-03    0.452086290979945170E+04   -0.115319563396503639E+02    1
    0.343647336765097577E+01    0.175151461968414468E+01    0.926419391880675391E+01    0.144599486397252040E-03    0.452086991281774590E+04   -0.115519563396503635E+02    1
    0.507989922009526307E+01    0.809336517928258559E+01    0.788623057898756841E+01    0.138728577597526086E-03    0.452088411259491022E+04   -0.115719563396503631E+02    1
    0.143901322781521515E+02    0.125389834870799586E+02    0.904540097881827165E+01    0.137309498607562528E-03    0.452088750150248961E+04   -0.115919563396503627E+02    1
    0.113798421525101752E+02    0.119476805460267475E+02    0.601358501941156920E+01    0.134462266319921209E-03    0.452089562757009844E+04   -0.116119563396503622E+02    1
    0.474849746559558810E+02    0.533453320068997705E+00    0.570549145187899587E+01    0.131889929387665077E-03    0.452090056574507162E+04   -0.116319563396503636E+02    1
    0.997735040794304950E+01    0.278977785842268311E+01    0.195977299962385558E+02    0.129403264676461786E-03    0.452090639439375536E+04   -0.116519563396503649E+02    1
    0.258156721466209333E+02    0.100843525766872126E+02    0.435978559837859780E+01    0.137102745183566061E-03    0.452090847056654820E+04   -0.116719563396503663E+02    1
    0.174696013692980401E+01    0.378589058317212368E+01    0.786890856100406832E+01    0.128383693804826992E-03    0.452090882877285367E+04   -0.116919563396503641E+02    1
    0.957032619125917350E+01    0.546709002369531394E+01    0.374319768428377797E+01    0.126518662630278173E-03    0.452091141736835016E+04   -0.117119563396503636E+02    1
    0.200330933420523571E+02    0.433850765662997873E+01    0.943320127079283743E+01    0.123648157720280703E-03    0.452092003245378237E+04   -0.117319563396503650E+02    1
    0.318387356135729362E+02    0.110675118098367200E+02    0.122747578818576848E+02    0.123100188141761079E-03    0.452092132553290776E+04   -0.117519563396503663E+02    1
    0.168735240968394464E+02    0.707410816719995239E+01    0.637441875892953203E+01    0.121346285602751342E-03    0.452092581934046302E+04   -0.117719563396503641E+02    1
    0.250863145260598372E+02    0.317588175635055991E+01    0.427724106783425562E+01    0.116334113437791225E-03    0.452094551209225301E+04   -0.117919563396503619E+02    1
    0.145141770034724313E+02    0.629936165479449528E+01    0.381244483775324738E+01    0.115491869804547082E-03    0.452095200477449362E+04   -0.118119563396503633E+02    1
    0.159027984029442457E+02    0.153465228515040906E+02    0.173881119031279923E+02    0.107159122771994944E-03    0.452095856135568465E+04   -0.118319563396503664E+02    1
    0.437096731485744083E+01    0.845801506696453842E+01    0.117317184611954666E+02    0.106973507081855137E-03    0.452095899048746560E+04   -0.118519563396503660E+02    1
    0.175184151880614074E+02    0.152145858420377724E+02    0.179006871170921755E+02    0.106222379622567540E-03    0.452096072594347879E+04   -0.118719563396503673E+02    1
    0.649374086534927741E+01    0.423778937531777711E+01    0.128006797954591107E+02    0.103972365788778526E-03    0.452096591451785207E+04   -0.118919563396503651E+02    1
    0.623525595040415936E+01    0.374990272668679570E+01    0.857765058205335507E+01    0.103719307888341505E-03    0.452096649987341516E+04   -0.119119563396503629E+02    1
    0.809633967071121674E-01    0.708846404310237865E+01    0.154744015824858625E+02    0.100025003196335021E-03    0.452097498080672449E+04   -0.119319563396503643E+02    1
    0.280926666332274593E+02    0.691018973251964752E+01    0.116212609583870439E+02    0.990676441478242648E-04    0.452097717267733697E+04   -0.119519563396503639E+02    1
    0.187823113768273853E+01    0.767652438243959878E+01    0.150150805789332988E+02    0.988812447373058241E-04    0.452097759911938101E+04   -0.119719563396503634E+02    1
    0.772608707739616740E+01    0.104094985436143297E+02    0.959692424770661567E+01    0.968929287701989937E-04    0.452098214239339450E+04   -0.119919563396503648E+02    1
    0.106513251668231614E+02    0.725089322037351103E+01    0.866997465297670011E+01    0.921392860308403771E-04    0.452099295736873864E+04   -0.120119563396503644E+02    1
    0.598490403171077290E+01    0.250221631404675504E+01    0.352523893928229137E+01    0.831551267966385227E-04    0.452099317258294104E+04   -0.120319563396503657E+02    1
    0.122397156689688735E+02    0.107282938443589728E+02    0.634893789606084535E+01    0.900648640216120122E-04    0.452099825754361427E+04   -0.120519563396503653E+02    1
    0.370352783234112692E+01    0.651905382689170843E+01    0.560104432791086815E+01    0.880783184502223612E-04    0.452100335375473878E+04   -0.120719563396503631E+02    1
    0.767776176426653301E+01    0.103319879077570569E+02    0.393782164844049198E+01    0.826259465556110351E-04    0.452100652483596969E+04   -0.120919563396503627E+02    1
    0.590948212609172874E+01    0.358958258838967126E+01    0.121333745846942485E+02    0.849956819128876292E-04    0.452100907527144045E+04   -0.121119563396503640E+02    1
    0.129909294464954943E+02    0.130581458838593285E+02    0.117873801275559131E+02    0.849739548607671841E-04    0.452100912407635769E+04   -0.121319563396503671E+02    1
    0.804336508758994739E+01    0.111191810989711399E+02    0.106235019814433471E+02    0.839597275608017397E-04    0.452101140065159598E+04   -0.121519563396503685E+02    1
    0.357984152722371221E+02    0.386759589159079509E+01    0.989191850500246872E+01    0.834653731671764279E-04    0.452101250910623276E+04   -0.121719563396503698E+02    1
    0.151086347020546050E+02    0.819888516079040386E+01    0.152432109966927420E+02    0.810814008415018011E-04    0.452101784436074922E+04   -0.121919563396503694E+02    1
    0.132654073356774660E+02    0.938199998636366672E+01    0.552768000478268640E+01    0.822276684009571246E-04    0.452101789433563499E+04   -0.122119563396503654E+02    1
    0.110999163108568712E+02    0.544150874215457492E+00    0.467925862839680295E+01    0.807937821736739309E-04    0.452101918377384027E+04   -0.122319563396503632E+02    1
    0.202618697675398973E+01    0.905314402179253186E+00    0.402589965096291635E+01    0.757548232483157974E-04    0.452102397077869136E+04   -0.122519563396503628E+02    1
    0.269636068524166141E+02    0.217408715842103888E+02    0.651417496166601317E+01    0.777573618363832514E-04    0.452102603045433716E+04   -0.122719563396503641E+02    1
    0.284530532231936029E+01    0.746385473951323419E+01    0.990043929979647785E+01    0.766933188812012490E-04    0.452102762099577012E+04   -0.122919563396503637E+02    1
    0.740062160632070665E+01    0.135710485736338935E+02    0.163738732898223134E+02    0.761347173641483896E-04    0.452102886088689957E+04   -0.123119563396503633E+02    1
    0.950272606973769385E+01    0.143371316128394497E+02    0.605917364467660402E+01    0.746377658545504695E-04    0.452103365006974673E+04   -0.123319563396503646E+02    1
    0.151727231542327452E+02    0.893322661465250611E+01    0.454487887313112182E+01    0.791158631049523539E-04    0.452103584957096336E+04   -0.123519563396503660E+02    1
    0.829184987457255218E+01    0.400369885430101746E+01    0.183846040627270071E+02    0.727424130303092704E-04    0.452103637347236872E+04   -0.123719563396503656E+02    1
    0.963041705438059736E+01    0.628293857639493947E+01    0.856089920582848407E+01    0.723774747578809999E-04    0.452103718372820913E+04   -0.123919563396503669E+02    1
    0.196244441369619054E+02    0.926207813843352668E+01    0.191668327372875638E+02    0.701976676430453739E-04    0.452104198647689827E+04   -0.124119563396503665E+02    1
    0.569286289411992286E+01    0.108646965153935948E+01    0.545687948870233264E+01    0.679897391866618201E-04    0.452104716264393937E+04   -0.124319563396503661E+02    1
    0.501032127853584175E+01    0.132418113296693090E+02    0.564656534509705654E+01    0.678375116763642099E-04    0.452104985541627684E+04   -0.124519563396503656E+02    1
    0.346855852527967201E+01    0.167557148802911833E+02    0.174314829548517167E+02    0.652809626660440191E-04    0.452105277651181859E+04   -0.124719563396503652E+02    1
    0.841066641825908512E+01    0.174328384230170963E+01    0.689881874979657272E+01    0.644078068629572479E-04    0.452105472029098382E+04   -0.124919563396503630E+02    1
    0.351635635347847568E+02    0.295370235585954122E+01    0.488143087052960567E+01    0.640628548227298918E-04    0.452105819970545235E+04   -0.125119563396503644E+02    1
    0.716837022895338549E+01    0.143607266407234242E+02    0.603220733172394485E+01    0.602291406557326891E-04    0.452106535133692159E+04   -0.125319563396503675E+02    1
    0.393519450997730189E+02    0.170387730029614826E+01    0.511622385188289108E+01    0.591519519533922162E-04    0.452106713923118514E+04   -0.125519563396503688E+02    1
    0.254539941318261072E+02    0.221932705905604299E+01    0.620398953342382509E+01    0.564400450320421635E-04    0.452107214932407442E+04   -0.125719563396503684E+02    1
    0.656447384841511994E+01    0.190259688194369936E+01    0.103275435565828424E+02    0.554721957013663402E-04    0.452107408638012112E+04   -0.125919563396503662E+02    1
    0.110845729446952888E+02    0.424325525853710417E+00    0.285870356862889574E+01    0.470572343759655554E-04    0.452107646603037392E+04   -0.126119563396503658E+02    1
    0.684978807887740970E+01    0.139976136987136233E+02    0.807480469094037367E+01    0.532685524360649709E-04    0.452107886205519208E+04   -0.126319563396503654E+02    1
    0.219733237229203127E+02    0.868760681229028719E+01    0.378690757884643059E+01    0.623494595176379797E-04    0.452107898038106123E+04   -0.126519563396503649E+02    1
    0.997441510364857820E+01    0.804591507618120438E+01    0.723797962384786686E+01    0.531962245522666841E-04    0.452107906932005335E+04   -0.126719563396503698E+02    1
    0.110446600268152970E+02    0.691197815403450821E+01    0.355544957184747412E+01    0.352229630212886995E-04    0.452108443763791729E+04   -0.126919563396503712E+02    1
    0.862814571616141990E+01    0.602695564354514346E+01    0.177060054593727436E+02    0.495860973806057587E-04    0.452108673567353435E+04   -0.127119563396503672E+02    1
    0.398456777410412570E+02    0.107148937815898737E+01    0.615459469236124690E+01    0.495649977904604865E-04    0.452108685823795895E+04   -0.127319563396503650E+02    1
    0.111342800396700277E+02    0.149469516795866948E+02    0.369416562020229566E+01    0.611527165763042346E-05    0.452108896991012080E+04   -0.127519563396503681E+02    1
    0.175593729343313640E+02    0.116682577928459086E+01    0.163104139616869652E+02    0.470745368363241230E-04    0.452109210143979635E+04   -0.127719563396503695E+02    1
    0.195812821869788749E+02    0.143897398455413654E+02    0.761125304307949690E+01    0.470848545716286019E-04    0.452109213460488263E+04   -0.127919563396503690E+02    1
    0.446145128368836552E+01    0.289198687418150602E+01    0.895184519670486623E+01    0.468441679214294613E-04    0.452109259376939008E+04   -0.128119563396503651E+02    1
    0.223129074711923749E+02    0.123645594617892236E+02    0.676821367717196942E+01    0.397596164013221251E-04    0.452110789242630563E+04   -0.128319563396503664E+02    1
    0.161726759518312022E+02    0.843772696210925233E+01    0.999378458390761537E+01    0.387441195498868700E-04    0.452110976344353185E+04   -0.128519563396503695E+02    1
    0.186744831264544793E+02    0.152216052675245628E+00    0.111577254166449933E+02    0.360693318263939546E-04    0.452111539002259724E+04   -0.128719563396503673E+02    1
    0.189617523116454834E+02    0.148696702564397203E+02    0.152003238730993893E+02    0.358887714725652802E-04    0.452111576908086954E+04   -0.128919563396503669E+02    1
    0.292186304392339977E+02    0.104411990066003391E+02    0.121242360037886456E+02    0.344409191272755395E-04    0.452111880507992282E+04   -0.129119563396503683E+02    1
    0.196125716687353737E+02    0.154867389643539735E+02    0.612637853840575097E+01    0.330912150453478065E-04    0.452112292563886876E+04   -0.129319563396503678E+02    1
    0.161371307736564518E+02    0.913038613425681866E+01    0.455946584782375552E+01    0.381850849710711282E-04    0.452112490335063649E+04   -0.129519563396503656E+02    1
    0.189079064782390631E+02    0.106126501478512125E+01    0.388686042684662914E+01    0.336692856010197819E-04    0.452112536616868692E+04   -0.129719563396503670E+02    1
    0.651520382717415991E+01    0.651861603998368366E+01    0.610008148204570411E+01    0.306098491340266740E-04    0.452112743930626493E+04   -0.129919563396503666E+02    1
    0.616683881169793846E+01    0.126503630447940463E+02    0.129593726213741594E+02    0.302971857141737331E-04    0.452112745924340015E+04   -0.130119563396503661E+02    1
    0.206755821420210140E+01    0.865625191194152244E+01    0.819490324832174721E+01    0.300753020317452756E-04    0.452112793646930186E+04   -0.130319563396503657E+02    1
    0.274477074290237404E+02    0.597660635714287203E+01    0.921903613572273883E+01    0.299762704661933046E-04    0.452112812792607838E+04   -0.130519563396503653E+02    1
    0.347035638908892707E+01    0.121457608615112598E+02    0.786847582233938247E+01    0.289250157457185972E-04    0.452113035452743588E+04   -0.130719563396503666E+02    1
    0.724399349154682692E+01    0.913713210794615627E+01    0.111031162801191847E+02    0.288449582462242150E-04    0.452113048002541927E+04   -0.130919563396503680E+02    1
    0.186495310737746678E+02    0.129551952477768637E+02    0.386124094746478796E+01    0.358380342327739012E-04    0.452113085174215303E+04   -0.131119563396503676E+02    1
