

    0.902954774457821567E-02   -0.695523264914230185E+04   -0.228502592216394459E-02   -0.186599463234565300E-02    0.695887025088605671E+00    0.444317801339862228E+02    0.160259763949391232E+01    0.483936145624794256E-01    0.900001727324672771E+02    0.109323544038010256E+01
    0.893585699447085706E-02   -0.695527428869393498E+04   -0.292197315843169964E-02   -0.245493108759725891E-02    0.693828291627593297E+00    0.443889397637335250E+02    0.160262088487879195E+01    0.484925368327422668E-01    0.899337854913684254E+02    0.107260114444524901E+01
    0.104662144110882985E-01   -0.695565294936562805E+04   -0.265514349922296635E-02   -0.142698059347396637E-02    0.693569613487311054E+00    0.444297462827557652E+02    0.160311576070186712E+01    0.484655485971753688E-01    0.897324327147994865E+02    0.109872083226152673E+01
    0.108658178554931744E-01   -0.695579038834765834E+04   -0.229065597203627477E-02   -0.150078919513815345E-02    0.694613328195523239E+00    0.445154244917482202E+02    0.160253139216534901E+01    0.484725820060242646E-01    0.899367091858151610E+02    0.108367290438539632E+01
    0.111878404843319627E-01   -0.695591129961224942E+04   -0.253068297791466399E-02   -0.161692074552694139E-02    0.694290619640435480E+00    0.444713636043697917E+02    0.160264032327500150E+01    0.485723219458494004E-01    0.898634731171904093E+02    0.109374344254496214E+01
    0.109614196613312138E-01   -0.695593290818581590E+04   -0.249168192726727288E-02   -0.148578398525060686E-02    0.693975060436903379E+00    0.444143109934967129E+02    0.160307441796414363E+01    0.484671554448220451E-01    0.898091065229423009E+02    0.109785921182781676E+01
    0.108022122983869283E-01   -0.695596614648845843E+04   -0.210138525509719889E-02   -0.148998076216147620E-02    0.694167144134133385E+00    0.444683241108304088E+02    0.160273971967008322E+01    0.484871637625158072E-01    0.898106788205457462E+02    0.109745642048883596E+01
    0.109536897699506267E-01   -0.695605649730685582E+04   -0.276637221403453881E-02   -0.200023631866609380E-02    0.693546268678994826E+00    0.445356626338890322E+02    0.160283639243428699E+01    0.488599030293783779E-01    0.897837802559781011E+02    0.107959979140110796E+01
    0.107352534454187368E-01   -0.695607871065789277E+04   -0.282535659890126344E-02   -0.237281326564783932E-02    0.694191073623101507E+00    0.443443031828253282E+02    0.160248642800806107E+01    0.482920314972042630E-01    0.899976919619516593E+02    0.106518100164957308E+01
    0.112088175872536930E-01   -0.695622754608352898E+04   -0.308223524569222135E-02   -0.136648804184631083E-02    0.697410796082675755E+00    0.442933644758505523E+02    0.160196032009168654E+01    0.474568466129183728E-01    0.902512976584866067E+02    0.104321867472166430E+01
    0.108787475929828618E-01   -0.695623026682499221E+04   -0.286912174954195073E-02   -0.117311378292460399E-02    0.692438761822393500E+00    0.443894009557619356E+02    0.160331609590449453E+01    0.484897882017709322E-01    0.896218720194593885E+02    0.109839426562532605E+01
    0.107035941402250003E-01   -0.695626030374930906E+04   -0.286488825878558270E-02   -0.161945782485180875E-02    0.694571193214653992E+00    0.445050589511515327E+02    0.160265956718575930E+01    0.486529882148428877E-01    0.898905673936682206E+02    0.106772573590995856E+01
    0.106022798475948719E-01   -0.695630378269317316E+04   -0.288497965490520534E-02   -0.123112862565068399E-02    0.691671704131376464E+00    0.445261298215219625E+02    0.160348624300046150E+01    0.488617411962132889E-01    0.894537446687197360E+02    0.110814281609937471E+01
    0.106122062752610422E-01   -0.695636815432528965E+04   -0.243233303261448670E-02   -0.150410978785523093E-02    0.694072587949592035E+00    0.444032073028054839E+02    0.160317619492012398E+01    0.484617401724723521E-01    0.897881224452361550E+02    0.110259704981746554E+01
    0.107992800543593569E-01   -0.695646560351781591E+04   -0.338248742149104085E-02   -0.114504610544558807E-02    0.698322662784729542E+00    0.441566776750391767E+02    0.160180231573973519E+01    0.469004299855933990E-01    0.904542016593376843E+02    0.102711849858109261E+01
    0.109235064653559009E-01   -0.695655097862458570E+04   -0.275241628144847102E-02   -0.163287494188659680E-02    0.692822135783293658E+00    0.445496052535314675E+02    0.160309515919162271E+01    0.487883434669675042E-01    0.896150986056933476E+02    0.109523681631353753E+01
    0.108092737640317644E-01   -0.695659245347232354E+04   -0.270642623162883249E-02   -0.126734049217764721E-02    0.691035486043637182E+00    0.445611800488943928E+02    0.160373617373978838E+01    0.490090156989581027E-01    0.893029851818806719E+02    0.112888294482502860E+01
    0.107050965333321760E-01   -0.695663558445645413E+04   -0.246661928509782358E-02   -0.136323298048789099E-02    0.693477727651006015E+00    0.445035197194658352E+02    0.160285835114778275E+01    0.486951449914090062E-01    0.897522360471202632E+02    0.108293911812807830E+01
    0.110234417297631112E-01   -0.695675669272054529E+04   -0.251691996553355659E-02   -0.193744257964772798E-02    0.693571540868993086E+00    0.445407689762878576E+02    0.160290218976715626E+01    0.488022973713208436E-01    0.897435482045017494E+02    0.109306455537716229E+01
    0.107220358118135951E-01   -0.695676374666812808E+04   -0.253668085055232034E-02   -0.154449073044476319E-02    0.694180687315554823E+00    0.445447808924859174E+02    0.160269581287931318E+01    0.487334946983962042E-01    0.898306320265093063E+02    0.109170775017093757E+01
    0.104567922612959410E-01   -0.695677614806611564E+04   -0.268806290427689616E-02   -0.156090414142602942E-02    0.693463223019944563E+00    0.444352110581689104E+02    0.160324683913831278E+01    0.485068701516565351E-01    0.896944872267512210E+02    0.110010092899861056E+01
    0.102399534183550394E-01   -0.695679673871849081E+04   -0.268779316162349449E-02   -0.144438396288799637E-02    0.693319436450922422E+00    0.444253008347832505E+02    0.160335742142850313E+01    0.485254844885304529E-01    0.896397086147386659E+02    0.110784982705751744E+01
    0.100717115912622602E-01   -0.695682610590052263E+04   -0.267045342415183099E-02   -0.127214234216231018E-02    0.695504830667290297E+00    0.444548815099497645E+02    0.160241611573728160E+01    0.481461760439865147E-01    0.900079337110910700E+02    0.107090899611134938E+01
    0.977293026689821272E-02   -0.695682837726936668E+04   -0.238443535631932416E-02   -0.168502386645651104E-02    0.694857118499861981E+00    0.443952799162473468E+02    0.160260303805729976E+01    0.482781234423575803E-01    0.899029596186330195E+02    0.108972267213490048E+01
    0.952946241075169898E-02   -0.695684042118900743E+04   -0.337697782909896112E-02   -0.114752684270013109E-02    0.698383102317127635E+00    0.442248565765900565E+02    0.160162665921619030E+01    0.470871177110331537E-01    0.904310299671504794E+02    0.103540218716257981E+01
    0.943077137780701583E-02   -0.695688210036467353E+04   -0.266056717587994165E-02   -0.135613655766111171E-02    0.693563149710715865E+00    0.443789040292901547E+02    0.160286975601122905E+01    0.483872011591522377E-01    0.898380822065061295E+02    0.108570929079902778E+01
    0.922576937762514641E-02   -0.695690064575290126E+04   -0.265120532831948077E-02   -0.134160457272439713E-02    0.692779465364539049E+00    0.445533912188751273E+02    0.160295250219241026E+01    0.487934029014129717E-01    0.896573495178780036E+02    0.109460840729041364E+01
    0.898075691753237072E-02   -0.695690931291330526E+04   -0.370092327559105655E-02   -0.112924299389710841E-02    0.698918819613133069E+00    0.441252763232636056E+02    0.160148723123170922E+01    0.466586020308741647E-01    0.906280796418366776E+02    0.101239377531921915E+01
    0.902639759920940456E-02   -0.695698195127900181E+04   -0.266275767825268229E-02   -0.113014227771058001E-02    0.693266144630504622E+00    0.444465166669038467E+02    0.160316415474544893E+01    0.486105348587543007E-01    0.896514218705887771E+02    0.110201479704653260E+01
    0.877680022297043158E-02   -0.695698836838111765E+04   -0.253155337798322737E-02   -0.111725439426945956E-02    0.692660517729532410E+00    0.444913796283554248E+02    0.160307348600072874E+01    0.485563682663204405E-01    0.896194764066682836E+02    0.110574548371575521E+01
    0.933101712926553972E-02   -0.695717333262924149E+04   -0.267501034170222838E-02   -0.160337056261177250E-02    0.693473976104073464E+00    0.445459117940947849E+02    0.160266327755195515E+01    0.486903570220397416E-01    0.897737783457254181E+02    0.108473363064111972E+01
    0.952683013830383195E-02   -0.695727736866338728E+04   -0.257260613576376163E-02   -0.159413729127853235E-02    0.693347508232350251E+00    0.445915761398915222E+02    0.160280634409526179E+01    0.489347943532663851E-01    0.897502369652491296E+02    0.108274507872106573E+01
    0.929422362564709913E-02   -0.695729043076059679E+04   -0.241386678691200667E-02   -0.128820137991408857E-02    0.692706983842831248E+00    0.445000635398696218E+02    0.160333668409777874E+01    0.487246056305157271E-01    0.895662273630383510E+02    0.111836975611099243E+01
    0.954116249286425001E-02   -0.695740537524253523E+04   -0.239674952879861871E-02   -0.132592907912776640E-02    0.693877242071223255E+00    0.445635833322242476E+02    0.160262138033897350E+01    0.487651655966500827E-01    0.897961035086255208E+02    0.108364596444205752E+01
    0.936404275056165573E-02   -0.695743039880733613E+04   -0.297997214899546571E-02   -0.132625394101865504E-02    0.692670564646154507E+00    0.444965138781863416E+02    0.160321406723265736E+01    0.487424079439059271E-01    0.896252619270838125E+02    0.108911888032314952E+01
    0.917770921699521611E-02   -0.695745269984298557E+04   -0.249405106556987262E-02   -0.125481064906746587E-02    0.693534391419049601E+00    0.445494689669120589E+02    0.160282783230978065E+01    0.487022633505358599E-01    0.897576844903688311E+02    0.109130310339990522E+01
    0.896365899076581769E-02   -0.695746800160352996E+04   -0.283300062787572061E-02   -0.142027899609202513E-02    0.692753224208115914E+00    0.444454039957836997E+02    0.160331784901934649E+01    0.485664600065211990E-01    0.896198321273320317E+02    0.110063143654000051E+01
    0.897067636166065142E-02   -0.695753206672899796E+04   -0.277466285537083168E-02   -0.111101586297394374E-02    0.692569091216880151E+00    0.445399757549202135E+02    0.160327845349892906E+01    0.487136218415762656E-01    0.895654533173042324E+02    0.110253263453427786E+01
    0.884669954040504317E-02   -0.695756673348961704E+04   -0.254925415041884441E-02   -0.144408392437566009E-02    0.694580764949004337E+00    0.445506933251988926E+02    0.160270639819761374E+01    0.487688799663691663E-01    0.898335646974493471E+02    0.108365889536209381E+01
    0.882343317768969314E-02   -0.695762396666417044E+04   -0.241534611340300798E-02   -0.138795450893957500E-02    0.693741761735486073E+00    0.445685338706255010E+02    0.160267986685361818E+01    0.487766249945246685E-01    0.898090229061391909E+02    0.108337118854537051E+01
    0.937296648018933441E-02   -0.695780730385636343E+04   -0.248436626046893245E-02   -0.208715762659875603E-02    0.694944366191291629E+00    0.442256609614351675E+02    0.160225576371400913E+01    0.478708897369372471E-01    0.901742856802255091E+02    0.106230197148009831E+01
    0.916182937471222633E-02   -0.695782423632155133E+04   -0.292703999660547630E-02   -0.131809829082944535E-02    0.692322548118919801E+00    0.444824235566647701E+02    0.160329004436929057E+01    0.485861251114203807E-01    0.895602209619671470E+02    0.110211432437300338E+01
    0.906870509737260806E-02   -0.695786630354982663E+04   -0.238351275335804864E-02   -0.138477226269521437E-02    0.693981982372429251E+00    0.444100126290571993E+02    0.160271620583943908E+01    0.482891745531838570E-01    0.899151192383217079E+02    0.108152667631448485E+01
    0.887834766439462610E-02   -0.695788637550898784E+04   -0.273391782524949872E-02   -0.128913341407307968E-02    0.693408306714788369E+00    0.443636291962828935E+02    0.160288589447290564E+01    0.482337604060980238E-01    0.897948524871083578E+02    0.108604430710806343E+01
    0.867082634524338897E-02   -0.695790157277150774E+04   -0.254434879230874518E-02   -0.153354645366288525E-02    0.693595751020070650E+00    0.444417601819803423E+02    0.160300904637529373E+01    0.484467376769072561E-01    0.897582136256231422E+02    0.110067207309120252E+01
    0.843404943089266779E-02   -0.695790869860969542E+04   -0.251733067892049266E-02   -0.131791008360531738E-02    0.692937400500357015E+00    0.445468654626036766E+02    0.160310758368987649E+01    0.486773322078551743E-01    0.896043157058477249E+02    0.110760500346620661E+01
    0.823826267233382023E-02   -0.695792422353917664E+04   -0.254258298731902194E-02   -0.120425758010708913E-02    0.693393550625320709E+00    0.445082399980297225E+02    0.160297400661373213E+01    0.487224241569602923E-01    0.896984014765801163E+02    0.109691586717120315E+01
    0.843108970209966238E-02   -0.695803299663414691E+04   -0.272980317669488642E-02   -0.229777226845383643E-02    0.693321036462860030E+00    0.442846344651278585E+02    0.160278851057204297E+01    0.482607880538747022E-01    0.899077070977349564E+02    0.107874330983804945E+01
    0.818025947827752571E-02   -0.695803509231961107E+04   -0.249049886490718261E-02   -0.164243114300999899E-02    0.693651949233849319E+00    0.444960103800213460E+02    0.160291541486790767E+01    0.485559071528621419E-01    0.897283093184322098E+02    0.109965234811570345E+01
    0.795371829670425343E-02   -0.695804142363646861E+04   -0.245320972068348254E-02   -0.125909513875825056E-02    0.693895558307522031E+00    0.445285932924065051E+02    0.160304517879955388E+01    0.487041428524838255E-01    0.897542644334865685E+02    0.109861811508252583E+01
    0.772187671708487143E-02   -0.695804475944238857E+04   -0.211223877215670035E-02   -0.129472276595786061E-02    0.693903707280615012E+00    0.444900458119925801E+02    0.160280584965386974E+01    0.484968649598131601E-01    0.898197220494268009E+02    0.109747691270804726E+01
    0.770579645620421676E-02   -0.695810309024162234E+04   -0.279623282901053562E-02   -0.229604859988862594E-02    0.694450549613128909E+00    0.443096459074561793E+02    0.160244845467225416E+01    0.481240925431335037E-01    0.900545763348429347E+02    0.106315516466281146E+01
    0.759562204530295475E-02   -0.695813678864655230E+04   -0.289173409099200080E-02   -0.134136053516066209E-02    0.692921487597631502E+00    0.444531713989493653E+02    0.160312039037729059E+01    0.485392391103337817E-01    0.897077559305850230E+02    0.108829414894430010E+01
    0.761809498222484633E-02   -0.695820519724948645E+04   -0.259618326104677638E-02   -0.192896964329520790E-02    0.693500466571866703E+00    0.444999702769132313E+02    0.160287611229502414E+01    0.487816469558340279E-01    0.897341844516366223E+02    0.108300352535583810E+01
    0.751373483810253897E-02   -0.695824010989223098E+04   -0.304486245657921342E-02   -0.102815627465359838E-02    0.692267824263009701E+00    0.445837502940272330E+02    0.160350887840520318E+01    0.489424517603464920E-01    0.894485230591559457E+02    0.110436319194238974E+01
    0.754216725279245603E-02   -0.695831016372681825E+04   -0.246798716494398213E-02   -0.126314585300116170E-02    0.692976192173739292E+00    0.445314008524829390E+02    0.160323410667854782E+01    0.487706541229597570E-01    0.896292372513465665E+02    0.110827243692881572E+01
    0.741341942977723906E-02   -0.695833822816601787E+04   -0.286071301098173719E-02   -0.143715249492126209E-02    0.692505393825175841E+00    0.444907544276116269E+02    0.160332828223358392E+01    0.486854633593402572E-01    0.895802818598461954E+02    0.110080321340355236E+01
    0.760586131443437979E-02   -0.695845198292853456E+04   -0.267201555652279640E-02   -0.138446268446097373E-02    0.692110088473249063E+00    0.444405050405484729E+02    0.160329627221165993E+01    0.486478927475808010E-01    0.895504236966745708E+02    0.110942697962524450E+01
    0.739598297960002669E-02   -0.695845851860171479E+04   -0.256792440582928995E-02   -0.138987683545036488E-02    0.693317813094993851E+00    0.445848894360352190E+02    0.160283238787357063E+01    0.488825503850262855E-01    0.897380895947376303E+02    0.108713108525962943E+01
    0.748615145543761809E-02   -0.695854525425947031E+04   -0.267636720266622996E-02   -0.151239823022344543E-02    0.693250912943067288E+00    0.445923982503402812E+02    0.160290886811659439E+01    0.488361414047556938E-01    0.896442510401120245E+02    0.109452078437330691E+01
    0.727773831716174366E-02   -0.695855128486370813E+04   -0.280176283544782394E-02   -0.102858054104219159E-02    0.692423140830542794E+00    0.444762450599866526E+02    0.160329989655690031E+01    0.486218934492935045E-01    0.895658812646049682E+02    0.110557748331406858E+01
    0.710192768152278012E-02   -0.695856487708053919E+04   -0.259360135222418652E-02   -0.133117078132918387E-02    0.693367838381071522E+00    0.445581412821027314E+02    0.160284789439727637E+01    0.487776615615230086E-01    0.897405102348277666E+02    0.108719595859074425E+01
    0.704959891047718824E-02   -0.695861258602341604E+04   -0.260886912639669106E-02   -0.133674816019524142E-02    0.693265162060818896E+00    0.444712433030243446E+02    0.160314157582282979E+01    0.485664290484581831E-01    0.896891110027866745E+02    0.109907229305190124E+01
    0.688769427651578659E-02   -0.695862861733966201E+04   -0.263686364982137784E-02   -0.120881383315958406E-02    0.693445479159402578E+00    0.445055778430412516E+02    0.160297349479110185E+01    0.485996202631979596E-01    0.897100161278279700E+02    0.109211153655561510E+01
    0.678460108349498124E-02   -0.695866095557261451E+04   -0.239947244461737735E-02   -0.148821655347058978E-02    0.693973798816212462E+00    0.444229462565828612E+02    0.160290124143097668E+01    0.482872714235533934E-01    0.898079520904687314E+02    0.110034550948373266E+01
    0.669152363046711298E-02   -0.695869582776859352E+04   -0.284417784792602912E-02   -0.128190665931548673E-02    0.692218468315505819E+00    0.445160287829598218E+02    0.160318996178426176E+01    0.487899123770428184E-01    0.895724306658165261E+02    0.109936132777585316E+01
    0.685266134440590258E-02   -0.695880591876577091E+04   -0.255843957384928452E-02   -0.125945823649392490E-02    0.692474492968718214E+00    0.444764832687415819E+02    0.160336000352911090E+01    0.486295751386550124E-01    0.895631931034529032E+02    0.111783011856254033E+01
    0.675204458103318035E-02   -0.695883883529709237E+04   -0.280870241630340033E-02   -0.118591494603091565E-02    0.692889157404423139E+00    0.445282943052112401E+02    0.160327097977786792E+01    0.487734955812449758E-01    0.896199865892156708E+02    0.109639301411811818E+01
    0.670030328294549376E-02   -0.695888595016023373E+04   -0.262412395420667495E-02   -0.147595195673736997E-02    0.692063641431548970E+00    0.445981076458266585E+02    0.160337509783848975E+01    0.490959298579388137E-01    0.894826622162710379E+02    0.111070360299969284E+01
    0.664653465069463874E-02   -0.695893233580463948E+04   -0.274451205765765269E-02   -0.131484379379498959E-02    0.693510445483972449E+00    0.444852504638586694E+02    0.160293226904015684E+01    0.485359612343046476E-01    0.897631236381680395E+02    0.108812834106741385E+01
    0.653497075568853624E-02   -0.695896098032134159E+04   -0.219221747296558921E-02   -0.189002290680465252E-02    0.694731308150522642E+00    0.444236301738764610E+02    0.160253753407534272E+01    0.484175345477876121E-01    0.899480183942779092E+02    0.108944766783869462E+01
    0.638606608121084461E-02   -0.695897738146139454E+04   -0.271898554494706419E-02   -0.109427055840445207E-02    0.692764422994204376E+00    0.446002068101999498E+02    0.160333990224772238E+01    0.490658454507233721E-01    0.895370507243308253E+02    0.110468355417007524E+01
    0.623316556375689938E-02   -0.695899141321711613E+04   -0.253138381640217363E-02   -0.128354633642685230E-02    0.692074475936534594E+00    0.444819294226278075E+02    0.160335867153257761E+01    0.486619124355348806E-01    0.895143711989256019E+02    0.111698680674363260E+01
    0.617969863499840712E-02   -0.695903668358870073E+04   -0.272441503857809211E-02   -0.175185348924230622E-02    0.692755841615028123E+00    0.445825881855369062E+02    0.160307786092567661E+01    0.489448383897902045E-01    0.896037923746994238E+02    0.109608353386652890E+01
    0.609398493465620507E-02   -0.695907124899406699E+04   -0.266841322339012510E-02   -0.124543828125178962E-02    0.692648377673204307E+00    0.445659817975205499E+02    0.160336758786368949E+01    0.489136873716400147E-01    0.895256497276945709E+02    0.110774624293992585E+01
    0.597018054660109279E-02   -0.695909269891578424E+04   -0.259836651201073758E-02   -0.165872106933047251E-02    0.693296357488988657E+00    0.445203772844144154E+02    0.160303408383441615E+01    0.486937934303766778E-01    0.896599479054331709E+02    0.109940157722539000E+01
    0.583482442240200894E-02   -0.695910933292699883E+04   -0.264173526075225148E-02   -0.107556553313187665E-02    0.692409839249219505E+00    0.446058952690076396E+02    0.160343277899980330E+01    0.490554263419803252E-01    0.894759498191601068E+02    0.111768956839487599E+01
    0.570540795766476348E-02   -0.695912697355636737E+04   -0.251901636293131630E-02   -0.136738816498165050E-02    0.692875817335926070E+00    0.444765590362731871E+02    0.160317062197275795E+01    0.486006036754669871E-01    0.896393480192472083E+02    0.110827197644893571E+01
    0.561727786984684424E-02   -0.695915833894080060E+04   -0.274847389885283632E-02   -0.121982274099543468E-02    0.692354997423888618E+00    0.445100406857074944E+02    0.160328558151879719E+01    0.487477456576673532E-01    0.895375205756590304E+02    0.110545899568498340E+01
    0.559606095514000781E-02   -0.695921327047600789E+04   -0.248077807722878706E-02   -0.130739897170476329E-02    0.693600532177272244E+00    0.444252644157851933E+02    0.160315189060686891E+01    0.484190881554427341E-01    0.897053462026481441E+02    0.110857550272945926E+01
    0.548918750909684668E-02   -0.695923720507700455E+04   -0.251870591919083411E-02   -0.137012218837410395E-02    0.692998362770694043E+00    0.444472866903628088E+02    0.160306238580365079E+01    0.484995514333491709E-01    0.896738564343294939E+02    0.110173418713192151E+01
    0.540482730408146581E-02   -0.695926872957614523E+04   -0.270803501270939096E-02   -0.115452325181959075E-02    0.693169737794133267E+00    0.444376238991590142E+02    0.160311506887761346E+01    0.484873723615814947E-01    0.896950774802270416E+02    0.110138215931473882E+01
    0.525747322607537405E-02   -0.695927594564938954E+04   -0.252196645047610005E-02   -0.134011468374407687E-02    0.692921650762236996E+00    0.445189481231024402E+02    0.160318218809866297E+01    0.487641583169381790E-01    0.896154313305611225E+02    0.110960904298315866E+01
    0.514643565417268259E-02   -0.695929575331541400E+04   -0.264063271600066410E-02   -0.137107103980622859E-02    0.693423002434646940E+00    0.443987517795456910E+02    0.160308598402829605E+01    0.483516690728268070E-01    0.897337277234402961E+02    0.109878759264178694E+01
    0.500426999648204921E-02   -0.695930222767182750E+04   -0.288756670501078613E-02   -0.120096026074194870E-02    0.692911539798546916E+00    0.444991029356690575E+02    0.160308084547765439E+01    0.487612866055589997E-01    0.896742034541108666E+02    0.108593278067918453E+01
    0.485437110537094776E-02   -0.695930390369306406E+04   -0.247662032109905589E-02   -0.145799606551690638E-02    0.692729808532362545E+00    0.444944407483284010E+02    0.160315696996460777E+01    0.487097476397753554E-01    0.896487075042320214E+02    0.110242368975276706E+01
    0.475898483840346033E-02   -0.695932671332977679E+04   -0.244527628614128138E-02   -0.136901917575270662E-02    0.693220035329407680E+00    0.443842176303800926E+02    0.160311692976521614E+01    0.483526589428815504E-01    0.896995645186852357E+02    0.110712817819445219E+01
    0.467259387286238052E-02   -0.695935257327855834E+04   -0.269622316595383941E-02   -0.123744508436351530E-02    0.693156244966219748E+00    0.444409414722170908E+02    0.160301973184422675E+01    0.485188801109197945E-01    0.897183841742497350E+02    0.109530090371188749E+01
    0.459845349202853398E-02   -0.695938308467643219E+04   -0.273769095153505657E-02   -0.123552984191040160E-02    0.693039689978951379E+00    0.444617211085323234E+02    0.160298585323130927E+01    0.485099496383814902E-01    0.897052456433600867E+02    0.109463163775349992E+01
    0.447488618643948708E-02   -0.695939110641367733E+04   -0.287961491155045183E-02   -0.121034532187811925E-02    0.693069846738764817E+00    0.444656619109810336E+02    0.160325319091418517E+01    0.486105460054138752E-01    0.896221020670474360E+02    0.109668672245472232E+01
    0.437829886287883965E-02   -0.695940996510021796E+04   -0.258528009166043892E-02   -0.172270681059830729E-02    0.694213850906356345E+00    0.445008885052112859E+02    0.160274429191542067E+01    0.486604494341510013E-01    0.898114745065740436E+02    0.108699334262308511E+01
    0.432709493504873643E-02   -0.695944893737957955E+04   -0.243131547516310361E-02   -0.147029301376608475E-02    0.693345827208733945E+00    0.444640100933029530E+02    0.160294537975404716E+01    0.485513037063524111E-01    0.897527366566502565E+02    0.110003924276641674E+01
    0.420052978018839538E-02   -0.695945206588821566E+04   -0.246070764928316360E-02   -0.137055868120433341E-02    0.693599917604218574E+00    0.444624420237352211E+02    0.160290169220019085E+01    0.485575445403373454E-01    0.897880202822539957E+02    0.109367032985344936E+01
    0.407891525720556394E-02   -0.695945580674673602E+04   -0.266594536331411693E-02   -0.130948513664595734E-02    0.691950005491274833E+00    0.445686425426552759E+02    0.160351240618828750E+01    0.489750409177032026E-01    0.894386682392580354E+02    0.111247245789602101E+01
    0.406205048028267842E-02   -0.695951002035831880E+04   -0.282287957802557655E-02   -0.150712161589305654E-02    0.692888098315293299E+00    0.445941165474218764E+02    0.160312919594028092E+01    0.490779704954523235E-01    0.895721273267527494E+02    0.109169007918570293E+01
    0.408880739404152149E-02   -0.695958565125093628E+04   -0.252077319328270323E-02   -0.168097028861736260E-02    0.693797758071045045E+00    0.445379779520385242E+02    0.160293102339622839E+01    0.488560990075780424E-01    0.897039234945269470E+02    0.109535358838291508E+01
    0.404345616811062347E-02   -0.695962584420408348E+04   -0.260018308960746278E-02   -0.166595031121747955E-02    0.693139715958096647E+00    0.445200060913109752E+02    0.160299822466895248E+01    0.488396689768043624E-01    0.896581956053012021E+02    0.109605395529419369E+01
    0.396584487759922989E-02   -0.695964958240980923E+04   -0.261114769858459585E-02   -0.134449349906889102E-02    0.692143852011035454E+00    0.446341141992077013E+02    0.160338748942784681E+01    0.491901574837580388E-01    0.894728816077430196E+02    0.110828813184812014E+01
    0.389797659328530114E-02   -0.695967755976979879E+04   -0.293712579326632205E-02   -0.121604768854099553E-02    0.692838386250660521E+00    0.444602224665788412E+02    0.160333326533097198E+01    0.485799015513172158E-01    0.895935298525506312E+02    0.109932008205018117E+01
    0.384125694141773623E-02   -0.695971074386033342E+04   -0.242057018832452083E-02   -0.132009304351522966E-02    0.693041842341081016E+00    0.445220852855698297E+02    0.160316005032561426E+01    0.487582984670752728E-01    0.896511081883455745E+02    0.110910456198732943E+01
    0.372444752202093395E-02   -0.695971148162645750E+04   -0.244680127148954154E-02   -0.122117473951413981E-02    0.692976318486912879E+00    0.444924384668551269E+02    0.160311866959595251E+01    0.486057853154657632E-01    0.896760720216426819E+02    0.110949794456428852E+01
    0.365614056438253680E-02   -0.695973696077814839E+04   -0.265690481664846660E-02   -0.117344785970680768E-02    0.692926416185820515E+00    0.444672757562229037E+02    0.160312818282261382E+01    0.485943852173009103E-01    0.896554616541350811E+02    0.110630101962593064E+01
    0.355528231078879086E-02   -0.695974351352210579E+04   -0.231407678126444418E-02   -0.200917503839093559E-02    0.695362796966184193E+00    0.444534688641456341E+02    0.160234707771090101E+01    0.484376235320527065E-01    0.900392126529681036E+02    0.107471172617647537E+01
    0.360083230346653575E-02   -0.695983147460556211E+04   -0.259429115909445450E-02   -0.142469601106675497E-02    0.693816558908775582E+00    0.444539637493936510E+02    0.160291789596170675E+01    0.484155203631122452E-01    0.898024853722084941E+02    0.109174256631387445E+01
    0.354552334370198882E-02   -0.695986301613282012E+04   -0.259228994113073954E-02   -0.133213301313481929E-02    0.693393066338649833E+00    0.445351858481403795E+02    0.160300029689416612E+01    0.486765526705188190E-01    0.897103880751782867E+02    0.109583315759446998E+01
    0.344623044181796264E-02   -0.695986870659353190E+04   -0.271510794135856794E-02   -0.111251286279885359E-02    0.692715060239934677E+00    0.445809629075477716E+02    0.160322105382291169E+01    0.489444468736140378E-01    0.895905295663083194E+02    0.110289208124192650E+01
    0.346158370646611636E-02   -0.695994009698322679E+04   -0.258264656023658506E-02   -0.127202671541663489E-02    0.693889686329080102E+00    0.443862777555114292E+02    0.160292272434176675E+01    0.481831074332462125E-01    0.898129886747210691E+02    0.109767084925069391E+01
    0.337358965783334051E-02   -0.695995109929292266E+04   -0.260359745211763980E-02   -0.147273185859389338E-02    0.691848998782808589E+00    0.445898475378510923E+02    0.160346624526170700E+01    0.490657164482204769E-01    0.894544026159438062E+02    0.111327620453012188E+01
    0.327852088063794239E-02   -0.695995642931659040E+04   -0.262281516809724675E-02   -0.124297761713393958E-02    0.692167018049066329E+00    0.445596783638561789E+02    0.160334474282921380E+01    0.488883485142430491E-01    0.895292840505921390E+02    0.110808592476714707E+01
    0.318507357990603862E-02   -0.695996109535880350E+04   -0.266327775045886684E-02   -0.123539151256487722E-02    0.693739017828989613E+00    0.444367026951046142E+02    0.160291603152735718E+01    0.483685296673946052E-01    0.897976573621139664E+02    0.109085121015109454E+01
    0.313215749281433144E-02   -0.695999008870111902E+04   -0.256069970445249335E-02   -0.126712178546780577E-02    0.692440106372189446E+00    0.444951585840114561E+02    0.160323679113925621E+01    0.487277776338534210E-01    0.896066112855074408E+02    0.110826398485385758E+01
    0.305566426857072516E-02   -0.696000313858828304E+04   -0.249906849060625106E-02   -0.159943823941629138E-02    0.693582144429928049E+00    0.445880307970033485E+02    0.160301169196591631E+01    0.489860256826690141E-01    0.896674153170701089E+02    0.110093747728596125E+01
    0.299420032149525471E-02   -0.696002499896007885E+04   -0.261118822977054674E-02   -0.145037337019336666E-02    0.692288086007215031E+00    0.445714788707755076E+02    0.160328500733494894E+01    0.489878349815580233E-01    0.895385534106427912E+02    0.110883296931823305E+01
    0.293455020206479563E-02   -0.696004725295407843E+04   -0.260522439207375037E-02   -0.118888657518135253E-02    0.693393320007443470E+00    0.444564766408062582E+02    0.160290005219973497E+01    0.485218948038438902E-01    0.897710419601394705E+02    0.109294112045330394E+01
    0.286043462730097399E-02   -0.696005859173901354E+04   -0.244120854816562600E-02   -0.147693735925415377E-02    0.692519643750414526E+00    0.445559375594299354E+02    0.160321276092869502E+01    0.489523212860128176E-01    0.895672654761541338E+02    0.111121259785378679E+01
    0.278080214006146175E-02   -0.696006462342861323E+04   -0.268530738274191808E-02   -0.139492762949118988E-02    0.692554725644843328E+00    0.444645802515466997E+02    0.160326683793066072E+01    0.485978190314625136E-01    0.895959486283756092E+02    0.110693651293767514E+01
    0.503261835644640276E-02   -0.696125135088085335E+04   -0.238415131700824273E-02   -0.164240417477575559E-02    0.695202785604354889E+00    0.444686503522181837E+02    0.160245026424070880E+01    0.484758261267719953E-01    0.899815650627408985E+02    0.107871025648434693E+01
    0.657623322914600763E-02   -0.696178639433519220E+04   -0.267595636171982006E-02   -0.124589588238545605E-02    0.694204713389293571E+00    0.444164978053055677E+02    0.160281824870571099E+01    0.482592323347896257E-01    0.898865712229216882E+02    0.108209440900342591E+01
    0.796585136182765413E-02   -0.696216979773852927E+04   -0.283511577851269922E-02   -0.140371951284382632E-02    0.692777454485869026E+00    0.446352450625736452E+02    0.160316451127046533E+01    0.492051711859968002E-01    0.895500561418991907E+02    0.109388300514586834E+01
    0.404956421604309516E-02   -0.696081668863620780E+04   -0.263935885226943435E-02   -0.119163979392903035E-02    0.693441112576337448E+00    0.444743701890106351E+02    0.160299139274855751E+01    0.485979779601513062E-01    0.897345320011429948E+02    0.109461393456365630E+01
    0.661892182946272490E-02   -0.696179933506959333E+04   -0.232833335018176263E-02   -0.135125668245141646E-02    0.693170167551856564E+00    0.444827704695790089E+02    0.160309207480691374E+01    0.485839145439304204E-01    0.896709755729177118E+02    0.111503677297400206E+01
    0.346505445591667937E-02   -0.696050492678452702E+04   -0.251986772689085682E-02   -0.128330734591176800E-02    0.693321458033251625E+00    0.444443264958743782E+02    0.160296826727165254E+01    0.484642172052649478E-01    0.897542341805325634E+02    0.109436789805282264E+01
    0.286023572753532152E-02   -0.696012127817480450E+04   -0.250148899081965815E-02   -0.145885922165942808E-02    0.693013385251737835E+00    0.445001606405249817E+02    0.160310140764571440E+01    0.487332089064157620E-01    0.896653610835849975E+02    0.110227822817393029E+01
    0.284713510815736651E-02   -0.696011209661449357E+04   -0.226956134580892687E-02   -0.170464197684482726E-02    0.692730378237382816E+00    0.444931347123163121E+02    0.160317008616360757E+01    0.487371564517727618E-01    0.896117738580771430E+02    0.111464211480295550E+01
    0.446780261489958946E-02   -0.696101326349295232E+04   -0.261961423710385666E-02   -0.119430459623828377E-02    0.692905415358330612E+00    0.444995972968676128E+02    0.160310329681059582E+01    0.487056665333332542E-01    0.896685643352027597E+02    0.110020099386249814E+01
    0.285252200499653240E-02   -0.696011587712152141E+04   -0.278192278812902346E-02   -0.131271998075788783E-02    0.692395277174620905E+00    0.445013113507022169E+02    0.160320501338341947E+01    0.486937636522044789E-01    0.895773154667039080E+02    0.109921121654416032E+01
    0.324265666621899231E-02   -0.696037225599256635E+04   -0.264419867804226378E-02   -0.133591828917487866E-02    0.692443050245800551E+00    0.445017998541872473E+02    0.160316438136599815E+01    0.486877977188007391E-01    0.895917277674138290E+02    0.110426231790535789E+01
    0.285822166201783311E-02   -0.696011986935738150E+04   -0.260050413598161530E-02   -0.136144817316888409E-02    0.692669176671440345E+00    0.444943172958582736E+02    0.160310236987496180E+01    0.486735196738553866E-01    0.896564196624982941E+02    0.109834687457482350E+01
    0.347808165245075624E-02   -0.696051243187249747E+04   -0.245618905083601086E-02   -0.178823821236999848E-02    0.694866353750913990E+00    0.444554156968273375E+02    0.160255896757070015E+01    0.484658381024628687E-01    0.899147324957318972E+02    0.108220078710097756E+01
    0.883894474449463396E-02   -0.696237780508096239E+04   -0.270687360772594362E-02   -0.117820007084986863E-02    0.693162468241300678E+00    0.444467640462708005E+02    0.160311030718496550E+01    0.485073926731454524E-01    0.896836654452984874E+02    0.110335046375880830E+01
    0.376717015474758738E-02   -0.696067211828254221E+04   -0.262264624701857895E-02   -0.118681781774211030E-02    0.692682787841606529E+00    0.445932289398644457E+02    0.160330010985282567E+01    0.489703226863976507E-01    0.895557346529249969E+02    0.110881054072857532E+01
    0.330186941594886024E-02   -0.696040844768302213E+04   -0.274948023962509093E-02   -0.127272153186512105E-02    0.693013787530008751E+00    0.444680702069788722E+02    0.160309547843101763E+01    0.486157679681505361E-01    0.896859002651065680E+02    0.109604752493724455E+01
    0.293930337874285987E-02   -0.696017581530204097E+04   -0.217594105125978269E-02   -0.182125014139418884E-02    0.694485877551658359E+00    0.444442586809738600E+02    0.160260261711136498E+01    0.484791719446210148E-01    0.898977076280924052E+02    0.109596596989101380E+01
    0.430701971761353331E-02   -0.696093996245570452E+04   -0.264589023544675771E-02   -0.113828685272375453E-02    0.693137353172718518E+00    0.445083826362332786E+02    0.160303247090114787E+01    0.487193220679317252E-01    0.896804805892553816E+02    0.109857268688719589E+01
    0.834853149893630825E-02   -0.696226364139751422E+04   -0.262955589676179937E-02   -0.141116351362574957E-02    0.693215080086882263E+00    0.445914501204235805E+02    0.160312627312309020E+01    0.490407085978906351E-01    0.895895287710460622E+02    0.110263326177076193E+01
    0.686958677521256819E-02   -0.696187367799801723E+04   -0.240489975966317552E-02   -0.135288107323032415E-02    0.692566571319541802E+00    0.445764149025810283E+02    0.160327377613323718E+01    0.490032174893669792E-01    0.895567061662417530E+02    0.111403582023350101E+01
    0.951638456405711278E-02   -0.696252550009548031E+04   -0.224135343847744551E-02   -0.179714025411288614E-02    0.693990032004160096E+00    0.444321020920111351E+02    0.160280976284650989E+01    0.484682152749790832E-01    0.897947285430814617E+02    0.110185599225562680E+01
    0.110993494918850931E-01   -0.696283324309203635E+04   -0.262765718364676732E-02   -0.134268948314161004E-02    0.693598021511839580E+00    0.444508588293114570E+02    0.160288679757697050E+01    0.484578372356880629E-01    0.898031394565731915E+02    0.108899394351664514E+01
    0.457687867633892707E-02   -0.696106150459565379E+04   -0.242582005101084526E-02   -0.130331299305190941E-02    0.693400826357817190E+00    0.444246543559165019E+02    0.160301204661951902E+01    0.483812575852895638E-01    0.897324239148227747E+02    0.110620928286732756E+01
    0.145540500563950161E-01   -0.696337520870605476E+04   -0.243877601426962685E-02   -0.138288597770310807E-02    0.693139434178007829E+00    0.444120239526692444E+02    0.160313274810401318E+01    0.483675991076620501E-01    0.896782247152906393E+02    0.111349076673880010E+01
    0.376011335654078804E-02   -0.696066836829743079E+04   -0.267269651864913190E-02   -0.122054198097186722E-02    0.692820977322907039E+00    0.444426265646864351E+02    0.160316151287720920E+01    0.485689786897757908E-01    0.896184799286837972E+02    0.110422733554241792E+01
    0.560934982467505613E-02   -0.696146833972158038E+04   -0.249729801270947172E-02   -0.135600936248528640E-02    0.693303286964085164E+00    0.444255650063905279E+02    0.160316112678392209E+01    0.484371899387152777E-01    0.896604851725685563E+02    0.111252196275667647E+01
    0.286920743710594468E-02   -0.696012754176213457E+04   -0.285079294803815449E-02   -0.113580505092547796E-02    0.693575364072638090E+00    0.444457131899630511E+02    0.160297054060979693E+01    0.483854564029314455E-01    0.897669804255844497E+02    0.108633593679368423E+01
    0.383679154221509963E-02   -0.696070874305043071E+04   -0.255008505982357242E-02   -0.124496673324006450E-02    0.693744220552251045E+00    0.444303977475815230E+02    0.160298800980055778E+01    0.483591128935134743E-01    0.898041605114939756E+02    0.109473214225783355E+01
    0.437783972632242030E-02   -0.696097258086660440E+04   -0.273210393297814358E-02   -0.106326654417260584E-02    0.693028915212413832E+00    0.445450600891501765E+02    0.160326862642399393E+01    0.488766196545095677E-01    0.895782825712928314E+02    0.110354326301002903E+01
    0.348960748072918046E-02   -0.696051904860787181E+04   -0.265951937414781944E-02   -0.133749447013352418E-02    0.692903838637040193E+00    0.444418656457231407E+02    0.160316870974670689E+01    0.484479756776218587E-01    0.896504044643669005E+02    0.110024657170135054E+01
    0.419675399278795266E-02   -0.696088809282274360E+04   -0.268102670784418993E-02   -0.122871081795035398E-02    0.692752370173385645E+00    0.445311449302230145E+02    0.160316547625493677E+01    0.488422126875994803E-01    0.896120628225267808E+02    0.109895923072011126E+01
    0.313364261297540076E-02   -0.696030386229151463E+04   -0.272341432416744328E-02   -0.111701286416212805E-02    0.692898151094416104E+00    0.445456432860994553E+02    0.160309254468684692E+01    0.488189529397412836E-01    0.896371594972631272E+02    0.109683923270601591E+01


    0.437640476499818760E-03   -0.695554221700764811E+04   -0.110342672129316085E-02    0.306474905709645026E-02    0.706900864273571683E+00    0.451786119614747790E+02    0.159633793234939581E+01    0.508169456175269277E-01    0.920695836975096142E+02    0.106758187045941044E+01
    0.488677882791568549E-03   -0.695587393972399877E+04   -0.110119580021850877E-02    0.329076853760820829E-02    0.705202118759656438E+00    0.452471092437214466E+02    0.159741857599634351E+01    0.508131489283055321E-01    0.916978915810773145E+02    0.104324301636035766E+01
    0.501080698028463691E-03   -0.695603517806711170E+04   -0.982423618465231132E-03    0.316910225907719983E-02    0.705857203239284581E+00    0.451993132298821365E+02    0.159691043279017708E+01    0.507907841144458055E-01    0.919544650765399894E+02    0.105845464386952615E+01
    0.492492051246719623E-03   -0.695611171149593974E+04   -0.140670216635097305E-02    0.265691334751427333E-02    0.707289210550479885E+00    0.450979750813252807E+02    0.159658929628047819E+01    0.503477331399308503E-01    0.920890489259294327E+02    0.107770182567048356E+01
    0.529755422197004163E-03   -0.695636869683025725E+04   -0.891764734755700911E-03    0.315210904435026060E-02    0.706194906594825866E+00    0.451957522349293015E+02    0.159657669097806232E+01    0.507852025583844652E-01    0.921124262712873190E+02    0.106408097495627141E+01
    0.540268937401437179E-03   -0.695651911117201234E+04   -0.139477491992125559E-02    0.251360312686158558E-02    0.708672650692914075E+00    0.450411494520872182E+02    0.159586255039487290E+01    0.503901114379720350E-01    0.923644113437195386E+02    0.109721663871387154E+01
    0.758728696210672193E-03   -0.695730937671650554E+04   -0.119895703363521577E-02    0.318038707924807144E-02    0.705810967161472735E+00    0.452028473643898039E+02    0.159700224544747993E+01    0.507810131388923766E-01    0.918782892749333371E+02    0.105373893388199580E+01
    0.829078476797077317E-03   -0.695759782892875410E+04   -0.186049234409722862E-02    0.202910834916105896E-02    0.709058613949649752E+00    0.449143993566729236E+02    0.159622721052291849E+01    0.497900815766367105E-01    0.925099028412652160E+02    0.111172837496513943E+01
    0.911087573892430959E-03   -0.695789758845383221E+04   -0.921272275431750214E-03    0.302717652658152266E-02    0.706582740882300442E+00    0.451684115849147219E+02    0.159637734758171312E+01    0.507131193734162711E-01    0.922109120019293158E+02    0.107161003015561151E+01
    0.985431912842603527E-03   -0.695816558159136184E+04   -0.136597052726603985E-02    0.294160293419850304E-02    0.706707512089953860E+00    0.451595406424615078E+02    0.159673359573861906E+01    0.505672724987768704E-01    0.920150091655208229E+02    0.106685167861689667E+01
    0.997146974838135315E-03   -0.695830032898432819E+04   -0.172305122583213096E-02    0.254231467136500520E-02    0.708000400803061480E+00    0.450400152854249143E+02    0.159648259056653075E+01    0.502413185551704722E-01    0.922546104940691691E+02    0.109185458678681280E+01
    0.100783089537858739E-02   -0.695843275508713850E+04   -0.950254148311928479E-03    0.335143440201384531E-02    0.705201628168681482E+00    0.452566244655441565E+02    0.159719731358461559E+01    0.509257935794791838E-01    0.917073403496652872E+02    0.104139639534420847E+01
    0.159214726057260269E-02   -0.695945843257914930E+04   -0.991238466777384728E-03    0.292792036863938170E-02    0.706033503531066309E+00    0.451680594348530136E+02    0.159707564929326762E+01    0.505321193283757714E-01    0.918983870785702237E+02    0.105720833093299649E+01
    0.208331839616329164E-02   -0.696010730053367843E+04   -0.118265570564882834E-02    0.292844724316970815E-02    0.707274208546255223E+00    0.451482585419565297E+02    0.159633819364272656E+01    0.507397171965228710E-01    0.920764546955201695E+02    0.107273048555135952E+01
    0.210748085585427732E-02   -0.696024147428843389E+04   -0.130162626972114446E-02    0.297935900923575973E-02    0.706874032808884722E+00    0.451603364832330669E+02    0.159662297027178002E+01    0.507124023643580543E-01    0.919700329500691112E+02    0.106654843629593921E+01
    0.283863216715204503E-02   -0.696094824335520843E+04   -0.167289985222400864E-02    0.247990880697707312E-02    0.708125369727090392E+00    0.450260918528047114E+02    0.159642334833633059E+01    0.501866153601801396E-01    0.923461156630836371E+02    0.109496159003034998E+01
    0.342806746935079209E-02   -0.696143670322135131E+04   -0.185957419237372688E-02    0.230328900829645166E-02    0.708850028994130299E+00    0.449748339931427807E+02    0.159613263945754280E+01    0.501315356200434173E-01    0.924048104516685669E+02    0.110484433315290098E+01
    0.496518931727106799E-02   -0.696228872382197096E+04   -0.126132129458550023E-02    0.300040758966629243E-02    0.706294544822349435E+00    0.451656655941233467E+02    0.159693293946189629E+01    0.506142446066697449E-01    0.919350283356257023E+02    0.106215476458541525E+01
    0.498708405812335435E-02   -0.696240863484254987E+04   -0.174895543896488566E-02    0.213938053354033103E-02    0.708778529400222013E+00    0.449470246010393453E+02    0.159630509661604103E+01    0.498962354571594671E-01    0.924912723281026530E+02    0.110948545281875721E+01
    0.512859095228068197E-02   -0.696257570509648576E+04   -0.134385196293450825E-02    0.303421161995317320E-02    0.706296466577647553E+00    0.451651784285964197E+02    0.159693832463088481E+01    0.506308113637427282E-01    0.919189967986405065E+02    0.106224582520780153E+01
    0.541921175504862622E-02   -0.696279705504548474E+04   -0.159358215128633770E-02    0.226407024727859341E-02    0.709210882732786096E+00    0.449652016707149684E+02    0.159581472083607956E+01    0.501076118873664406E-01    0.925861883482960764E+02    0.111344064928601871E+01
    0.517949303298736227E-02   -0.696281767977494565E+04   -0.155326598053002010E-02    0.230383312313508885E-02    0.708926073357350583E+00    0.449990771443277850E+02    0.159596234294802053E+01    0.501317430222268726E-01    0.924413282254626836E+02    0.110427259961669799E+01
    0.499289468354971282E-02   -0.696285540820020469E+04   -0.149611939829492934E-02    0.278644629910613844E-02    0.707057165072382365E+00    0.451110859622251041E+02    0.159666024633374848E+01    0.504590326149460533E-01    0.921066561707703642E+02    0.107629779648340085E+01
    0.503647300242941482E-02   -0.696298389970636981E+04   -0.105601365666142138E-02    0.292462894668805984E-02    0.706308855748872477E+00    0.451513027163937792E+02    0.159691133353664139E+01    0.505373978430399967E-01    0.919157067543521862E+02    0.106121534888928326E+01
    0.535429867895992079E-02   -0.696321739820482617E+04   -0.165932933726350615E-02    0.245787784224730296E-02    0.708519065909125279E+00    0.450142775038898719E+02    0.159618014912625039E+01    0.502589306197978383E-01    0.923956959173786316E+02    0.110118329962951855E+01
    0.519813655182657045E-02   -0.696326931026847524E+04   -0.146178990363580964E-02    0.221633368810131943E-02    0.708652999777997783E+00    0.449790199117939693E+02    0.159618877786890345E+01    0.499856790266576187E-01    0.924495181834000732E+02    0.110516898155242660E+01
    0.500432002919227754E-02   -0.696330442405816575E+04   -0.100732405284096032E-02    0.293870369800600887E-02    0.706119015646643478E+00    0.451662562000541570E+02    0.159699124993863650E+01    0.505859777054193382E-01    0.919048423946686341E+02    0.105865104786710074E+01
    0.613499390507703680E-02   -0.696382295024819814E+04   -0.144456860472427610E-02    0.236058004120564538E-02    0.708750300457457239E+00    0.450144073289311279E+02    0.159606471959282770E+01    0.501816597828595862E-01    0.923696807345149722E+02    0.109744319326815010E+01
    0.664623215521994559E-02   -0.696409414339170598E+04   -0.180040371263611018E-02    0.211412721919611172E-02    0.709042571916846387E+00    0.449358222171371722E+02    0.159606922869201906E+01    0.499374646164836219E-01    0.925215495754888479E+02    0.111358533733167819E+01
    0.666965417506018565E-02   -0.696421229032256269E+04   -0.128167118339032318E-02    0.298306490770870823E-02    0.706435475659930256E+00    0.451590978765115665E+02    0.159687757384419471E+01    0.506048149532991737E-01    0.919385103458086377E+02    0.106297393987653410E+01
    0.698714019983295766E-02   -0.696441640810250465E+04   -0.167216665791884884E-02    0.232426703982746693E-02    0.708766732140807987E+00    0.449953013213249520E+02    0.159611244434321597E+01    0.501131340755063062E-01    0.924512833374152336E+02    0.110475238904675344E+01
    0.695518947496243101E-02   -0.696451835265923182E+04   -0.166825794617711347E-02    0.212363112957748238E-02    0.708736576896647708E+00    0.449620141417697354E+02    0.159623551366663108E+01    0.498698140408863552E-01    0.924552729811137226E+02    0.110648683985399487E+01
    0.680077221381428752E-02   -0.696458455996754310E+04   -0.149661673126543198E-02    0.243158947444404357E-02    0.708226588203275109E+00    0.450357455403669533E+02    0.159631651128426433E+01    0.502039227296984247E-01    0.922876247555080482E+02    0.109139573235627130E+01
    0.647324464320460889E-02   -0.696459695369198926E+04   -0.165759811790990681E-02    0.238562206363397136E-02    0.708123813543690805E+00    0.450088895281579937E+02    0.159646712646208067E+01    0.501499747046713074E-01    0.922937052094488024E+02    0.109489855200505293E+01
    0.853178369027484187E-02   -0.696526030675164657E+04   -0.164491078932412502E-02    0.212143683557714261E-02    0.708649140382073384E+00    0.449521074402116980E+02    0.159618726952157819E+01    0.498864252612302994E-01    0.924624447389021356E+02    0.110710187968009444E+01
    0.868007227236593411E-02   -0.696540588067759109E+04   -0.121361273737818519E-02    0.309093981485782879E-02    0.706172465502397539E+00    0.451809097701600848E+02    0.159696082225066172E+01    0.507086866621279803E-01    0.918615584842864052E+02    0.105674152329102999E+01
    0.822376693030868466E-02   -0.696540898881505836E+04   -0.136522543206308352E-02    0.254918289940175846E-02    0.707721001441475095E+00    0.450624195717365055E+02    0.159648703617257182E+01    0.502361981779320607E-01    0.922151238138728928E+02    0.108565667813914746E+01
    0.925192352048919212E-02   -0.696575570614605385E+04   -0.173067106852640290E-02    0.220275505662716631E-02    0.708211242503415495E+00    0.449697477020903023E+02    0.159654548846239885E+01    0.498783179039806526E-01    0.923945502039899225E+02    0.110179418908066662E+01
    0.896754746322940381E-02   -0.696580437874746076E+04   -0.167711060246724200E-02    0.234501329614639339E-02    0.708360797913799245E+00    0.450114619780740242E+02    0.159633096397535135E+01    0.500865692040749211E-01    0.923644724979593263E+02    0.109956980654288228E+01
    0.990654391116598670E-02   -0.696611465649194815E+04   -0.162767221133448912E-02    0.220736230111973335E-02    0.708698581943648320E+00    0.449705598711162224E+02    0.159628540247981188E+01    0.499698583889467488E-01    0.924285966415124562E+02    0.110358153759967359E+01
    0.985238557941222996E-02   -0.696621480375658030E+04   -0.152457287523868543E-02    0.228876440078907683E-02    0.708436169643072655E+00    0.449982297376491545E+02    0.159633251878813343E+01    0.500450073964059799E-01    0.923671020890195820E+02    0.110000554746000478E+01
    0.962154897204354348E-02   -0.696627849816940579E+04   -0.164452805040693310E-02    0.243868062185572092E-02    0.708794453282265535E+00    0.450068659413595995E+02    0.159606201562376238E+01    0.502694367061295791E-01    0.924280516775341283E+02    0.110204542385803661E+01
    0.926812980979622135E-02   -0.696631476197089069E+04   -0.158072393037531110E-02    0.268147975176757708E-02    0.707597844035582013E+00    0.450847154398218919E+02    0.159655580947257514E+01    0.503966590463539796E-01    0.921889380255337585E+02    0.108535436187345313E+01
    0.931070247362238666E-02   -0.696643503894080095E+04   -0.158135632414336722E-02    0.286427547857737337E-02    0.707205894772408916E+00    0.451192315246686348E+02    0.159653719978153874E+01    0.505924780311512376E-01    0.920764199362549647E+02    0.107491393855434425E+01
    0.882309589084808582E-02   -0.696643856660062193E+04   -0.153263810907161612E-02    0.291734261283946045E-02    0.707150522996275899E+00    0.451290468846301280E+02    0.159653358491008834E+01    0.506350172825769732E-01    0.920705940424556815E+02    0.107387804372817741E+01
    0.927909103862574296E-02   -0.696665045926596213E+04   -0.180886983950341823E-02    0.223515758713385129E-02    0.709298260188598095E+00    0.449628074599477259E+02    0.159593575856532488E+01    0.500474624279363609E-01    0.925778017600891019E+02    0.111419316202366536E+01
    0.887097540136925697E-02   -0.696667161270313591E+04   -0.131263530061751627E-02    0.249395334013476338E-02    0.707686138948905419E+00    0.450536021834198550E+02    0.159652794531055719E+01    0.501861354835155121E-01    0.922405312451443820E+02    0.108663747834977675E+01
    0.920102710569985043E-02   -0.696685578454052484E+04   -0.158393861314549186E-02    0.298790555535723666E-02    0.707261160377723685E+00    0.451409549841300901E+02    0.159647087604387616E+01    0.507313010890701674E-01    0.920817617462087554E+02    0.107492285803636500E+01
    0.877287848914392460E-02   -0.696687159535714636E+04   -0.143514886022528621E-02    0.237307951661958148E-02    0.708118230713168817E+00    0.450172941430681277E+02    0.159630529613881933E+01    0.501391193849651806E-01    0.923055829685281282E+02    0.109084146679708294E+01
    0.868412302558317466E-02   -0.696696236936093555E+04   -0.155509958658978402E-02    0.227757508117523320E-02    0.708688780804707541E+00    0.449836782014489671E+02    0.159613106173050867E+01    0.500691773317818514E-01    0.924119665279545757E+02    0.110015704874056652E+01
    0.859317980163673729E-02   -0.696705242531898512E+04   -0.165515584958064320E-02    0.220415835328747166E-02    0.708702907312595665E+00    0.449657498676942069E+02    0.159614690667742765E+01    0.500006191921319731E-01    0.924213285696636859E+02    0.110328400145400729E+01
    0.859420586630128304E-02   -0.696716377522491530E+04   -0.193617720963614381E-02    0.217092187556388802E-02    0.709206615632847592E+00    0.449472290740626335E+02    0.159605583194101519E+01    0.499699357560266927E-01    0.925628240404442977E+02    0.111532275068320752E+01
    0.821837166436233460E-02   -0.696718545404675569E+04   -0.156479186830487272E-02    0.223554061885020616E-02    0.708446168211546934E+00    0.449827422400024872E+02    0.159625942987808145E+01    0.499887963068416166E-01    0.923808079757311447E+02    0.109856073631108719E+01
    0.803773002084246825E-02   -0.696725211438291808E+04   -0.199037381736424544E-02    0.214741998849370596E-02    0.709508101459663698E+00    0.449309812131202690E+02    0.159598248891390115E+01    0.499421943699028675E-01    0.925945223990243420E+02    0.111411933013095332E+01
    0.778026727400964960E-02   -0.696729811346198039E+04   -0.190828351078090410E-02    0.216845963811535111E-02    0.708992638464327252E+00    0.449474172079350467E+02    0.159600757388703030E+01    0.500132761213225793E-01    0.925495327958252005E+02    0.111565130063591678E+01
    0.756803965948799236E-02   -0.696735391133422854E+04   -0.198945258156906163E-02    0.213054233347230318E-02    0.709285701991451356E+00    0.449371699835466387E+02    0.159610426935441940E+01    0.499595972762896315E-01    0.925610416963308751E+02    0.111678411928505650E+01
    0.716955009681749349E-02   -0.696735684011030935E+04   -0.168793697159890627E-02    0.228017440037396471E-02    0.708608595384019546E+00    0.449801520432380570E+02    0.159613861481235197E+01    0.501041955814390816E-01    0.923854862976895248E+02    0.109923780091509848E+01
    0.696372756147641860E-02   -0.696740969521245734E+04   -0.187927941181954827E-02    0.219806820773233835E-02    0.709366417056340293E+00    0.449441132737340965E+02    0.159602756215247132E+01    0.500302942318602145E-01    0.925988601569940641E+02    0.111383655110795243E+01
    0.690306125899607832E-02   -0.696750330647113060E+04   -0.184732823033286657E-02    0.219525680542139237E-02    0.708634444315600298E+00    0.449758369662443087E+02    0.159625683110893468E+01    0.500359861395138494E-01    0.924919048374448209E+02    0.111809896373038797E+01
    0.694434336860042922E-02   -0.696762634248312133E+04   -0.184800636488732925E-02    0.227046528705877665E-02    0.708780864749171680E+00    0.449811924763483475E+02    0.159606854505963147E+01    0.500350286807640862E-01    0.925054647752712640E+02    0.111688992465932557E+01
    0.698980378486347125E-02   -0.696775050371550788E+04   -0.167069460872269109E-02    0.224362572663282852E-02    0.708807919687330812E+00    0.449692501602865775E+02    0.159612934680677077E+01    0.501053709234987946E-01    0.924091163717898212E+02    0.110168685015414436E+01
    0.696873406843166125E-02   -0.696785557702161259E+04   -0.169455475326942928E-02    0.233750634122577424E-02    0.708805345538966458E+00    0.449722151630575411E+02    0.159608868946422633E+01    0.501787484780058107E-01    0.924100129584566332E+02    0.110269821097727627E+01
    0.683425536868008908E-02   -0.696792771600844844E+04   -0.189718861255471286E-02    0.223860398531223895E-02    0.709148418925290125E+00    0.449668329637014637E+02    0.159602065780196223E+01    0.499926490170664248E-01    0.925417330126685442E+02    0.111639688645880653E+01
    0.654279557559033376E-02   -0.696795166114316089E+04   -0.200906976838809625E-02    0.215571633458078431E-02    0.709028479625059882E+00    0.449406843723031244E+02    0.159607805617602638E+01    0.499841696843576697E-01    0.925414278686519651E+02    0.111648034074637792E+01
    0.620961483016787847E-02   -0.696795824092970815E+04   -0.193182963267880792E-02    0.217084217666512575E-02    0.709640563930179047E+00    0.449263641493087107E+02    0.159587991138143925E+01    0.500108082434816414E-01    0.926380531570930117E+02    0.111258345932589497E+01
    0.604086149998602721E-02   -0.696801424756947745E+04   -0.192839967632369249E-02    0.217942376233239707E-02    0.709402488576552970E+00    0.449348818550846687E+02    0.159595833177736757E+01    0.500225296933122371E-01    0.925820900707521446E+02    0.111627395934517293E+01
    0.594462765544735965E-02   -0.696809324120540805E+04   -0.189320438102417500E-02    0.220070347019023444E-02    0.709015879182211650E+00    0.449576254896090717E+02    0.159605499004742812E+01    0.499861180694910132E-01    0.925247139439799753E+02    0.111660621539218430E+01
    0.584342456842183201E-02   -0.696817001057060861E+04   -0.188232095204659351E-02    0.217892552616589900E-02    0.708790855029405642E+00    0.449645869966533951E+02    0.159605554490153079E+01    0.500210348254055970E-01    0.925104030595116029E+02    0.111731217393273030E+01
    0.558231545331447192E-02   -0.696818969492659198E+04   -0.180011046541096514E-02    0.220926635652975070E-02    0.709061460788960818E+00    0.449610023482044951E+02    0.159608304466391671E+01    0.500146904925951319E-01    0.925310556126664210E+02    0.111631259345706457E+01
    0.543634596097125698E-02   -0.696824781301912753E+04   -0.197613161362584795E-02    0.211509220296995926E-02    0.708829524507734399E+00    0.449445534590671443E+02    0.159619289245364948E+01    0.500003652581817726E-01    0.925070269267129675E+02    0.111827087022728655E+01
    0.525938216690646863E-02   -0.696829273697876124E+04   -0.161710541368083717E-02    0.234219767318600029E-02    0.708452128920845747E+00    0.449821089528815392E+02    0.159633761704818267E+01    0.500792379490882233E-01    0.923867047601980715E+02    0.110234152083674064E+01
    0.515011753162207889E-02   -0.696836186003987586E+04   -0.182037958304055378E-02    0.220309604253479414E-02    0.708483241485363346E+00    0.449760543098493883E+02    0.159635540008300558E+01    0.500619010133077427E-01    0.924592509872124140E+02    0.112006314766579496E+01
    0.487375306405462162E-02   -0.696836266065880773E+04   -0.162748061128123933E-02    0.221402967153174748E-02    0.708797332036593897E+00    0.449791797770526287E+02    0.159608453852419463E+01    0.500411927901765127E-01    0.924323820356074179E+02    0.110177214368556542E+01
    0.469139933416604787E-02   -0.696839750499681941E+04   -0.187712071094130011E-02    0.216524835097750817E-02    0.709430963297959294E+00    0.449358019474310169E+02    0.159606979769870638E+01    0.500187494552717174E-01    0.925932745592019160E+02    0.111520640538134819E+01
    0.457484945612688255E-02   -0.696845830188587297E+04   -0.198428329293867710E-02    0.218758593213830982E-02    0.709243019529898100E+00    0.449412306408121935E+02    0.159608185652450185E+01    0.500007411932696932E-01    0.925605698913326762E+02    0.111717097520470565E+01
    0.433069626973675483E-02   -0.696845972207296563E+04   -0.205346988619051121E-02    0.212650909818306103E-02    0.709595267445926048E+00    0.449160114158377013E+02    0.159590448169766597E+01    0.499656829955125864E-01    0.926199844182736598E+02    0.111449467887264531E+01
    0.417293748242262858E-02   -0.696849661696335352E+04   -0.162376898624551824E-02    0.217317962974636998E-02    0.708550280202411176E+00    0.449692362555131169E+02    0.159621938428699695E+01    0.499362850743581346E-01    0.924129966739049848E+02    0.110007838841959238E+01
    0.407479422364209407E-02   -0.696856012813066809E+04   -0.181575024023127051E-02    0.220653705573821196E-02    0.708899230564775773E+00    0.449665893799136143E+02    0.159619194043024559E+01    0.500451692948403193E-01    0.925270682386049401E+02    0.111676633538652581E+01
    0.472721242938432557E-02   -0.696896827012623271E+04   -0.186824242185564243E-02    0.219959825368782821E-02    0.709237986029787604E+00    0.449530742469218794E+02    0.159595791390290920E+01    0.500143480206689459E-01    0.925880015407336572E+02    0.111318815377775637E+01
    0.467203581526554231E-02   -0.696905589967945616E+04   -0.163518336531095262E-02    0.237353347668149695E-02    0.708181711463157448E+00    0.449972157669197301E+02    0.159643557455012486E+01    0.501282070029731366E-01    0.923303165404191333E+02    0.109988059196400290E+01
    0.451372886710675082E-02   -0.696909806819110872E+04   -0.168945562877787338E-02    0.223679688291089553E-02    0.708420093972497167E+00    0.449806327528113670E+02    0.159622699933712631E+01    0.499563499065107525E-01    0.923733673589765658E+02    0.109726785159934193E+01
    0.430511150619613137E-02   -0.696911453815700770E+04   -0.167651750236037312E-02    0.240197069869098551E-02    0.708320117437637009E+00    0.449941557994027477E+02    0.159635522756563186E+01    0.501367071636297928E-01    0.923463409864062754E+02    0.109852090532192292E+01
    0.431122530924094981E-02   -0.696922848750631783E+04   -0.183153465254601213E-02    0.215680240021846404E-02    0.708848664644448734E+00    0.449590770833577906E+02    0.159609164767400902E+01    0.500446918512627154E-01    0.925323741049355704E+02    0.111602417742305882E+01
    0.408120738426366071E-02   -0.696922994004533757E+04   -0.161217428629857281E-02    0.229885152314410375E-02    0.708303999757866953E+00    0.449822383800720260E+02    0.159642373324326892E+01    0.500611178705125046E-01    0.923617601777559116E+02    0.110061834455122565E+01
    0.402387040739745662E-02   -0.696931275386685684E+04   -0.162697943361338497E-02    0.229823576691597390E-02    0.708106845941566032E+00    0.449867784779376265E+02    0.159650740642010813E+01    0.500305324007755819E-01    0.923289793541487143E+02    0.109876039339041665E+01
    0.414127967158638491E-02   -0.696948138620223835E+04   -0.164507141699161584E-02    0.227226679705668346E-02    0.708273470246165826E+00    0.449858946615211437E+02    0.159636951814334616E+01    0.499723288518266265E-01    0.923656749675283066E+02    0.109746439288000763E+01
    0.392552407108910390E-02   -0.696948548736159955E+04   -0.171578350960721430E-02    0.247064294905171558E-02    0.708484757801486231E+00    0.449938602908720924E+02    0.159623201491298450E+01    0.502789819739438495E-01    0.923350475993315598E+02    0.110044504683191224E+01
    0.371393061140881100E-02   -0.696948578030502449E+04   -0.163166667675899925E-02    0.231355086597965750E-02    0.708261564686012313E+00    0.449940593319383666E+02    0.159641303534621359E+01    0.500104389916474976E-01    0.923678387359964574E+02    0.109935802961184748E+01
    0.352610922585519211E-02   -0.696949309997811815E+04   -0.162940842502822198E-02    0.236353053694488306E-02    0.708406654770028177E+00    0.449812214168413220E+02    0.159635933907376892E+01    0.501240871388299591E-01    0.923762915276107321E+02    0.110235503765908627E+01
    0.334442910745063205E-02   -0.696949841298488900E+04   -0.161469832289928947E-02    0.235934286821992949E-02    0.708387818263992997E+00    0.449887367310607544E+02    0.159639707065708558E+01    0.500961874333208934E-01    0.923807063686546854E+02    0.110113419462071249E+01
    0.318974749070674839E-02   -0.696951481559309923E+04   -0.164385850127366255E-02    0.234344623029920365E-02    0.708641968377759945E+00    0.449838848679618337E+02    0.159618818208665747E+01    0.501796106935993649E-01    0.923905283457963549E+02    0.110209618105080831E+01
    0.311153026723048811E-02   -0.696957627249495272E+04   -0.164055353295858774E-02    0.237002495677392146E-02    0.708158665480368543E+00    0.450010938104682623E+02    0.159647395338748055E+01    0.500772975779276361E-01    0.923395643466869984E+02    0.109984169738846660E+01
    0.332383579079427536E-02   -0.696981939325040639E+04   -0.163562288736320699E-02    0.227582368453354677E-02    0.708466334389515451E+00    0.449865832920902378E+02    0.159632291201945442E+01    0.500001456789013615E-01    0.923921022507378069E+02    0.109757384862786056E+01
    0.327191747183947683E-02   -0.696989901780390028E+04   -0.165555636564332842E-02    0.243778104099756469E-02    0.708435869127978513E+00    0.449927624612637658E+02    0.159634466918214102E+01    0.502033187313419768E-01    0.923648922938134689E+02    0.110180317385881632E+01
    0.312355840437494609E-02   -0.696991732225555643E+04   -0.162750176991691706E-02    0.240180002658400751E-02    0.708456433096505522E+00    0.449871949432857079E+02    0.159632216219802059E+01    0.501954510653120425E-01    0.923769118052633473E+02    0.110319681110251078E+01
    0.301018665871098960E-02   -0.696995449181376171E+04   -0.174851558215264615E-02    0.231252492636753286E-02    0.709033244826481890E+00    0.449650090642035352E+02    0.159602060368806353E+01    0.502547999576447302E-01    0.924378698369335865E+02    0.110793568176141100E+01
    0.286918916148184728E-02   -0.696996965768092014E+04   -0.167598257630238723E-02    0.262228999149979533E-02    0.708220360310629515E+00    0.450180977253447949E+02    0.159647561723241038E+01    0.503848601380266145E-01    0.923062628152872691E+02    0.110191759164525704E+01
    0.271471304162158953E-02   -0.696997008236479815E+04   -0.198856221472604438E-02    0.214299736515198699E-02    0.709220903272203107E+00    0.449300557642885465E+02    0.159598273436919214E+01    0.500155369780505635E-01    0.925663719923595494E+02    0.111611174600159124E+01
    0.265374686246753295E-02   -0.697003576607116338E+04   -0.166163670992460323E-02    0.239157439388166734E-02    0.708659586876337344E+00    0.449919838231663363E+02    0.159621363350199585E+01    0.502347321494814730E-01    0.923735113242401837E+02    0.110244294331334336E+01
    0.258732440013319416E-02   -0.697009618066201983E+04   -0.164233001998990774E-02    0.229971389607983977E-02    0.708227478837651803E+00    0.449981764988908353E+02    0.159644089212976592E+01    0.500021127063104281E-01    0.923451246134026178E+02    0.109728447327037792E+01
    0.307114038566457101E-02   -0.697055014109742569E+04   -0.159968591936999636E-02    0.237522904357237614E-02    0.708536456549484495E+00    0.449821887702504739E+02    0.159636023830644680E+01    0.501238198991253020E-01    0.924021141191661712E+02    0.110324100324505636E+01
    0.358063548412065761E-02   -0.697096823488941118E+04   -0.146228793142115813E-02    0.249582018946738508E-02    0.708265911743332643E+00    0.450060971847199767E+02    0.159635059756455400E+01    0.503168646394407254E-01    0.922928630175292568E+02    0.109702734137823898E+01
    0.463668752776268556E-02   -0.697159626584497164E+04   -0.158382723481256945E-02    0.260042070733495796E-02    0.708410020070292523E+00    0.450155577064704318E+02    0.159633707755224097E+01    0.504682195317392585E-01    0.922863125540753799E+02    0.110005991688848015E+01
    0.438710966208728619E-02   -0.697159671776110918E+04   -0.174248638879857289E-02    0.244155868665811701E-02    0.708879177167823338E+00    0.449784631385349698E+02    0.159611456970625754E+01    0.503630557097779347E-01    0.923945712028877750E+02    0.110688758181656066E+01
    0.588160072102915290E-02   -0.697229414554702362E+04   -0.164399165592698203E-02    0.256215638786347301E-02    0.708582775964614608E+00    0.449977243643742213E+02    0.159633118438269261E+01    0.504541529577922504E-01    0.923465461341925931E+02    0.110651895565272973E+01
    0.599514678346997013E-02   -0.697244349929046439E+04   -0.156828792411978224E-02    0.249740637889635112E-02    0.708489835648582145E+00    0.450074506038957480E+02    0.159628871978870635E+01    0.503463964056944102E-01    0.923195750808768025E+02    0.109956556714570786E+01
    0.626643077437572579E-02   -0.697264312373273060E+04   -0.187620644219251183E-02    0.232936627539375189E-02    0.709036703646452215E+00    0.449521832135098052E+02    0.159612963170495004E+01    0.502323987984593240E-01    0.924885195055697693E+02    0.111477270432054620E+01
    0.628667706879708094E-02   -0.697276068625403605E+04   -0.199976942264221743E-02    0.228100389395027728E-02    0.709029899330228308E+00    0.449476699976289567E+02    0.159610397477427601E+01    0.501451503895655390E-01    0.925197285605784998E+02    0.111626538119960239E+01
    0.638995329150553789E-02   -0.697290438599628669E+04   -0.156436111723917844E-02    0.255073317723910741E-02    0.708397325212815399E+00    0.450121732477637977E+02    0.159630835277530481E+01    0.503932027385439116E-01    0.922836419294929300E+02    0.109776370072650065E+01
    0.694545055122730397E-02   -0.697318221688649737E+04   -0.157743318322145802E-02    0.261119903394134390E-02    0.708321433888562724E+00    0.450187614189309855E+02    0.159642843134802770E+01    0.504484911972969824E-01    0.922902856840846368E+02    0.110122127424116911E+01
    0.727474456710071066E-02   -0.697338597170380945E+04   -0.159647759369822926E-02    0.245123270803461815E-02    0.708513216133283441E+00    0.449906722038995213E+02    0.159633109808510043E+01    0.503144797264700808E-01    0.923771034186838733E+02    0.110591850513922729E+01
    0.727204459637343162E-02   -0.697349634039108332E+04   -0.170804563005624334E-02    0.234650643829888974E-02    0.708782368858516421E+00    0.449696849155177389E+02    0.159620954321406017E+01    0.502584533953593024E-01    0.924424569630279080E+02    0.111112498403913373E+01
    0.713093810269429303E-02   -0.697356826211720636E+04   -0.157317166487521603E-02    0.247396085138536399E-02    0.708618741792765627E+00    0.449980514988069444E+02    0.159616600018970756E+01    0.503938892075772651E-01    0.923215572988570869E+02    0.110009344984410706E+01
    0.742359726825743763E-02   -0.697375981512784620E+04   -0.193495518943021059E-02    0.224521103857386285E-02    0.709118590380168445E+00    0.449351812730029678E+02    0.159607174121537132E+01    0.501347530886152443E-01    0.925458568091873843E+02    0.111773502419964865E+01
    0.793921513229736003E-02   -0.697400522758654733E+04   -0.190929954327047303E-02    0.236522285516221984E-02    0.709014520878914811E+00    0.449526133794757712E+02    0.159614870944855380E+01    0.502804676634220973E-01    0.924934338968040493E+02    0.111696277668961219E+01
    0.343813900678041975E-01   -0.697704876942053124E+04   -0.162234893758322549E-02    0.237946116708196310E-02    0.708648959249239985E+00    0.449807811267786519E+02    0.159619104955212920E+01    0.502598398828192766E-01    0.923859515895104266E+02    0.110412569916880354E+01
    0.183028183270658798E-01   -0.697578784866721253E+04   -0.167864582511565493E-02    0.248466776729582613E-02    0.708542359427459134E+00    0.449946538971844703E+02    0.159625654394522587E+01    0.503188420533144457E-01    0.923496292053756065E+02    0.110246716509577558E+01
    0.215582324280756063E-01   -0.697611525407499539E+04   -0.190239025715013789E-02    0.243962632169281634E-02    0.708755526586188567E+00    0.449732126275708666E+02    0.159618024315959683E+01    0.502580646719148275E-01    0.924187143179976545E+02    0.110833602972136203E+01
    0.317796045571836841E-01   -0.697689138799313969E+04   -0.193256108528828529E-02    0.226484599330503689E-02    0.709085750082623867E+00    0.449452842448198027E+02    0.159610499684430418E+01    0.501422224831894817E-01    0.925278399769077993E+02    0.111643703077257817E+01
    0.212195208066381577E-01   -0.697608358165889513E+04   -0.166971765643039510E-02    0.240786241034313727E-02    0.708685907285370842E+00    0.449806842229772954E+02    0.159624531438628958E+01    0.502783647354443364E-01    0.924104027111146991E+02    0.110742287224272706E+01
    0.893623206794061896E-02   -0.697435396662021049E+04   -0.179580087346075117E-02    0.234060012943373280E-02    0.708830720957370208E+00    0.449661515005788601E+02    0.159613940070654858E+01    0.502014903777194335E-01    0.924360419360750427E+02    0.110804868554353808E+01
    0.130405313696324906E-01   -0.697510986316709295E+04   -0.176815489657644381E-02    0.227800759466322261E-02    0.708895949341743492E+00    0.449620441099249106E+02    0.159612377342642398E+01    0.501858054378409094E-01    0.924708075831598677E+02    0.111117469758832210E+01
    0.202269947622441271E-01   -0.697598777473059090E+04   -0.162055275765706722E-02    0.250621238867786145E-02    0.708324779813006677E+00    0.450074378377521711E+02    0.159643965112433484E+01    0.503009184021486408E-01    0.923400209096712103E+02    0.110307548031932323E+01
    0.165897305744807863E-01   -0.697559130628501498E+04   -0.153810279122006143E-02    0.255140786891164956E-02    0.708286954538690394E+00    0.450130551106597281E+02    0.159638223855691552E+01    0.503850396594335906E-01    0.923021805887343874E+02    0.110006087508157191E+01
    0.100204363261935277E-01   -0.697458299183782037E+04   -0.171660886303911468E-02    0.232073307345879304E-02    0.708736090542978592E+00    0.449673467625395773E+02    0.159618595982278477E+01    0.501925641749732046E-01    0.924374146520254385E+02    0.110850714469329903E+01
    0.153095501733161096E-01   -0.697543069221335554E+04   -0.167141808591921102E-02    0.238363983460878693E-02    0.708581057408764869E+00    0.449771415167654851E+02    0.159628467277306485E+01    0.502284738678902415E-01    0.924163550947034054E+02    0.110771348849709650E+01
    0.129819361043065160E-01   -0.697510085627880835E+04   -0.179827033424251369E-02    0.225092773691015378E-02    0.708932359059818218E+00    0.449470996272383445E+02    0.159614775830665101E+01    0.501595659265199958E-01    0.925126087177203260E+02    0.111578029927589562E+01
    0.894581275525113268E-01   -0.697896127989180695E+04   -0.158467156759285201E-02    0.241958013257921817E-02    0.708536834705880358E+00    0.449894365639115037E+02    0.159628495893495237E+01    0.502645156970511695E-01    0.923698752640515011E+02    0.110317591648966862E+01
    0.131447239113341059E-01   -0.697512577946662532E+04   -0.175676413945376891E-02    0.234478782979015161E-02    0.708836622877204503E+00    0.449659501986474339E+02    0.159621634038121218E+01    0.502404316966362438E-01    0.924598024236467921E+02    0.111240193413780863E+01
    0.266313661891498660E-01   -0.697653791795963480E+04   -0.156090352649499299E-02    0.250776156858127999E-02    0.708339453567716770E+00    0.450090244986079355E+02    0.159641716098658804E+01    0.503369558092699454E-01    0.923298040933662918E+02    0.110248354966759798E+01
    0.132437563299028054E-01   -0.697514079099932314E+04   -0.192306788081949187E-02    0.220441447969858557E-02    0.709102931536467862E+00    0.449375175636251711E+02    0.159610414625491881E+01    0.501088044377944672E-01    0.925622437267828531E+02    0.111941965756187622E+01
    0.128754113913039005E-01   -0.697508437735487041E+04   -0.167592279411736718E-02    0.256729066565757839E-02    0.708247261088301716E+00    0.450130617264598314E+02    0.159643395467875915E+01    0.503124191378956157E-01    0.923089881544908195E+02    0.110006311034045479E+01
    0.106762857714273410E-01   -0.697470978855501380E+04   -0.163572125756023846E-02    0.240724285631632208E-02    0.708532132101890699E+00    0.449885940053322031E+02    0.159625868343405886E+01    0.502450834473098240E-01    0.923809449436598129E+02    0.110351888923103103E+01
