    0.352422695433290255E-86    0.126275321848232579E+03    0.586571347184496972E+01    0.394039839655013369E+01    0.967795457499194711E+00    0.101666119086033735E+00
    0.296912888001335019E-74    0.712893979598673013E+02    0.188748120239150232E+02    0.660094106692661597E+01    0.782092731967454213E+00    0.118822914189659956E+00
    0.293945332160704498E-74    0.712428212619406622E+02    0.178063117214292177E+02    0.412721799001707712E+01    0.712580453865838237E+00    0.118810674559110430E+00
    0.402695206116933576E-74    0.705465822784417469E+02    0.327807219953718221E+01    0.734414236840255530E+01    0.121746075181052582E+01    0.106461145600964091E+00
    0.394433142403060719E-72    0.613110358633452961E+02    0.840840069482626085E+01    0.923385430370374749E+01    0.802095792759892845E+00    0.208882151046019260E-02
    0.219152547088267058E-71    0.578145622152574106E+02    0.570275585843452060E+01    0.252672845908002941E+01    0.767274454343480627E+00    0.116326381163242676E+00
    0.566765755616852304E-70    0.512423692834704525E+02    0.157541753306944603E+02    0.368981648430610987E+01    0.554100517443409046E+00    0.391677796932381472E-01
    0.381440620447278092E-66    0.335470036686815547E+02    0.782952823151492794E+01    0.764360973410875921E+01    0.108030965937852486E+01    0.986271511678766810E-01
    0.838969042368533370E-60    0.427287865306811909E+01    0.138677630948023656E+01    0.552904785702556989E+01    0.912672401815777690E+00    0.645566329593063593E-01
    0.148912921609034214E-58   -0.154650420325106097E+01    0.100759862090357739E+02    0.958067964437450392E+01    0.999172523790019085E+00    0.131602611516479895E+00
    0.363562228339587895E-58   -0.339834838607339407E+01    0.171470245862563537E+02    0.769716345751757824E+01    0.966548595367624941E+00    0.908510741800192534E-01
    0.739115759169150951E-58   -0.488402320717523253E+01    0.117150434875690479E+02    0.948428985556885884E+01    0.101497355493685149E+01    0.678774725180129046E-01
    0.346737881705350739E-55   -0.172524295491975863E+02    0.170558081848400320E+02    0.950818000392714602E+01    0.101998125659514471E+01    0.118264465529989593E+00
    0.471898915184606606E-55   -0.179354875949420602E+02    0.486911860719237577E+01    0.217882502506293951E+01    0.631261663934141737E+00    0.818126516445865093E-01
    0.528055184570328629E-55   -0.182270262507518055E+02    0.481804524591072347E+01    0.501768937541760174E+01    0.816017051691259709E+00    0.958087439501476013E-01
    0.321767977654055295E-50   -0.403288036974458919E+02    0.137165889082241126E+02    0.518908260760512796E+01    0.791236645204300260E+00    0.110968708465940979E+00
    0.863069773306039277E-49   -0.469739701861258254E+02    0.188602167240510923E+02    0.719059637489745995E+01    0.763194321995017688E+00    0.919286958016003464E-01
    0.907486525386845370E-47   -0.563513435856439173E+02    0.453657904355778996E+01    0.534338947777645323E+01    0.994642297487084548E+00    0.111334559089012908E+00
    0.405213745424624056E-45   -0.640158225770810532E+02    0.963766410953371455E+01    0.453480431852510790E+01    0.786800713810757557E+00    0.104796729198278982E+00
    0.390734271290367598E-43   -0.732200556587404208E+02    0.413487505783853582E+01    0.840537123735753511E+01    0.865025855834133495E+00    0.146118619423525331E-01
    0.394736232251454615E-43   -0.733071024444434443E+02    0.196543592974916699E+02    0.922424560307110042E+01    0.921126528476994721E+00    0.118326692102520337E+00
    0.873683125078845371E-43   -0.749627690659181098E+02    0.145148584862558767E+02    0.409821747610293574E+01    0.712701581671645101E+00    0.958513396691258457E-01
    0.474663449322779102E-42   -0.784143824633147233E+02    0.163094394321021525E+02    0.371763951881240784E+01    0.621627610068909320E+00    0.694047372855535194E-01
    0.585426543252236841E-41   -0.835056886962470344E+02    0.187146385516361065E+02    0.673270287038094306E+01    0.816598756897686684E+00    0.107218896869355262E+00
    0.916244857783856425E-40   -0.890734114001743364E+02    0.126277451591770973E+02    0.485871328410477510E+01    0.833124300571611798E+00    0.741500736264073534E-01
    0.142483954738748098E-39   -0.900231397610305066E+02    0.170710869155160729E+02    0.273864329467414791E+01    0.644115569737920168E+00    0.806593763225691429E-01
    0.191284812167860648E-39   -0.906788745987068978E+02    0.119529517612516187E+02    0.310873204703878914E+01    0.706599466840614809E+00    0.887241887263936491E-01
    0.152798449646370889E-37   -0.995065941370262408E+02    0.102001433589676971E+02    0.794187419273875062E+01    0.997527849186301552E+00    0.877823115094273909E-01
    0.341600935072019822E-37   -0.101182307741399654E+03    0.143277713971303040E+02    0.474098764026577602E+01    0.685325566971716427E+00    0.739038645551670648E-01
    0.207762554331345674E-36   -0.104859649919380900E+03    0.341327628137949279E+01    0.240822238229887819E+01    0.660873199094737629E+00    0.605351567698491078E-01
    0.231933944632452250E-34   -0.114356770453642639E+03    0.190796165190319904E+02    0.344205709942142501E+01    0.641572159979318712E+00    0.793089768075214696E-01
    0.289652081798171818E-34   -0.114867892870493051E+03    0.534461132407530570E+01    0.341230006020925014E+01    0.811962067329073278E+00    0.740998037218012495E-01
    0.427542888324193550E-33   -0.120318477967357012E+03    0.178349366211894278E+02    0.735553421197718382E+01    0.736374820855925094E+00    0.637232191161813954E-01
    0.117822825533477051E-32   -0.122412569641366190E+03    0.172314260680959173E+02    0.812388458525093604E+01    0.933182403381831449E+00    0.842726343654283117E-01
    0.104600760630235725E-31   -0.126846344105654225E+03    0.144827018839971178E+02    0.320936311696796261E+01    0.569902384901423531E+00    0.421628739803521224E-01
    0.276417017134986669E-30   -0.133461700625614867E+03    0.548204833183948992E+01    0.634257247637666843E+01    0.961588807918495547E+00    0.103819945034501426E+00
    0.567756891030757251E-30   -0.134967932614868914E+03    0.125442901076221620E+02    0.550256702617953231E+01    0.720374754121280603E+00    0.688983829164080408E-01
    0.316206166216273575E-29   -0.138469171681993430E+03    0.166688244808850499E+02    0.279517884444836806E+01    0.627800332112402160E+00    0.652629607327579464E-01
    0.537414650837658259E-29   -0.139596589413997663E+03    0.134425726879739109E+02    0.457447098037131283E+01    0.699174205214960764E+00    0.750127324698024456E-01
    0.484177856180078634E-26   -0.153270131343444064E+03    0.631862234822610169E+01    0.615438737318485352E+01    0.894186538324369451E+00    0.498052338801675543E-01
    0.188409773244374697E-25   -0.156054302046308749E+03    0.135921153445293790E+02    0.859911970119415336E+01    0.957652225324054029E+00    0.827081568576013559E-01
    0.190439701391096151E-25   -0.156142401474102371E+03    0.221729178451592190E+01    0.424493604732141350E+01    0.819387443352537659E+00    0.522855926389560466E-01
    0.585749294726535123E-23   -0.167666521026754708E+03    0.907494604433164831E+01    0.824271131383727962E+01    0.951513018600582683E+00    0.101625804886912308E+00
    0.732833152576095032E-23   -0.168181240053345846E+03    0.125538962671248466E+02    0.879050735864942645E+01    0.875850240805828406E+00    0.926441517325859998E-01
    0.302096289513954441E-22   -0.171080732411418921E+03    0.129215162306116618E+02    0.511264885857072038E+01    0.784792461783395012E+00    0.865309637702982304E-01
    0.164976603481206418E-21   -0.174542684985586220E+03    0.930239235194953373E+01    0.726421783039713453E+01    0.828731643270657514E+00    0.778886636429820811E-01
    0.191027404771424574E-21   -0.174902578115193137E+03    0.284832525226259348E+01    0.379668283241428561E+01    0.766129596497462373E+00    0.484056718774776851E-01
    0.221819347539599695E-21   -0.175268137586946978E+03    0.494443473813416823E+01    0.697298314978186706E+01    0.100951576173546442E+01    0.931745029772532707E-01
    0.426050803660425435E-21   -0.176640194845215774E+03    0.134749185606337125E+02    0.877302877264617287E+01    0.948388300399177098E+00    0.765488626127717176E-01
    0.948555136216384208E-21   -0.178307624153911547E+03    0.134879781344944227E+01    0.621765903000973985E+01    0.999616106327415821E+00    0.549840009245119443E-01
    0.975193974298494827E-19   -0.187640024155787614E+03    0.427938712901822704E+01    0.753177328425510950E+01    0.103198491794534775E+01    0.695413502184705212E-01
    0.140970795147123544E-17   -0.193048863880629597E+03    0.917377660947398965E+01    0.671491645812451843E+01    0.799063476337851242E+00    0.674449027253420930E-01
    0.148124245118777502E-17   -0.193214527893943341E+03    0.629343075738761026E+01    0.569094901110487417E+01    0.908231562261157421E+00    0.750881406437318155E-01
    0.631715116994610577E-17   -0.196181968785892423E+03    0.159755963300743531E+02    0.661158017706500623E+01    0.836846862261042546E+00    0.862349719396815484E-01
    0.237294790443791076E-16   -0.198895535001481221E+03    0.134991178305018096E+02    0.423982921215273567E+01    0.700491387486639638E+00    0.670704483251680639E-01
    0.100497067401057187E-15   -0.201849022528624573E+03    0.194641822685695409E+02    0.986255832348118844E+01    0.930077653754397105E+00    0.904119016982387613E-01
    0.397328137942028475E-15   -0.204664957067767318E+03    0.360696976366162403E+01    0.780755775438741662E+01    0.985218193517818364E+00    0.830921820389167731E-01
    0.748157780332351949E-15   -0.205997326551996593E+03    0.732595682144165039E+01    0.782574951648712158E+01    0.820569992065429688E+00    0.424972772598266602E-01
    0.251363533346666827E-13   -0.213092906269283048E+03    0.146347568687612011E+02    0.694406108657038779E+01    0.852451260814016010E+00    0.827348397373808275E-01
    0.243181933142967260E-13   -0.213093392191836756E+03    0.146837108772418841E+02    0.661246614106328678E+01    0.771778048952537432E+00    0.374768042289650438E-01
    0.248874867661493284E-13   -0.213206339601239961E+03    0.151945979325938119E+02    0.555103864287132787E+01    0.712357987687028071E+00    0.562798334650298493E-01
    0.602332540356346587E-13   -0.215040725177461354E+03    0.139834944049606840E+02    0.627293250905792910E+01    0.780215436528546746E+00    0.736576382670923735E-01
    0.132952468443654756E-12   -0.216690926027733440E+03    0.954777286318646290E+01    0.757192216239443283E+01    0.914163750821892052E+00    0.873618935057813850E-01
    0.317237929974633743E-12   -0.218496913446124381E+03    0.272956974827158927E+01    0.564694466543361173E+01    0.875412754234085710E+00    0.414049536884928404E-01
    0.737375326412214058E-12   -0.220250470042602046E+03    0.863394914189733420E+01    0.946532473966575871E+01    0.984541024336449411E+00    0.670911896256642937E-01
    0.983908563872277059E-12   -0.220894008598967957E+03    0.805071198464588988E+01    0.843052810572307010E+01    0.838839158771431670E+00    0.375335114812731518E-01
    0.280339849790582132E-11   -0.223054784744787867E+03    0.564368986795559735E+01    0.604856851923893224E+01    0.797240876956173850E+00    0.382657656743745633E-01
    0.302238580620592821E-11   -0.223271879593693029E+03    0.111962831072950060E+02    0.386554168628495898E+01    0.668545246650722902E+00    0.373415360740383395E-01
    0.488078203058115086E-11   -0.224297064135639630E+03    0.147520462411809135E+02    0.908808797178836336E+01    0.798178171375329981E+00    0.388709667033813044E-01
    0.503638480058688620E-11   -0.224426496930374924E+03    0.569170739755600863E+01    0.461253893342704657E+01    0.817989257278316728E+00    0.633877937069724506E-01
    0.871814282314902814E-11   -0.225590599023066261E+03    0.128773681431627480E+02    0.397522601168161627E+01    0.676057739972959482E+00    0.493271037960680836E-01
    0.140624989529533104E-10   -0.226613476428266949E+03    0.622898367521359830E+01    0.919065001463731157E+01    0.921288058353775696E+00    0.702030532768636029E-01
    0.151439144927038114E-10   -0.226828317419135601E+03    0.498970346878554416E+01    0.975009419737440197E+01    0.938575204751593617E+00    0.569987801712166231E-01
    0.397763507003102257E-10   -0.228826331614927767E+03    0.119134394072012757E+02    0.878266627116493126E+01    0.930429375442296092E+00    0.854963045277790101E-01
    0.420552821048291920E-10   -0.229004423204029536E+03    0.100452759605968023E+02    0.834840091505212811E+01    0.835717917490526929E+00    0.613395308645994231E-01
    0.557170602437699764E-10   -0.229633692660068846E+03    0.109341099379994446E+02    0.551265086380035285E+01    0.718832420246592108E+00    0.394068166004220011E-01
    0.895334083829717275E-10   -0.230649010217888190E+03    0.139770218164729556E+02    0.479630977935374503E+01    0.679954680023385549E+00    0.422377952971610959E-01
    0.122361393540720419E-09   -0.231340411033403598E+03    0.132844470501123340E+02    0.674194263483423573E+01    0.803446524832729381E+00    0.469685512329898192E-01
    0.157163941705736899E-09   -0.231907698834360872E+03    0.150391809690282248E+02    0.911695629846327193E+01    0.801041391170469907E+00    0.439380653898087115E-01
    0.178941445674361636E-09   -0.232233903816960265E+03    0.391523862022125790E+01    0.709151135065489235E+01    0.100196683570013612E+01    0.755235176416440002E-01
    0.305543124259971266E-09   -0.233370635073764333E+03    0.178320877877258077E+02    0.934046601840578639E+01    0.830743031403075705E+00    0.709572098011652663E-01
    0.401961471127055359E-09   -0.233985832366034174E+03    0.152013246404431612E+02    0.816008466978572322E+01    0.868749094199730010E+00    0.817889877367516949E-01
    0.480863080142992336E-09   -0.234410951696416305E+03    0.931820513295273933E+01    0.664168193713093302E+01    0.877641787040534638E+00    0.726538499005879856E-01
    0.688058778231351618E-09   -0.235194201752770823E+03    0.485543127381523032E+01    0.478490451097064629E+01    0.784462909634642713E+00    0.459453613940878913E-01
    0.796358802597675264E-09   -0.235553219566550069E+03    0.119458220041468994E+02    0.489497039740632278E+01    0.723830987190570596E+00    0.424329014277315952E-01
    0.794752657804802686E-09   -0.235615848438559624E+03    0.632099011613698192E+01    0.471849204556326196E+01    0.789162574415641416E+00    0.508003109764383343E-01
    0.153508617120145566E-08   -0.236999136809323318E+03    0.380799491648726285E+01    0.897584493786544968E+01    0.955563951723096494E+00    0.509688001598118667E-01
    0.242458744572987056E-08   -0.237979953210770418E+03    0.492113591415497886E+01    0.727180564673484930E+01    0.870136846923522000E+00    0.449603437517145377E-01
    0.403733266080335369E-08   -0.239066465591447013E+03    0.782910394163400092E+01    0.483529758989942682E+01    0.778537866744382967E+00    0.584147779689390134E-01
    0.431473737871052907E-08   -0.239266036695766161E+03    0.805425249551088740E+01    0.912064461578474983E+01    0.987963175799947635E+00    0.796749707084500880E-01
    0.867132977885988696E-08   -0.240728674754006988E+03    0.452020879966571698E+01    0.543580525834795214E+01    0.828344120658259797E+00    0.509262308187514723E-01
    0.176935195624676940E-07   -0.242221694000798379E+03    0.112349155514904009E+02    0.705057718319679783E+01    0.860267079580124161E+00    0.634825662279521197E-01
    0.240319292563038454E-07   -0.242900730438911978E+03    0.698502778256900392E+01    0.551997804530745917E+01    0.836148796448920706E+00    0.641966955231862979E-01
    0.247488814109703678E-07   -0.243026191026835932E+03    0.295063124685927480E+01    0.847106116931889730E+01    0.107203121164912751E+01    0.670162606494082436E-01
    0.245315870126955200E-07   -0.243075220214519504E+03    0.491019856328885229E+01    0.679344712010218732E+01    0.861431023510188965E+00    0.444115489694310028E-01
    0.237365335476696622E-07   -0.243075994497517968E+03    0.675759212075720939E+01    0.637098477977621336E+01    0.882756246483051399E+00    0.731914416952543778E-01
    0.246106289824908417E-07   -0.243214987286043652E+03    0.133015368325893597E+02    0.641626265640566196E+01    0.761236339771247827E+00    0.553833802661956032E-01
    0.302031253621391818E-07   -0.243691187924226142E+03    0.174246682527782646E+02    0.740442094989125899E+01    0.773760644860487901E+00    0.591045323794283650E-01
    0.303488862943836929E-07   -0.243767483418064785E+03    0.113766927955785295E+02    0.597984522448800249E+01    0.745642780602642219E+00    0.414034849308468900E-01
    0.900332771719063245E-07   -0.246008989138572815E+03    0.406752596025952595E+01    0.791368871083375058E+01    0.101483250545516945E+01    0.780546556156442861E-01
    0.873938734127790050E-07   -0.246016147472453667E+03    0.110416992461609702E+02    0.979176081378279406E+01    0.885727530604768276E+00    0.712159086966994703E-01
    0.139081101813846986E-06   -0.247012078233749435E+03    0.107879624676329229E+02    0.835465232943611724E+01    0.895121710400808013E+00    0.794536233780780421E-01
    0.137402490014993548E-06   -0.247054459445889734E+03    0.182637960485119528E+02    0.654255512449385002E+01    0.745246843017035587E+00    0.547225037301715123E-01
    0.149117124025828176E-06   -0.247284761237436214E+03    0.589949406397476395E+01    0.898687825153124464E+01    0.907317668493405449E+00    0.468265374907437248E-01
    0.230021283127002968E-06   -0.248218307455168997E+03    0.130108970192303826E+02    0.721500306214895470E+01    0.780712626243889929E+00    0.421809946099689359E-01
    0.321266780847486993E-06   -0.248953174183774536E+03    0.105354125602299487E+02    0.922543023356378100E+01    0.907483695221669606E+00    0.792480940317257243E-01
    0.314294504509836725E-06   -0.248975958026138414E+03    0.140588473610413960E+02    0.974424352363954860E+01    0.918183186242318428E+00    0.653587660037810991E-01
    0.375551819484452797E-06   -0.249398756701161346E+03    0.181624192714012054E+02    0.945816098273323647E+01    0.812822404341709159E+00    0.443266898419321098E-01
    0.468142492855805134E-06   -0.249906175884861113E+03    0.541889968696152913E+01    0.886529310927244119E+01    0.998729528486846263E+00    0.823855166777782699E-01
    0.456699692705222745E-06   -0.249923349203211728E+03    0.833125480699918697E+01    0.572082396397064130E+01    0.778283509219413361E+00    0.496191236943497316E-01
    0.121785051619330741E-05   -0.251951649198880659E+03    0.261517170560634504E+01    0.923640598727036988E+01    0.104240911232702693E+01    0.569560626039307127E-01
    0.117977105955337834E-05   -0.251954781804498452E+03    0.576969037135615359E+01    0.842962779631537806E+01    0.992622121893740328E+00    0.732039647981161945E-01
    0.126333552099378176E-05   -0.252158318590677027E+03    0.150531164168440075E+02    0.659461839043104625E+01    0.754266200128228093E+00    0.466171969633322192E-01
    0.329096829032380236E-05   -0.254139838002467513E+03    0.113533144912537161E+02    0.849606055147353700E+01    0.859604982709312182E+00    0.693855502478373243E-01
    0.319402876539339332E-05   -0.254146707111494379E+03    0.322137591430670067E+01    0.906424718625415515E+01    0.108009431290439295E+01    0.748692838598197241E-01
    0.334033427677339132E-05   -0.254302949436206745E+03    0.767437064098847443E+01    0.898660501679881563E+01    0.891616603342447078E+00    0.616379655385197456E-01
    0.566623511991348615E-05   -0.255426524127537050E+03    0.116050872323760359E+02    0.791912034485306826E+01    0.822058109666887304E+00    0.578686684202838197E-01
    0.600530966579820969E-05   -0.255609429044237004E+03    0.178276316474830097E+02    0.914091539400092579E+01    0.816476417958449829E+00    0.588556005221732015E-01
    0.849420566024090265E-05   -0.256369576154535935E+03    0.914483479965340784E+01    0.965421002269355100E+01    0.879121400642263851E+00    0.512599144324481504E-01
    0.922907044012976354E-05   -0.256602190998642072E+03    0.133008042981304282E+02    0.963118446452660848E+01    0.903720251952739417E+00    0.786200796648919287E-01
    0.101600735038326398E-04   -0.256861072353352938E+03    0.633933606852839393E+01    0.712904234102888257E+01    0.914112461037824175E+00    0.636973178908426529E-01
    0.995572548100465426E-05   -0.256887103288319850E+03    0.110162810351983040E+02    0.759514963586158220E+01    0.839075714258910921E+00    0.505646814116069709E-01
    0.113653226662424752E-04   -0.257218608029427287E+03    0.553731185722614860E+01    0.940618169618010924E+01    0.947244214274778784E+00    0.649372440106368298E-01
    0.133050614323384529E-04   -0.257600430043158212E+03    0.649820804046691869E+01    0.782531631219165291E+01    0.925113814445285954E+00    0.739693220338235591E-01
    0.234546576846756201E-04   -0.258800945860747561E+03    0.122090457947733313E+02    0.803588066115511879E+01    0.854003098011652639E+00    0.547732297806571289E-01
    0.288286316814809153E-04   -0.259280212430986467E+03    0.446419576748746927E+01    0.994851144816941257E+01    0.103013092000224660E+01    0.577431433076465161E-01
    0.501931866117946869E-04   -0.260455899585089355E+03    0.350214213362243010E+01    0.922771235690326819E+01    0.105536500572383218E+01    0.637403481603235900E-01
    0.593457949670005212E-04   -0.260857570200722876E+03    0.783147932558322513E+01    0.724118609420630754E+01    0.842892725075653715E+00    0.538189458903424178E-01
    0.612734389760617937E-04   -0.260988167239945142E+03    0.453738055819863995E+01    0.809561776920813791E+01    0.933151796381681109E+00    0.542632071514417280E-01
    0.700789005232378497E-04   -0.261323384515094858E+03    0.120018224139067833E+02    0.811054997468008310E+01    0.869235091075733379E+00    0.711917440347449304E-01
    0.699967711026229825E-04   -0.261387705894273040E+03    0.100045234157552976E+02    0.736615598667731053E+01    0.846178957307984092E+00    0.538325796477838736E-01
    0.128032299705556390E-03   -0.262662039480252588E+03    0.133307723318090474E+02    0.902245168767773364E+01    0.877737412076013968E+00    0.728105044688047709E-01
    0.141572117554370066E-03   -0.262929759503733294E+03    0.503287734968650824E+01    0.980581306066671488E+01    0.990650570343344583E+00    0.539527829422494776E-01
    0.169364069240642733E-03   -0.263354908973918555E+03    0.909731100445752894E+01    0.831478828797230385E+01    0.891515111380174474E+00    0.559178225159335796E-01
    0.174333027607793479E-03   -0.263479409176602530E+03    0.158837940750061755E+02    0.768733182619432220E+01    0.801534595225723123E+00    0.526464916786117954E-01
    0.203835548284228595E-03   -0.263858768065606910E+03    0.141359584945161636E+02    0.929079157826394209E+01    0.865770060827097510E+00    0.694501421196196400E-01
    0.220497209605022737E-03   -0.264082577746421521E+03    0.929827667482946829E+01    0.749410968401089672E+01    0.873368903531023477E+00    0.616018816374523936E-01
    0.232995195214612326E-03   -0.264259509997092664E+03    0.123404227127953181E+02    0.951444139864388028E+01    0.921395193133456303E+00    0.728115183525952503E-01
    0.309189146760765782E-03   -0.264892047429975719E+03    0.151834644504715239E+02    0.989118122177823977E+01    0.906244221503323288E+00    0.684410352995425963E-01
    0.324810383088479533E-03   -0.265057290817339890E+03    0.133883106882776293E+02    0.930210515849283048E+01    0.847552262123238975E+00    0.576416472836720484E-01
    0.314464268675372725E-03   -0.265059215246321855E+03    0.571069123361846565E+01    0.858870279909639223E+01    0.923232431862828662E+00    0.598602452759293691E-01
    0.322983028450498895E-03   -0.265179340556536772E+03    0.672318295133461596E+01    0.895130677772023198E+01    0.907497054439314610E+00    0.557386414645408834E-01
    0.328094655401184895E-03   -0.265277411967097123E+03    0.747633563695628300E+01    0.762333848151930749E+01    0.905831804650185646E+00    0.675958749855298802E-01
    0.336555109110019352E-03   -0.265394998147532533E+03    0.168668097702445046E+02    0.895425945794195499E+01    0.822494761872185620E+00    0.564990851223667878E-01
    0.407903921127031517E-03   -0.265846204318323998E+03    0.326547843248261138E+01    0.878202758228727021E+01    0.102930916993591026E+01    0.646216011005671387E-01
    0.473967608772490965E-03   -0.266213085633386981E+03    0.104351028478178698E+02    0.892505307076139331E+01    0.918518917733869955E+00    0.691671856719913158E-01
    0.482319606747117218E-03   -0.266314688290869071E+03    0.726276820009441693E+01    0.930347027396536497E+01    0.925846506412565162E+00    0.676634213350055802E-01
    0.535256554383779673E-03   -0.266589633345560742E+03    0.183844606570745270E+02    0.962449282587637001E+01    0.863826415984714657E+00    0.706001004873810789E-01
    0.592789613542051182E-03   -0.266860486772138756E+03    0.142510495990758219E+02    0.926948505447638382E+01    0.874250560329452142E+00    0.706520483969728108E-01
    0.599534265135469226E-03   -0.266949780591226499E+03    0.168994812953747982E+02    0.881462722601531468E+01    0.855950267619480343E+00    0.650478935594642760E-01
    0.623517481386668239E-03   -0.267094894604317687E+03    0.110995684670450458E+02    0.805340184241933166E+01    0.857111159826441593E+00    0.650005383861798069E-01
    0.717922006711072956E-03   -0.267443529541307726E+03    0.125120778346696859E+02    0.856831756522624133E+01    0.840233713466513876E+00    0.534617685937581744E-01
    0.717186530566092445E-03   -0.267508146255123393E+03    0.379982897133129116E+01    0.958515626896491391E+01    0.105847214589037186E+01    0.677257303614053896E-01
    0.753222871901582081E-03   -0.267672863325101844E+03    0.996507282428711072E+01    0.783344831784001805E+01    0.875180174142526468E+00    0.651518048861261523E-01
    0.731949888166826294E-03   -0.267682231772171690E+03    0.122821644337397569E+02    0.946981863255111378E+01    0.865645776750696427E+00    0.522907956748914771E-01
    0.116886037063481719E-02   -0.268685043355003472E+03    0.518500535460658440E+01    0.861110554636878511E+01    0.939574072506506042E+00    0.575915054915718816E-01
    0.120926968189395538E-02   -0.268819684775220594E+03    0.155306167084032722E+02    0.993374037096840645E+01    0.900772153372884077E+00    0.699925956803464366E-01
    0.159038685609912589E-02   -0.269434272809198774E+03    0.172964088602271673E+02    0.875270073729846487E+01    0.836154560580562034E+00    0.585454218286489692E-01
    0.157854438973869670E-02   -0.269485991191322682E+03    0.893313273575249056E+01    0.780608200016366283E+01    0.875066428657273576E+00    0.636479002478576028E-01
    0.166865794124267997E-02   -0.269663690908506851E+03    0.622801116485242545E+01    0.775352866464345869E+01    0.917868819042627848E+00    0.616411980108735325E-01
    0.184855201100043694E-02   -0.269935123496210508E+03    0.598341790002588692E+01    0.895196145519404496E+01    0.983037716649358018E+00    0.702395471097601032E-01
    0.179027334538726479E-02   -0.269937721521372623E+03    0.609554927747226394E+01    0.958194719932811978E+01    0.975665981978714569E+00    0.738502083677095023E-01
    0.179921832787049399E-02   -0.270014356174388013E+03    0.947823579601745436E+01    0.905924282645059797E+01    0.898467808908076648E+00    0.678158492066049945E-01
    0.180768463700119002E-02   -0.270090411865114220E+03    0.108150364269870209E+02    0.813952051835654267E+01    0.858550431831980987E+00    0.570295420518189822E-01
    0.192120592232950340E-02   -0.270278891037991343E+03    0.135080430254524728E+02    0.967643567397273685E+01    0.905196987595378033E+00    0.711216528239098089E-01
    0.226238068490734311E-02   -0.270672486876308085E+03    0.150663240213536263E+02    0.970310561542792804E+01    0.882274369061592623E+00    0.702091696051272418E-01
    0.226473270070549817E-02   -0.270741231702551886E+03    0.166206699792199224E+02    0.949731748425610078E+01    0.843260481742184709E+00    0.585938396274101603E-01
    0.237811555543065555E-02   -0.270905601672393459E+03    0.115634230206081767E+02    0.950805636290546374E+01    0.883165390008702644E+00    0.655116084904450169E-01
    0.237931049540411697E-02   -0.270973273033603618E+03    0.178736150168355117E+02    0.997684973136508546E+01    0.871721581466539774E+00    0.605653448780754111E-01
    0.291480920969251550E-02   -0.271445926957357187E+03    0.977596325697085078E+01    0.897550459583625582E+01    0.901693553251618596E+00    0.690981560886183566E-01
    0.284486143431724120E-02   -0.271464013613957832E+03    0.534509136313930888E+01    0.917069362783660047E+01    0.957788222587193872E+00    0.634088324359127764E-01
    0.293678838847132072E-02   -0.271594284756589786E+03    0.129666804294830040E+02    0.976849376586835660E+01    0.904591617388398106E+00    0.633247331221260534E-01
    0.290574273058916361E-02   -0.271639696286088110E+03    0.183486381064222286E+02    0.975216924908643712E+01    0.859180332067312591E+00    0.595052385138170603E-01
    0.281800011513019463E-02   -0.271645039799807364E+03    0.169936663791614819E+02    0.923313408028386284E+01    0.845099772671808580E+00    0.617794718739048676E-01
    0.276545935195045755E-02   -0.271674065061971305E+03    0.987631155242129033E+01    0.909729244697185280E+01    0.921897319056700582E+00    0.678966075836340277E-01
    0.276343932997278729E-02   -0.271739270300470253E+03    0.689038217692085642E+01    0.865340228405277934E+01    0.934341270797510504E+00    0.598846916451332145E-01
    0.271321047625290492E-02   -0.271769250113741691E+03    0.152082393723140754E+02    0.890101469423945169E+01    0.844853028349350055E+00    0.587698524594193472E-01
    0.263934585032248644E-02   -0.271780713762782398E+03    0.432403711262195589E+01    0.903156734006928197E+01    0.101103288893087040E+01    0.696790232237036733E-01
    0.293724747095280804E-02   -0.272061264041356480E+03    0.590438402004471996E+01    0.830380078155631551E+01    0.946899218061620473E+00    0.637183845859476961E-01
    0.349100864457494190E-02   -0.272473366299875579E+03    0.118990473313251783E+02    0.926794990491861270E+01    0.902707927902945073E+00    0.667557823055864308E-01
    0.381802493660185526E-02   -0.272719118071026514E+03    0.743855153895015775E+01    0.934618526395865246E+01    0.915621586369418594E+00    0.577410632437838078E-01
    0.369821592001207946E-02   -0.272722019263640505E+03    0.127381707989504722E+02    0.880737771490898069E+01    0.859697055639491836E+00    0.613472500847545010E-01
    0.373748801433509926E-02   -0.272809812354833412E+03    0.847329829574978177E+01    0.969560187845482879E+01    0.961344923437872367E+00    0.708196811871333320E-01
    0.413362579831217259E-02   -0.273077961436002170E+03    0.114118178725415440E+02    0.977850836114837207E+01    0.881716367324044015E+00    0.561285877521990884E-01
    0.410177498771547525E-02   -0.273129157832194778E+03    0.141317900113506951E+02    0.920048430250689719E+01    0.858728038910678393E+00    0.579518283852631377E-01
    0.414463066058262664E-02   -0.273216612250767866E+03    0.164533453518096344E+02    0.943651930596510802E+01    0.859939998040434972E+00    0.639826440301090038E-01
    0.404649583861371905E-02   -0.273235354120933607E+03    0.513102335614332361E+01    0.904791258442544688E+01    0.961903878217182040E+00    0.585477753762710940E-01
    0.403605087973530566E-02   -0.273296851642252022E+03    0.154576339839263213E+02    0.941153224591493753E+01    0.858512108722004896E+00    0.627464998359470449E-01
    0.394270005014940150E-02   -0.273316716452185119E+03    0.128839989397079719E+02    0.918379058260032011E+01    0.862237131804322487E+00    0.579590328782606523E-01
    0.389169112519073849E-02   -0.273357339157235856E+03    0.582149312460444435E+01    0.955860217062883599E+01    0.951987412497087959E+00    0.582600811752371772E-01
    0.377539017141297582E-02   -0.273363325692528633E+03    0.649022285705151525E+01    0.971233951701717402E+01    0.972951117536261734E+00    0.731202235130972156E-01
    0.398171166386378488E-02   -0.273536408477427358E+03    0.754386276011220414E+01    0.833531483228705561E+01    0.915038553713941383E+00    0.646299425459675447E-01
    0.428278693895770696E-02   -0.273748859461104530E+03    0.845864874989857007E+01    0.837060538321399150E+01    0.891103566247377188E+00    0.603847758411806268E-01
    0.445249837319864998E-02   -0.273893248966104238E+03    0.149803883209662665E+02    0.948641542081265676E+01    0.875360365413895281E+00    0.657216761870624833E-01
    0.463938145107802707E-02   -0.274042146989932917E+03    0.740453964773856388E+01    0.854937417784098130E+01    0.920305888563092367E+00    0.660582298673633161E-01
    0.449551656478345239E-02   -0.274045812720177764E+03    0.827287656138747884E+01    0.925500058882221666E+01    0.910499627230272779E+00    0.564114988924298011E-01
    0.440611760909373398E-02   -0.274072306106404994E+03    0.900330658917521909E+01    0.981693226001499930E+01    0.918107568035630095E+00    0.665649751921677524E-01
    0.449212151578523133E-02   -0.274177635067363553E+03    0.148319316203413809E+02    0.935143250100593626E+01    0.862531120161291298E+00    0.601007090017910972E-01
    0.671023070676456980E-02   -0.275046918223652028E+03    0.882651667764982051E+01    0.994003368373014951E+01    0.957579270483769562E+00    0.730615606958791020E-01
    0.674638523785094264E-02   -0.275124331906724819E+03    0.114000580097244573E+02    0.993948437205657598E+01    0.888104575015688624E+00    0.594651191938615487E-01
    0.756521030193822632E-02   -0.275420105183513442E+03    0.133186526092213846E+02    0.958430226049516421E+01    0.880451338478787093E+00    0.649295782599474958E-01
    0.752204476013079888E-02   -0.275475327578996257E+03    0.716784412317046815E+01    0.972490816156403604E+01    0.973071263152199606E+00    0.731333993708298546E-01
    0.773068103748447265E-02   -0.275596712148249026E+03    0.505502021073307350E+01    0.894305254527710325E+01    0.975830344580501219E+00    0.645064221186144593E-01
    0.832483855706349363E-02   -0.275811472177410906E+03    0.672356602127096359E+01    0.927732858475126143E+01    0.951037196325223988E+00    0.686647957238890605E-01
    0.826777442249125930E-02   -0.275864382274302443E+03    0.619315462591910393E+01    0.905916971022563544E+01    0.964034175000259452E+00    0.688136245410402303E-01
    0.842288279681626707E-02   -0.275968222513629371E+03    0.818882485998258502E+01    0.971584587411468092E+01    0.922516027692523721E+00    0.572348570389520361E-01
    0.850256659645121267E-02   -0.276053721032026715E+03    0.104622155282541662E+02    0.972940271452147876E+01    0.918855312025687709E+00    0.623037628064857518E-01
    0.834927775784532512E-02   -0.276084001635921140E+03    0.713498294901983332E+01    0.888455953280278443E+01    0.932035697670063001E+00    0.658155745436437289E-01
    0.853935525574115416E-02   -0.276195689240406409E+03    0.110235840603014346E+02    0.966623988855891625E+01    0.898784408182764949E+00    0.657712391012847952E-01
    0.867941098939615206E-02   -0.276294892227154378E+03    0.100923066736756795E+02    0.909657584977159495E+01    0.894365108980748502E+00    0.631951714201208770E-01
    0.860548544455389842E-02   -0.276344451242439391E+03    0.116971679042230257E+02    0.941120256041422110E+01    0.882943310026501393E+00    0.607517966848756252E-01
    0.844896940399157866E-02   -0.276374407164289551E+03    0.105102733313927210E+02    0.949219541444997539E+01    0.891616794978546068E+00    0.604766019704199298E-01
    0.837113341328089150E-02   -0.276422563469357556E+03    0.869655961482787632E+01    0.927046989584518855E+01    0.906173867631842711E+00    0.595852616818131064E-01
    0.836725567184541143E-02   -0.276488303465844638E+03    0.915314854810132061E+01    0.927153022491970091E+01    0.908131689717393442E+00    0.647231523796116814E-01
    0.817316721475997918E-02   -0.276508031219947043E+03    0.694530867820077891E+01    0.901284241362165872E+01    0.948840148806107564E+00    0.673436394815136730E-01
    0.836798134644847411E-02   -0.276621810247478152E+03    0.534550156650525565E+01    0.965460601362414117E+01    0.100794152018820249E+01    0.680252333731461434E-01
    0.838826338012553692E-02   -0.276693318582170832E+03    0.684006546692148998E+01    0.974319366826555999E+01    0.977598984143138949E+00    0.723496017661180435E-01
    0.849914685864382700E-02   -0.276786249802252314E+03    0.469096216225101337E+01    0.969196470898083184E+01    0.996251649708794318E+00    0.619938476208967693E-01
    0.832158774983415318E-02   -0.276810691035029777E+03    0.858307478103610677E+01    0.940227651853476942E+01    0.912974754431161273E+00    0.627779516463602416E-01
    0.853696606585553977E-02   -0.276928462923951884E+03    0.121884153871964234E+02    0.973974923288049688E+01    0.901160847730334780E+00    0.633139809980880486E-01
    0.889850885723551810E-02   -0.277078085661617479E+03    0.125633623239983443E+02    0.995563188887143369E+01    0.886557508909692871E+00    0.596112996178812526E-01
    0.906887132978485486E-02   -0.277182680524040279E+03    0.527046082231367041E+01    0.994057747635530120E+01    0.984768163323311185E+00    0.595556039384936842E-01
    0.957068050645435917E-02   -0.277357060180288954E+03    0.583109007575713267E+01    0.909693256751896584E+01    0.958736629795428286E+00    0.626625891883005881E-01
    0.953685390780240581E-02   -0.277416645528506706E+03    0.681148012109713896E+01    0.981853279173290794E+01    0.976798240999944056E+00    0.646624425960240501E-01
    0.949493982217737217E-02   -0.277474502903945449E+03    0.927251278751385399E+01    0.985903366564959427E+01    0.913324119612791918E+00    0.585579605036239403E-01
    0.925595615473275880E-02   -0.277490186063658257E+03    0.526290008172947665E+01    0.940355700687135432E+01    0.994465738642158925E+00    0.661483476229838274E-01
    0.930638915551068070E-02   -0.277567720564972205E+03    0.861702276513249998E+01    0.992670489699612091E+01    0.953527619725599962E+00    0.714756858274321338E-01
    0.932740122401768713E-02   -0.277638897763738896E+03    0.443302945309353902E+01    0.999074236349219902E+01    0.101626446188602415E+01    0.656739875087646308E-01
    0.906622687261974744E-02   -0.277648763911332480E+03    0.109398477414435256E+02    0.987880610454962138E+01    0.900326052717776548E+00    0.634893525196793540E-01
    0.890852386233230084E-02   -0.277680335335959171E+03    0.595687060524718071E+01    0.916492295580295036E+01    0.968344465718635306E+00    0.651900777647571594E-01
    0.900553077365908415E-02   -0.277768662729136395E+03    0.452807514018816093E+01    0.992122203385028989E+01    0.102731432967720870E+01    0.654008803448118403E-01
    0.901487378008653667E-02   -0.277837403268725666E+03    0.927835716189929904E+01    0.992613372115150305E+01    0.930267586930890289E+00    0.689636091406395924E-01
    0.879199574104752753E-02   -0.277854001689855068E+03    0.890985407327272938E+01    0.996173146261500442E+01    0.952358313053661476E+00    0.705778251255952949E-01
    0.900558658063183894E-02   -0.277968675123031062E+03    0.107246199276183933E+02    0.993520407437552322E+01    0.915303562588524855E+00    0.679478735470437911E-01
    0.871819417202225437E-02   -0.277970475810031076E+03    0.100458090974857672E+02    0.976335457994381173E+01    0.905726315258936765E+00    0.627374316829496514E-01
    0.859010181320275790E-02   -0.278007539401382019E+03    0.822992354834781459E+01    0.982518956392707210E+01    0.943578782539518102E+00    0.695759178681230051E-01
    0.862174166903073406E-02   -0.278081559119219492E+03    0.706790746241938272E+01    0.992652917917931887E+01    0.966028000152521216E+00    0.708095381118094558E-01
    0.927937828989916329E-02   -0.278295240657672366E+03    0.693782397987447563E+01    0.964219909679860621E+01    0.942274967941113317E+00    0.610810748251933155E-01
    0.910895876456635847E-02   -0.278324835042203631E+03    0.894512509353575247E+01    0.929558625714767217E+01    0.918427886867625887E+00    0.635886291159686312E-01
    0.884160063663023792E-02   -0.278331920746645665E+03    0.753583266984029887E+01    0.970331544804642299E+01    0.949949454867466514E+00    0.689147148951063659E-01
    0.882317140871382612E-02   -0.278394414308886098E+03    0.769436425803232282E+01    0.970993064619967861E+01    0.948178288756832188E+00    0.616675472713257289E-01
    0.919234498320935754E-02   -0.278543060365782367E+03    0.717391385625931655E+01    0.953459766162518640E+01    0.939850615685438484E+00    0.636585116994268230E-01
    0.923280084906158600E-02   -0.278618509797314800E+03    0.114444458504999247E+02    0.983664433799380689E+01    0.908485162561099457E+00    0.657687481430617726E-01
    0.896304193536704395E-02   -0.278625870899978963E+03    0.934675179345928697E+01    0.958385508685780607E+01    0.921656497649665951E+00    0.665326004504107615E-01
    0.901857028155630958E-02   -0.278704889856758200E+03    0.997309279498323065E+01    0.957810999522135376E+01    0.916745696336134230E+00    0.645016530547053435E-01
    0.877369402975698362E-02   -0.278716500750660089E+03    0.582401642246487850E+01    0.943529856379659115E+01    0.976666584962757156E+00    0.641339641575802144E-01
    0.897082537356494111E-02   -0.278827606931266018E+03    0.798467195972032950E+01    0.996615562818353062E+01    0.953041339355230832E+00    0.702156250670633586E-01
    0.882482156351823734E-02   -0.278861454990844322E+03    0.761103583627803104E+01    0.991208167633559434E+01    0.939775430087959052E+00    0.639801512605098210E-01
    0.855234173892401549E-02   -0.278865395157227340E+03    0.745565350292261009E+01    0.960833517707966500E+01    0.958965062601819795E+00    0.685636669403042465E-01
    0.854352896869395480E-02   -0.278929999859069540E+03    0.101085185427741990E+02    0.992543810468076870E+01    0.930734151903111595E+00    0.665019874737247108E-01
    0.828667600394916021E-02   -0.278935616072872563E+03    0.109111215944571001E+02    0.999525294913186713E+01    0.903713178592644439E+00    0.611441730978175002E-01
    0.804223307172566640E-02   -0.278942398470876469E+03    0.673447294670675589E+01    0.938432596803016317E+01    0.957353453922873854E+00    0.640327183848925507E-01
    0.782561944235703882E-02   -0.278954457348321739E+03    0.634182714409347614E+01    0.966436334579531930E+01    0.981748032648797064E+00    0.675408469788794097E-01
    0.768324390686373707E-02   -0.278984401907850952E+03    0.888804271139716917E+01    0.990731037847153218E+01    0.930556866401632377E+00    0.605051753848317997E-01
    0.748293806678971673E-02   -0.278998235900228792E+03    0.504362787482266395E+01    0.990470871399771902E+01    0.101444824101547049E+01    0.661886428150291195E-01
    0.724443291083524173E-02   -0.279000118156875487E+03    0.738224639475421274E+01    0.936383374393423829E+01    0.938459990498261121E+00    0.644879545179024571E-01
    0.739472830611903002E-02   -0.279107852935025221E+03    0.780148155677227884E+01    0.961102701243782853E+01    0.940689135293414580E+00    0.668535785372481595E-01
    0.730657705227588574E-02   -0.279150534708330269E+03    0.739952205770242166E+01    0.970503831513407178E+01    0.959797569727369293E+00    0.693504998925613680E-01
    0.706710860522069464E-02   -0.279150554416868545E+03    0.966890736900434611E+01    0.964503315461680799E+01    0.913483057382840968E+00    0.620491692104434556E-01
    0.685380179989836941E-02   -0.279155925235675113E+03    0.922558958629610970E+01    0.957201210950870340E+01    0.924788237339033259E+00    0.658197143944070362E-01
    0.670040446744556498E-02   -0.279177320676844374E+03    0.108207233460059307E+02    0.989753314002876117E+01    0.918197024536986817E+00    0.656932319471017490E-01
    0.666679066307373277E-02   -0.279233928726158410E+03    0.646792710348098865E+01    0.967859750864414892E+01    0.962540514358448007E+00    0.613524327459022967E-01
    0.719296311894945979E-02   -0.279452524631515189E+03    0.776737650315251305E+01    0.995780561885272419E+01    0.964744927345144276E+00    0.702989674565865919E-01
    0.700183794320940849E-02   -0.279465330246958274E+03    0.811733174113859768E+01    0.953147711131384234E+01    0.928969568480901842E+00    0.625282992856248665E-01
    0.690512080133507018E-02   -0.279504178120751931E+03    0.977163776932894557E+01    0.986489345887693858E+01    0.913846092135209176E+00    0.624450907436351343E-01
    0.682655659156305647E-02   -0.279547958998658032E+03    0.794988734357257876E+01    0.998536423538595663E+01    0.963107758104644773E+00    0.700895311085154571E-01
    0.668147210833306034E-02   -0.279571661568680611E+03    0.819345847686727780E+01    0.950992038322013400E+01    0.929934060069676605E+00    0.638079471144155086E-01
    0.649910796729730959E-02   -0.279582981421177465E+03    0.764918394639184385E+01    0.999456667866948223E+01    0.957050485545430263E+00    0.695616684191207035E-01
    0.644268219121567690E-02   -0.279632208109932890E+03    0.688116726495541364E+01    0.983706698898697063E+01    0.954218149991605813E+00    0.651421710452693148E-01
    0.647978861514893634E-02   -0.279710360668570047E+03    0.683181499482674681E+01    0.992387223127517615E+01    0.952983275020562459E+00    0.627021204749831362E-01
    0.629163775326274481E-02   -0.279718094379707509E+03    0.895870991917937687E+01    0.985394148508227907E+01    0.929411317490590250E+00    0.615764139839529712E-01
    0.615049486699427005E-02   -0.279739383313995404E+03    0.999889648216456273E+01    0.988613177049589176E+01    0.925944869234687218E+00    0.666314875808911022E-01
    0.616152915906411237E-02   -0.279809634864837335E+03    0.573056481652700089E+01    0.988917554605376381E+01    0.100017352235937551E+01    0.680044353687583314E-01
    0.596070807091654119E-02   -0.279810030113541870E+03    0.664017715129570529E+01    0.957385423740836394E+01    0.967025398534806513E+00    0.670785961310200740E-01
    0.576868821318318997E-02   -0.279811207641685542E+03    0.549734076052884379E+01    0.981574330769081982E+01    0.100030205103445979E+01    0.683367364637916808E-01
    0.562652172036713291E-02   -0.279827967770283067E+03    0.721102406870656232E+01    0.998255403711617184E+01    0.947140998701154757E+00    0.614094197042054368E-01
    0.548934454349414916E-02   -0.279845269272628684E+03    0.905140469196086528E+01    0.983757009161455187E+01    0.932194561618651107E+00    0.629456391353582223E-01
    0.533364729342658897E-02   -0.279854388823190220E+03    0.713700166869026553E+01    0.988969267039535715E+01    0.973805695098846513E+00    0.686374456192841986E-01
    0.517735574325985971E-02   -0.279861573794465585E+03    0.629111510654628070E+01    0.987304719793747765E+01    0.988779236179389898E+00    0.685438598253580444E-01
    0.501026514691628368E-02   -0.279862629232275594E+03    0.823591459791941993E+01    0.972896440025529685E+01    0.944690371823863728E+00    0.676821446080617672E-01
    0.499722546477428860E-02   -0.279924083927219272E+03    0.619472965873532999E+01    0.980879030621316161E+01    0.971065090956269472E+00    0.618352999680353843E-01
    0.485637052255256767E-02   -0.279933567596853209E+03    0.860782106344555054E+01    0.986243006919688092E+01    0.926892008658297684E+00    0.622866562498376464E-01
    0.472038467793193042E-02   -0.279943432149487307E+03    0.671943298960616353E+01    0.990271061001216069E+01    0.956792419964482832E+00    0.639711247287237939E-01
    0.458421113746230492E-02   -0.279951554300492262E+03    0.894032810338707584E+01    0.974841725645792323E+01    0.935212013678777154E+00    0.654678386620004549E-01
    0.478590441761465521E-02   -0.280104334927224500E+03    0.580821479286802944E+01    0.963806226501359120E+01    0.978873983166774764E+00    0.646866980776765743E-01
    0.472655417150429254E-02   -0.280146044421906026E+03    0.543826741494096932E+01    0.985696930074596267E+01    0.100145323784709106E+01    0.667479723855193274E-01
    0.466961846139783525E-02   -0.280188472961333900E+03    0.893820312272286088E+01    0.997621597023778328E+01    0.929554534346605621E+00    0.652920115184663086E-01
    0.452050662302213180E-02   -0.280190233035748861E+03    0.755417461626856479E+01    0.974810065704786943E+01    0.951708305561655976E+00    0.633735504185408693E-01
    0.440979732051168753E-02   -0.280207309016480394E+03    0.703256070687943069E+01    0.989109736433397302E+01    0.971289592940935975E+00    0.694541680293201402E-01
    0.428161290260639996E-02   -0.280214977794493734E+03    0.746886201894039647E+01    0.972599380576355976E+01    0.958535527482418104E+00    0.666870054384978150E-01
    0.421462034602801839E-02   -0.280250103921704522E+03    0.933129418999767424E+01    0.991831866037047938E+01    0.925218902650630781E+00    0.651307061185946168E-01
    0.408835395826635459E-02   -0.280255936425523032E+03    0.861204983022262915E+01    0.981341471172457425E+01    0.942725025011089457E+00    0.666326025239676323E-01
    0.397612145033323337E-02   -0.280266931892849698E+03    0.899381946732593640E+01    0.981137914588055615E+01    0.924999031043910236E+00    0.628427494858889713E-01
    0.385343803350483242E-02   -0.280270916382207361E+03    0.842388778989361420E+01    0.978791368799568318E+01    0.941172174326911914E+00    0.670941523265864426E-01
    0.373422225789022365E-02   -0.280274730689975513E+03    0.723602373648572872E+01    0.968924880992924464E+01    0.946594263377789957E+00    0.637366282180495958E-01
    0.362634418526100412E-02   -0.280282768283078894E+03    0.522866134321820475E+01    0.987373673684748887E+01    0.100409744760823472E+01    0.666580886535392825E-01
    0.354191588534131119E-02   -0.280302320473728741E+03    0.847948625395181388E+01    0.978846565901631038E+01    0.932204174885571391E+00    0.646651135167812807E-01
    0.350514437060782435E-02   -0.280348114976891793E+03    0.724343628193483724E+01    0.983237452901170528E+01    0.964643513049903589E+00    0.653938159006715036E-01
    0.341737719701441485E-02   -0.280364064935271927E+03    0.703291597854841299E+01    0.987846342603928917E+01    0.972266451557754152E+00    0.688477095047399512E-01
    0.334099469891760035E-02   -0.280385522044539812E+03    0.672202621746442297E+01    0.987684757466379537E+01    0.976710267041928759E+00    0.690995325342316224E-01
    0.323164621627859347E-02   -0.280385634901575031E+03    0.538949309645116692E+01    0.989455375058637721E+01    0.993717951596050142E+00    0.663618332821602763E-01
    0.314666876096806811E-02   -0.280399006938579078E+03    0.769769218201306238E+01    0.966169056975178187E+01    0.943847727306099671E+00    0.653436750775100439E-01
    0.306971968109222455E-02   -0.280416157387823205E+03    0.652052862979275538E+01    0.982358558114284008E+01    0.968465854562168715E+00    0.672087708779312010E-01
    0.297087060379827355E-02   -0.280417361642713786E+03    0.958476016964325872E+01    0.999577988565550335E+01    0.926132489516266588E+00    0.624989363030541423E-01
    0.290776168720898896E-02   -0.280441085435596506E+03    0.805751302874343089E+01    0.988575967580705672E+01    0.954866956200248751E+00    0.675655934819971993E-01
    0.288042362891495441E-02   -0.280488859644551667E+03    0.842506548145830436E+01    0.987310596946509733E+01    0.931913351141222535E+00    0.630774659182162800E-01
    0.280120451299564711E-02   -0.280499750573593701E+03    0.918612487331467165E+01    0.982539099427875939E+01    0.926913807523968458E+00    0.638957908103578998E-01
    0.276285256997215465E-02   -0.280538845596156079E+03    0.515248796773090323E+01    0.997136860358682853E+01    0.100414468364848020E+01    0.668024671370974765E-01
    0.268707858592631774E-02   -0.280549894042987489E+03    0.598123670835889421E+01    0.980949154045889493E+01    0.981014415643375770E+00    0.639102648397755768E-01
    0.261011619823496663E-02   -0.280558441039290756E+03    0.846912343140773238E+01    0.990953457135023719E+01    0.946654870268968551E+00    0.677646789882679901E-01
    0.254224880181711617E-02   -0.280572416313239046E+03    0.823964713121815961E+01    0.983787750927790761E+01    0.941956959607100686E+00    0.666609595383658160E-01
    0.247678166775774011E-02   -0.280586904896748365E+03    0.872776163013492123E+01    0.997345000177209684E+01    0.942823421598085076E+00    0.678965039111749658E-01
    0.242475356394621436E-02   -0.280611111350031479E+03    0.777444574828114909E+01    0.968148044212394510E+01    0.943721421281635386E+00    0.642021293047501107E-01
    0.235062360637743311E-02   -0.280615679539215307E+03    0.944407646496073383E+01    0.990220117106388997E+01    0.929278289331271878E+00    0.651895176355516970E-01
    0.228433970162180604E-02   -0.280625138914628224E+03    0.618707058260102105E+01    0.979648309951733509E+01    0.981747392706548538E+00    0.658878855917741646E-01
    0.221774535315093094E-02   -0.280632633704045475E+03    0.815684110211220315E+01    0.979850820064969064E+01    0.946473600288546990E+00    0.652622318729252360E-01
    0.215752175530392132E-02   -0.280644238679467890E+03    0.706336870081076817E+01    0.996878242345037435E+01    0.958541005850490180E+00    0.665191745782549582E-01
    0.209191823500194185E-02   -0.280649147812807314E+03    0.911947881878742983E+01    0.999832767023508850E+01    0.935940617708437728E+00    0.636050422867935339E-01
    0.206220006024698333E-02   -0.280687198364443702E+03    0.679793938020945365E+01    0.989830981562992918E+01    0.970876589254929812E+00    0.642119564192489278E-01
    0.200796468450299345E-02   -0.280700561453028968E+03    0.567889180386798564E+01    0.986031883794120745E+01    0.991081685116981248E+00    0.673199989241370922E-01
    0.197584028180550469E-02   -0.280734972425169872E+03    0.821719584966565897E+01    0.993615265748623600E+01    0.946319886578733005E+00    0.675313131332746508E-01
    0.193443779814452725E-02   -0.280759285039152928E+03    0.736819622331164936E+01    0.968753764760291958E+01    0.950777069652135154E+00    0.649720776209092854E-01
    0.187680780605853511E-02   -0.280765462940770703E+03    0.699486385671792998E+01    0.983751390793665159E+01    0.957695728485145281E+00    0.659698993350532614E-01
    0.183518674303479877E-02   -0.280787277378443832E+03    0.714937637911821788E+01    0.993947534300249913E+01    0.952168314114826941E+00    0.639034648619634105E-01
    0.179025553918218754E-02   -0.280804368295776840E+03    0.820565038533360180E+01    0.988048758719928877E+01    0.949904853320164833E+00    0.666899475194018265E-01
    0.175186681562101965E-02   -0.280827682166764134E+03    0.881226107003290515E+01    0.990356073549172677E+01    0.932380327265512676E+00    0.649294417150565462E-01
    0.169683282776528438E-02   -0.280830511833041783E+03    0.734010902528506204E+01    0.980188664762827955E+01    0.961047408843647588E+00    0.665912600480538241E-01
    0.198856245828716140E-02   -0.281148179237641671E+03    0.860342754681360411E+01    0.993944428743606423E+01    0.941250864338416093E+00    0.645621979387240863E-01
    0.220214391400158247E-02   -0.281352218032208839E+03    0.727795695727886827E+01    0.990012211037376488E+01    0.954829890418247729E+00    0.654288266320099954E-01
    0.235868117597330283E-02   -0.281489560525992147E+03    0.808480621734508986E+01    0.998461186024348990E+01    0.944362049472118770E+00    0.652534180822208487E-01
    0.179632301075756591E-02   -0.280944838855391026E+03    0.849429388446482037E+01    0.987748905119729059E+01    0.934548509978800013E+00    0.635357271320799999E-01
    0.303994343549203547E-02   -0.281997033064795687E+03    0.699880824084125752E+01    0.999937786522477623E+01    0.965979634963471057E+00    0.663579998964862749E-01
    0.181523475685929723E-02   -0.280965784851747685E+03    0.721318349846605855E+01    0.996382535416613635E+01    0.964056863798010255E+00    0.683621644584657684E-01
    0.200335476611446586E-02   -0.281163001564560545E+03    0.682901175728119281E+01    0.995841572464632918E+01    0.961571561029581190E+00    0.624050221028960017E-01
    0.215558080968342039E-02   -0.281309475656791619E+03    0.730026141243748317E+01    0.994269053558567073E+01    0.959635244324667624E+00    0.636806019430382619E-01
    0.189009006968414504E-02   -0.281046604215504885E+03    0.744712288737115458E+01    0.997076873191772606E+01    0.965436874786881560E+00    0.684263098710364837E-01
    0.194724071482292073E-02   -0.281106181952703082E+03    0.700320874788593883E+01    0.985609954027865953E+01    0.960822314829208324E+00    0.664855345417820764E-01
    0.176531093816353988E-02   -0.280910008935398764E+03    0.788468075828462567E+01    0.985705375270275042E+01    0.947543925260692532E+00    0.634647448337950504E-01
    0.197560519798616312E-02   -0.281135104809344284E+03    0.860440454248080577E+01    0.999873415599076232E+01    0.940579367641261044E+00    0.633878516727297558E-01
    0.217491919241704409E-02   -0.281327338269675238E+03    0.681366896945241507E+01    0.996927414678601487E+01    0.973909092726611192E+00    0.682849846864348464E-01
    0.179748934155104373E-02   -0.280946137009796530E+03    0.590685380649378278E+01    0.994192407391243194E+01    0.978234477431232818E+00    0.638849681120676749E-01
    0.188106792839843836E-02   -0.281037034572967059E+03    0.689738451771360239E+01    0.981681103641801656E+01    0.968057542701235008E+00    0.660458982430758290E-01
    0.189689543975705261E-02   -0.281053792389192495E+03    0.862339230210166185E+01    0.999765946472200007E+01    0.935370121794170117E+00    0.624685206691677486E-01
    0.210187440893301776E-02   -0.281259014292403663E+03    0.642725956452722968E+01    0.998536053655579359E+01    0.973201463630262609E+00    0.629744839520294253E-01
    0.170193714597083041E-02   -0.280836889447712565E+03    0.866027973967036857E+01    0.983104686200235811E+01    0.934697072633580817E+00    0.648129160219088618E-01
    0.222474343348419423E-02   -0.281372638444149288E+03    0.655176683697241913E+01    0.997373997038245186E+01    0.965890885879968408E+00    0.632809905667157668E-01
    0.231103354097305378E-02   -0.281448744937409174E+03    0.602040920700065207E+01    0.995767424352574082E+01    0.988419750542295361E+00    0.662893749644437591E-01
    0.203419100848288353E-02   -0.281193551649849724E+03    0.720661368982682493E+01    0.981863124547589017E+01    0.957275936221524404E+00    0.641360618266539895E-01
    0.227163980610330064E-02   -0.281414359152287034E+03    0.845132630669074736E+01    0.999430741823558577E+01    0.946738746956551580E+00    0.665218339476574272E-01
    0.201026282899363640E-02   -0.281169886196229527E+03    0.562806677133387012E+01    0.999419560576278521E+01    0.993862905295285870E+00    0.672628324998569838E-01
    0.182129561774612781E-02   -0.280972451499210365E+03    0.846509867480204647E+01    0.997069556680086322E+01    0.937781947995830478E+00    0.654228248513424315E-01
    0.218747346144529268E-02   -0.281338849662328357E+03    0.671437923666351821E+01    0.984245282753820305E+01    0.970210829390776297E+00    0.659755614126498191E-01
    0.172415755837188630E-02   -0.280862832366262865E+03    0.639799680213643995E+01    0.972344607867191968E+01    0.968840474154838205E+00    0.648918425633444595E-01
    0.179881647794197480E-02   -0.280947613120581082E+03    0.722453774039261454E+01    0.998755910357581733E+01    0.954124790525876065E+00    0.617736299527942290E-01
    0.202444735372991208E-02   -0.281183948750943728E+03    0.728763693430929838E+01    0.990054850090312222E+01    0.963908877134285191E+00    0.657104660880916125E-01
    0.179038266869886286E-02   -0.280938214004599104E+03    0.938004091386273053E+01    0.998471674030713707E+01    0.929626860631714180E+00    0.653416494863876540E-01
    0.184111200635912048E-02   -0.280994094728510390E+03    0.639583562169352149E+01    0.980481948106918288E+01    0.975948533927322615E+00    0.669425828495240349E-01
