    0.199307157865471054E-92    0.532335070316451220E+04    0.844987354248956102E+01    0.769340472097457884E+01    0.509605446719172406E+00   -0.143475187961779160E+00
    0.111792975352879086E-88    0.530601975258413404E+04    0.807594747412642278E+01    0.694806210335216434E+01    0.483397843951520301E+00   -0.236352344501295719E+00
    0.510387659515745623E-86    0.529370570189111004E+04    0.393714118086912013E+01    0.692053739312389737E+01    0.571650332541350892E+00   -0.160169191125587251E+00
    0.195340570110343008E-84    0.528634954686267611E+04    0.431151884961451692E+01    0.699200907556275020E+01    0.497281476091568919E+00   -0.196291983220380328E+00
    0.317506518280571362E-81    0.527149586203890431E+04    0.490946825579291346E+01    0.805215762547301850E+01    0.538574861005168160E+00   -0.134367902384426752E+00
    0.747209771438138663E-81    0.526971750014004556E+04    0.471421368946527064E+01    0.759047216298707195E+01    0.511324660162719269E+00   -0.179118359329540677E+00
    0.922268226782641071E-80    0.526462468301652734E+04    0.983586675050603887E+01    0.889351448150866375E+01    0.502338390422442771E+00   -0.166413663430441727E+00
    0.217190434783389465E-78    0.525823979908054025E+04    0.472162363162216625E+01    0.820237568533860895E+01    0.485079370895151740E+00   -0.274928502203873437E+00
    0.225064100377583833E-78    0.525810191100615702E+04    0.904067568385115727E+01    0.832205610955601571E+01    0.467420192961133907E+00   -0.239691868192048463E+00
    0.666806145899596011E-77    0.525125784592221771E+04    0.391331032602165596E+01    0.669616529570913421E+01    0.450043923967321291E+00   -0.320500438514821684E+00
    0.391716048364552390E-75    0.524304476319746846E+04    0.306805795258045766E+01    0.826541010456771197E+01    0.629888916783404085E+00   -0.515898184600411813E-01
    0.254998981679950295E-73    0.523462631147713546E+04    0.507449945799147173E+01    0.913534811995664420E+01    0.585716254130996816E+00   -0.818665544774117571E-01
    0.364121929676120536E-73    0.523384718634757792E+04    0.684277376599171561E+01    0.833317531553868562E+01    0.500814394954616660E+00   -0.192793998498948738E+00
    0.164496127093124783E-72    0.523076455300844827E+04    0.721005319040877346E+01    0.750007620368120342E+01    0.497316900372101856E+00   -0.263707914912681085E+00
    0.267208578937928492E-72    0.522972760129872313E+04    0.227454426847951829E+01    0.510993670627458485E+01    0.442388543221108321E+00   -0.380826163505505799E+00
    0.327286612942114609E-71    0.522465015098360982E+04    0.365458423647348418E+01    0.609458380875647965E+01    0.440255104813559228E+00   -0.329843612122330154E+00
    0.985462521620186518E-71    0.522237893468318725E+04    0.422697080939815084E+01    0.801587936320587424E+01    0.601333410689310455E+00   -0.808446469783230537E-01
    0.167064749251153343E-70    0.522125655710796855E+04    0.663655719557168133E+01    0.765536260128674151E+01    0.471298680197573816E+00   -0.245576749920202619E+00
    0.168443818651990862E-69    0.521656827862252794E+04    0.318276369363780098E+01    0.808842030225104658E+01    0.595230450996130145E+00   -0.941404988846230584E-01
    0.222836733024484324E-69    0.521594193777450255E+04    0.948858404104640485E+01    0.834483666471043861E+01    0.531444163700156125E+00   -0.166296521033814426E+00
    0.314644050977193720E-69    0.521518526583065977E+04    0.536286581572361420E+01    0.931875847883691755E+01    0.601161203120781806E+00   -0.656006610829990011E-01
    0.102754720147990586E-68    0.521275162340300267E+04    0.740689074899654720E+01    0.731994130042982150E+01    0.487193321954723757E+00   -0.205167692058689677E+00
    0.449153844716604141E-68    0.520973491538209419E+04    0.255920890600100392E+01    0.769864176609196260E+01    0.602085043051665991E+00   -0.994195776952377930E-01
    0.231516667257289894E-67    0.520638850572923093E+04    0.926740674024082978E+01    0.788330290402370082E+01    0.486439838099366639E+00   -0.200628335767743415E+00
    0.187828746634017196E-65    0.519752974117498343E+04    0.512284206717826862E+01    0.642781927584591184E+01    0.481371532751243336E+00   -0.264144919729287997E+00
    0.254998916045356568E-65    0.519685161717068058E+04    0.807398359963314860E+01    0.817259072606286807E+01    0.538729097032167203E+00   -0.164333677978754533E+00
    0.210026897083951259E-64    0.519256782769898382E+04    0.470871010751538055E+01    0.623090303123502753E+01    0.473303644855530337E+00   -0.259847688117951559E+00
    0.310924521406384556E-64    0.519171653186749063E+04    0.822685693910796623E+01    0.747398995103381925E+01    0.464851544027400365E+00   -0.244794358728276595E+00
    0.368673469600937624E-64    0.519130914288128770E+04    0.320928349456409068E+01    0.692836215245018394E+01    0.581619414539918722E+00   -0.171676753066409726E+00
    0.636248755244990131E-64    0.519015111968378005E+04    0.352633885307630024E+01    0.721200606954048240E+01    0.592251482977587784E+00   -0.132984024245885846E+00
    0.725773210115940114E-63    0.518521598688753966E+04    0.934872173321835653E+01    0.822007066340349724E+01    0.509704197411570803E+00   -0.174764819734451904E+00
    0.779475386537743022E-63    0.518500655316332268E+04    0.458625615697346767E+01    0.629273033767374113E+01    0.477745466536084962E+00   -0.252108325809597189E+00
    0.511444831098422005E-61    0.517657230890378560E+04    0.264920421372176218E+01    0.746979846298389560E+01    0.509756265411009934E+00   -0.279621467059365858E+00
    0.269074516891723366E-60    0.517318497478468453E+04    0.901248593969961576E+01    0.824435591326165351E+01    0.471491257899131710E+00   -0.244953401372226875E+00
    0.160462479990359386E-59    0.516954699435202292E+04    0.418959083273745492E+01    0.671009346224953784E+01    0.525765443739967253E+00   -0.216541316007240692E+00
    0.985465841497723049E-59    0.516585021904697078E+04    0.579653025541980327E+01    0.910449250029926738E+01    0.584113160029065881E+00   -0.929604925178174613E-01
    0.140758954899034858E-55    0.515125500279071093E+04    0.366913797664626617E+01    0.789456015908468522E+01    0.546380537544221667E+00   -0.169693338010533878E+00
    0.296282089223040987E-54    0.514509463970423349E+04    0.534925824084719181E+01    0.888191113851151925E+01    0.593434003305162605E+00   -0.923033895200822130E-01
    0.301425521045880972E-53    0.514038838094562925E+04    0.722292929304397546E+01    0.747517788235111968E+01    0.489669809864093253E+00   -0.222029269820701591E+00
    0.367129246564078662E-51    0.513071699190914478E+04    0.404842624030232034E+01    0.831692101239181625E+01    0.600337652613747608E+00   -0.974159278605082335E-01
    0.459106147805195684E-50    0.512559802008523457E+04    0.406681311972145565E+01    0.690639028781239794E+01    0.529623173574947259E+00   -0.230766305177764863E+00
    0.110796203344204970E-49    0.512376936110113911E+04    0.562973653457419054E+01    0.907520451682580642E+01    0.546494041680903209E+00   -0.159673774774151234E+00
    0.295622451897186574E-46    0.510792440261259981E+04    0.765737345853538720E+01    0.848394389213685329E+01    0.509832042520093509E+00   -0.196519093978092307E+00
    0.509047971858368008E-46    0.510677081770684981E+04    0.605259537164207373E+01    0.742517182167379364E+01    0.513323565514077984E+00   -0.215299103201061159E+00
    0.211772041894703472E-44    0.509924787434282098E+04    0.685406648454968792E+01    0.828560723760869244E+01    0.513413702618027656E+00   -0.196331656362439988E+00
    0.703460698224856092E-44    0.509678020450242911E+04    0.819204315951984796E+01    0.841094370025033555E+01    0.513843538266481659E+00   -0.191410209105593587E+00
    0.156991893978771210E-43    0.509510800332102190E+04    0.378006974241559712E+01    0.740346405126161144E+01    0.534397660970489241E+00   -0.190727318129855550E+00
    0.291230709758037889E-43    0.509380549346077714E+04    0.237791626369232700E+01    0.675753302843833836E+01    0.570037051261740757E+00   -0.170239432550727932E+00
    0.970057224280464849E-43    0.509133234820658072E+04    0.585190411587495340E+01    0.765062402789113882E+01    0.457009690217251574E+00   -0.327769396553399761E+00
    0.295497926947743884E-42    0.508903789783881530E+04    0.455515345753022860E+01    0.702768400688713868E+01    0.496335417959393510E+00   -0.296209973176171260E+00
    0.431284834499561357E-42    0.508821501733351215E+04    0.556397892669429872E+01    0.695084291032594770E+01    0.481748152396679785E+00   -0.265400918318970391E+00
    0.435887259800456903E-42    0.508812712088536955E+04    0.566599500743165674E+01    0.885990765684591253E+01    0.593638619423531466E+00   -0.114367041237051326E+00
    0.651156622511149767E-42    0.508725772107995454E+04    0.446461549684383741E+01    0.858189307615586117E+01    0.578889932723932077E+00   -0.126013233875937658E+00
    0.260793753653169120E-41    0.508441592487089474E+04    0.240284181417302634E+01    0.655838697877143328E+01    0.571612535010695311E+00   -0.188724457532916556E+00
    0.183756591168968699E-40    0.508044432376082477E+04    0.801714552408763659E+01    0.802377754802750331E+01    0.499982656184032592E+00   -0.220585100593637451E+00
    0.352347782957233840E-40    0.507907564369448664E+04    0.546270897780203235E+01    0.887770161697446092E+01    0.560933490968988480E+00   -0.143583500083961701E+00
    0.559475876670951973E-39    0.507347904343511163E+04    0.925317430956905262E+01    0.881292305569502155E+01    0.511360092532322952E+00   -0.197799886090014532E+00
    0.180534281787552985E-38    0.507106936603128270E+04    0.569171523721911754E+01    0.784049306293118242E+01    0.497093444483551750E+00   -0.240589881287548435E+00
    0.175848369151836707E-37    0.506645012638212756E+04    0.570126841411482754E+01    0.751709890931498403E+01    0.472801470502551169E+00   -0.288334265311727012E+00
    0.606001012946208192E-37    0.506390894056984871E+04    0.242345732273989789E+01    0.700431941621948351E+01    0.536387173997272981E+00   -0.231152403516933336E+00
    0.754738448482677337E-37    0.506340329469161679E+04    0.597127589666787628E+01    0.917646602248582965E+01    0.583034404424074282E+00   -0.118967619583049355E+00
    0.777971441770348406E-37    0.506327599091917000E+04    0.846283335640034373E+01    0.893638402267609955E+01    0.518639901085935051E+00   -0.191930462176502004E+00
    0.263097812114206041E-36    0.506077248195462016E+04    0.517931908073920422E+01    0.767408890427982726E+01    0.470089035220123463E+00   -0.315037932968507906E+00
    0.260870724540495324E-36    0.506072281707969978E+04    0.686980342446372294E+01    0.781148661082539775E+01    0.508945214812371205E+00   -0.234803987601746256E+00
    0.532916203104234238E-36    0.505922747197698845E+04    0.424006937235390069E+01    0.690598888744915662E+01    0.510477209769451434E+00   -0.242406149880902366E+00
    0.498249971877023376E-35    0.505469015970776582E+04    0.613739976262733755E+01    0.827553784207524679E+01    0.549895398551122128E+00   -0.173330820297576182E+00
    0.396343555929700896E-34    0.505047596385917768E+04    0.174069884718108026E+01    0.677157709004313713E+01    0.543015295114248175E+00   -0.258024023236594013E+00
    0.741333303074213061E-33    0.504455178915598481E+04    0.129617228283245534E+01    0.636649646984616702E+01    0.560900970111308794E+00   -0.251648876395337395E+00
    0.883187361277868021E-32    0.503952977822455432E+04    0.576607964736370882E+01    0.711414572406119561E+01    0.456282803032417306E+00   -0.326059682428395892E+00
    0.215664051083014296E-31    0.503767757234672627E+04    0.760268129421743133E+01    0.829059397718060431E+01    0.479445936575045195E+00   -0.274260797925494515E+00
    0.900389939833675617E-31    0.503475269356383251E+04    0.672844955422014479E+01    0.813228315333634022E+01    0.491713019792239692E+00   -0.253643499422565588E+00
    0.144998161021546749E-30    0.503373307046366426E+04    0.486564802511503736E+01    0.734992984934345905E+01    0.511921060376545611E+00   -0.233187675813930406E+00
    0.263921513648956561E-29    0.502786337220614860E+04    0.449781521833562881E+01    0.683768689548398179E+01    0.474261000143998857E+00   -0.325046088626298246E+00
    0.398371935645264575E-29    0.502697323690265966E+04    0.533206050243737018E+01    0.848519140360964386E+01    0.542680563607598643E+00   -0.181900308881585815E+00
    0.640283259639714804E-29    0.502595752105388601E+04    0.727058571257932496E+01    0.787647275105656952E+01    0.477753180725242643E+00   -0.277213432161927842E+00
    0.784844065537240033E-29    0.502548370561962474E+04    0.608135286048809753E+01    0.803659510130326282E+01    0.476196402170698363E+00   -0.301192963499264277E+00
    0.844370037509078718E-29    0.502527082740064270E+04    0.231429207670363102E+01    0.685321777462876813E+01    0.559588724092353829E+00   -0.203205838820637141E+00
    0.155157458568972676E-27    0.501938212109912729E+04    0.429297382241145620E+01    0.729686223674412560E+01    0.494937722613791209E+00   -0.272213052419037482E+00
    0.192139201333808316E-27    0.501888789512592484E+04    0.595960161656901732E+01    0.732482554602843283E+01    0.462252215024502533E+00   -0.320459425799278330E+00
    0.393356530725193613E-27    0.501738823588488140E+04    0.551823586506500696E+01    0.807694123059557967E+01    0.498896610408920083E+00   -0.258925058851140033E+00
    0.108157914750812726E-25    0.501069347698756792E+04    0.543207836393142074E+01    0.777553640164476967E+01    0.492604981914350759E+00   -0.268725735147560152E+00
    0.209613134789928525E-25    0.500930346775358521E+04    0.433255500637258617E+01    0.719295870581187557E+01    0.513885981273858761E+00   -0.250907646154644670E+00
    0.230652438151278690E-25    0.500904550435838701E+04    0.769242575727203093E+01    0.892695907979162584E+01    0.503108348825936247E+00   -0.241611088595946710E+00
    0.464944341803039783E-25    0.500757682624643166E+04    0.526503460511244281E+01    0.781749726363221065E+01    0.484954605435364172E+00   -0.292061369116476732E+00
    0.522778928746243040E-25    0.500727567763387560E+04    0.882796869449003552E+01    0.841950746647299297E+01    0.484057643981802954E+00   -0.266138521954197849E+00
    0.571045021943086437E-25    0.500703239221168315E+04    0.691028038450478999E+01    0.787822649721047075E+01    0.473367349670276383E+00   -0.296258390839006847E+00
    0.967006763231138522E-25    0.500591225067425785E+04    0.915314338733474386E+01    0.848411233138727994E+01    0.456591452801733411E+00   -0.332088554693496074E+00
    0.134497986645986898E-24    0.500518572634101929E+04    0.805541912915350800E+01    0.824321819847238224E+01    0.495547735793852695E+00   -0.254671058443437848E+00
    0.130526690876423438E-24    0.500517900266658580E+04    0.261116419375877040E+01    0.699250280435578553E+01    0.544668095350225201E+00   -0.222498551008269985E+00
    0.427496800250642903E-24    0.500273959786008618E+04    0.493728420981635630E+01    0.751867543535467053E+01    0.504100681276682394E+00   -0.252644334129604631E+00
    0.629402536167923521E-24    0.500189928277228319E+04    0.920285890405544116E+01    0.824544527211012301E+01    0.466554749736975083E+00   -0.302895525542395738E+00
    0.206502258274685662E-23    0.499945636525128157E+04    0.440766813736568608E+01    0.736550259545296981E+01    0.519365170455428071E+00   -0.238455481342418896E+00
    0.740758677943193481E-23    0.499683497147828348E+04    0.240914928956716956E+01    0.688574577104438834E+01    0.550572787991978174E+00   -0.221826795419932998E+00
    0.178025968328076096E-22    0.499501462557028299E+04    0.255937019853585079E+01    0.707116510992453851E+01    0.534292844321857530E+00   -0.247061640706676133E+00
    0.231082776219229624E-21    0.498982109560600747E+04    0.691726882725899905E+01    0.778869785423447603E+01    0.460762282004768764E+00   -0.332711251247183371E+00
    0.548707375504602389E-21    0.498802485033772246E+04    0.503260925435445206E+01    0.801195188292627414E+01    0.502825289681211984E+00   -0.265329807360768832E+00
    0.833316006206208563E-21    0.498712248838372579E+04    0.648633335435883307E+01    0.804255503634263391E+01    0.501446637922121852E+00   -0.252849775894678497E+00
    0.119283020451770213E-20    0.498633847940490705E+04    0.429754752631556602E+01    0.724657341747216144E+01    0.508987688416333128E+00   -0.264290598180941250E+00
    0.143845545757000512E-20    0.498589733047320260E+04    0.330985391976632215E+01    0.778113196846104227E+01    0.532587267573562784E+00   -0.242017119483645793E+00
    0.180435686234469066E-20    0.498537739524591780E+04    0.101538980737153608E+02    0.906125327335329978E+01    0.494440178141530851E+00   -0.251464079409978503E+00
    0.183893146809067620E-20    0.498527276765979059E+04    0.600169308846302663E+01    0.891751789499291370E+01    0.514923451968805068E+00   -0.245388431053422673E+00
    0.120040183294643426E-19    0.498145398744222075E+04    0.806841984683129354E+01    0.860931724218924899E+01    0.474446572905547370E+00   -0.306370773236715466E+00
    0.349050048523824806E-19    0.497925254323572244E+04    0.610517457219789783E+01    0.781162108468924288E+01    0.473923959804006145E+00   -0.313446094820183152E+00
    0.568317233154595471E-19    0.497821094766014630E+04    0.799393253335498155E+01    0.881126922788752331E+01    0.509412547997687426E+00   -0.233957853731020626E+00
    0.602270068297185047E-19    0.497802822861096865E+04    0.728916217019941914E+01    0.796994880061855149E+01    0.467529027476478731E+00   -0.320867330389042138E+00
    0.734466991962971950E-19    0.497756468376031080E+04    0.803869684301726295E+01    0.884034654504754869E+01    0.507109375087267722E+00   -0.238009443807652321E+00
    0.793920956932491660E-19    0.497734233939226397E+04    0.393448991864053088E+01    0.807446072536397175E+01    0.527674184713264438E+00   -0.242377368883135991E+00
    0.768151529043850143E-19    0.497734166650299812E+04    0.597272557254065362E+01    0.855053872735510012E+01    0.519761632917909111E+00   -0.228368920673222120E+00
    0.822637892934410112E-19    0.497713794163144485E+04    0.479051797440606464E+01    0.732752695853494007E+01    0.467713092899122884E+00   -0.342259272946580761E+00
    0.103318493762633095E-18    0.497661550423843437E+04    0.438904866702347007E+01    0.785020240025918348E+01    0.510948325319528607E+00   -0.260321032284273390E+00
    0.123815815154858511E-18    0.497618688015185216E+04    0.376431796677546116E+01    0.788431602286953570E+01    0.530875497986237121E+00   -0.235605604853379114E+00
    0.428934111948869851E-18    0.497363519704073678E+04    0.657238183521143426E+01    0.858211110760924356E+01    0.508817312425446033E+00   -0.244665794433227446E+00
    0.917509900077096354E-18    0.497204781027764329E+04    0.468074148584600369E+01    0.819159862491250657E+01    0.524455279866707258E+00   -0.234579653396733478E+00
    0.257070645480959154E-17    0.496992059830075686E+04    0.357817500226431884E+01    0.720293458423282473E+01    0.523451415247253138E+00   -0.250120831094845064E+00
    0.957885148189309433E-17    0.496722317773117993E+04    0.217411740990517899E+01    0.648365186367319968E+01    0.524365371571988703E+00   -0.287524386013736200E+00
    0.103970269709939329E-16    0.496699258666575861E+04    0.714890306273195009E+01    0.892578236228629507E+01    0.502071904599967311E+00   -0.261695736998085460E+00
    0.619546540901425130E-16    0.496335615432968461E+04    0.993096894569195676E+01    0.883093148691516561E+01    0.479733882899605391E+00   -0.291412564854607981E+00
    0.922071464708302528E-16    0.496249421785045979E+04    0.502334404680692703E+01    0.883991304998288285E+01    0.538300245996683913E+00   -0.216574892821187692E+00
    0.909867660423459162E-16    0.496245419832429980E+04    0.320610520449209124E+01    0.770669714724792598E+01    0.524987115391608583E+00   -0.266321351447875054E+00
    0.156695903916563208E-15    0.496130034577456627E+04    0.714542037409344299E+01    0.891791325291311843E+01    0.512994853839758846E+00   -0.239012553709336051E+00
    0.181927470805438809E-15    0.496093507693545325E+04    0.915764060923913448E+01    0.864047662538307648E+01    0.480863766819441096E+00   -0.299185692624743926E+00
    0.184917415509560735E-15    0.496083580781444925E+04    0.947400896167799544E+01    0.887238888256340807E+01    0.493560119227563376E+00   -0.275632009740522266E+00
    0.288327823953507763E-15    0.495988076357249156E+04    0.542786178139996345E+01    0.822425601193619471E+01    0.490100447354762991E+00   -0.302798907520679506E+00
    0.414614862184977576E-15    0.495908759303382703E+04    0.778409006858354235E+01    0.857778265221558911E+01    0.497514842857331274E+00   -0.264122066359264496E+00
    0.422331159162916116E-15    0.495898404697268234E+04    0.104765567691468320E+02    0.894917996962264795E+01    0.480815467542308639E+00   -0.294296215933429584E+00
    0.462998046830236765E-15    0.495873351412216653E+04    0.414722218272930743E+01    0.801870871742766766E+01    0.517679690310659524E+00   -0.261250741691179678E+00
    0.740241517439820658E-15    0.495772834011089981E+04    0.265391072673243755E+01    0.740149165806451315E+01    0.522705528450931212E+00   -0.288327397443817413E+00
    0.836298115584642315E-15    0.495741765616575321E+04    0.907778934291866513E+01    0.884071776085184879E+01    0.491493461428341050E+00   -0.289901234091239801E+00
    0.131871246220984339E-14    0.495644013752901446E+04    0.383481032482422179E+01    0.712434324443186462E+01    0.493246305243506100E+00   -0.314152120011747638E+00
    0.132356639373190490E-14    0.495636612275528296E+04    0.361993266702643135E+01    0.718716083533372441E+01    0.514677196461724051E+00   -0.271405791353687253E+00
    0.452348022836444586E-14    0.495384155258279952E+04    0.250610420151891233E+01    0.687408148679059572E+01    0.524721380320723796E+00   -0.276995589979645129E+00
    0.451070588542066110E-14    0.495378054192157560E+04    0.930880896934119662E+01    0.889068842022557959E+01    0.469363232851552681E+00   -0.325056117741533757E+00
    0.522864715941263704E-14    0.495341847741809670E+04    0.245318302007096545E+01    0.707788295209672125E+01    0.529177423795408330E+00   -0.274225750923867695E+00
    0.805644631273936373E-14    0.495248717079167545E+04    0.394396040661112757E+01    0.719852908706471784E+01    0.493468754739483373E+00   -0.312549528247885067E+00
    0.144546431365323138E-13    0.495125141786079439E+04    0.485272043143400555E+01    0.774330607351329281E+01    0.482948694999006278E+00   -0.321866294883337067E+00
    0.250470731284007671E-13    0.495008526860962684E+04    0.574137403673595337E+01    0.811912055112349229E+01    0.497674196889740017E+00   -0.279021312541383848E+00
    0.334657343313214662E-13    0.494943907178285372E+04    0.843962897723333505E+01    0.884444356622386785E+01    0.478382337972762528E+00   -0.309136178968391961E+00
    0.337647887773695579E-13    0.494935461222065987E+04    0.823145568151460161E+01    0.874621360756372113E+01    0.478498952603196415E+00   -0.308695917541393361E+00
    0.611305671431907682E-13    0.494810075852536193E+04    0.405021076607916619E+01    0.726222806704068802E+01    0.486744307761600936E+00   -0.325366405008887249E+00
    0.825527292954941117E-13    0.494743324143770224E+04    0.377752008367010328E+01    0.730705083606327044E+01    0.495790986763429586E+00   -0.307489778133988367E+00
    0.152784976024018600E-12    0.494613538614044228E+04    0.592022055662793534E+01    0.891376242312497880E+01    0.536973166052154838E+00   -0.210559361899673836E+00
    0.211006796992115219E-12    0.494542300187629189E+04    0.924811887538128730E+01    0.913118777718386276E+01    0.484224428949904251E+00   -0.294300850975415251E+00
    0.228005760282506071E-12    0.494520137411594078E+04    0.692613774727149245E+01    0.873596198278207048E+01    0.525112864541712909E+00   -0.227449225840621549E+00
    0.485409260803638282E-12    0.494362346449170673E+04    0.753300300061082240E+01    0.895894097762076136E+01    0.526951885175122925E+00   -0.224465640010954148E+00
    0.103760924192844068E-11    0.494203743348869830E+04    0.773722100598459406E+01    0.895762330630437908E+01    0.495097382872170755E+00   -0.279312146501536129E+00
    0.146803322576949789E-11    0.494127675821745288E+04    0.505804561751178561E+01    0.834569027965992660E+01    0.515723002429094635E+00   -0.257441437639465143E+00
    0.334180191274133605E-11    0.493956491836468194E+04    0.431449458886037984E+01    0.782406442688436776E+01    0.518366695144415246E+00   -0.257585535152333289E+00
    0.550778143477916609E-11    0.493849894821337512E+04    0.890459744942375231E+01    0.881972893165862537E+01    0.479583601917159541E+00   -0.315507810508320108E+00
    0.790094004779232087E-11    0.493771064185247087E+04    0.537081638947785756E+01    0.816628885198696253E+01    0.495975239516742050E+00   -0.294192778207165939E+00
    0.798850890667291611E-11    0.493762193043253137E+04    0.695001783022116371E+01    0.863607347778521195E+01    0.502111131452045001E+00   -0.267904634159245481E+00
    0.874788546664136294E-11    0.493737364799028910E+04    0.492804460799069588E+01    0.865157394522087309E+01    0.529244392844480771E+00   -0.239240564997709293E+00
    0.132392630344815251E-10    0.493647823157021776E+04    0.361129474747191015E+01    0.791453541779208702E+01    0.526326783401046328E+00   -0.261377928852437047E+00
    0.172048448857311648E-10    0.493588755663025768E+04    0.463558803288015486E+01    0.789142585767112603E+01    0.510028999218185675E+00   -0.271128707591974494E+00
    0.197821307304718836E-10    0.493554171392700209E+04    0.757834392583573546E+01    0.875423787032201695E+01    0.506013913601066179E+00   -0.260423762981899509E+00
    0.219908073336693728E-10    0.493526335630890935E+04    0.378529357002248990E+01    0.732618413806467217E+01    0.503252299118621238E+00   -0.306380125014916405E+00
    0.272665762014947971E-10    0.493476661540309124E+04    0.856976318059195918E+01    0.897123831140122974E+01    0.498610878861544649E+00   -0.284159485456994765E+00
    0.406704660358810894E-10    0.493390026765308176E+04    0.708580897913158658E+01    0.884325478194424797E+01    0.514739754719528264E+00   -0.245048865849105568E+00
    0.415193490570329414E-10    0.493379228622220580E+04    0.364315417563727628E+01    0.735256741882384102E+01    0.518173625335577981E+00   -0.276727036246623315E+00
    0.587753558510483178E-10    0.493303049337963330E+04    0.556653076239511968E+01    0.879286734522134594E+01    0.540273437377445376E+00   -0.211469885585768291E+00
    0.573719737502428632E-10    0.493301216016691615E+04    0.453874632689981095E+01    0.804885340513134473E+01    0.501973613429044008E+00   -0.296360147446426914E+00
    0.592678060889555001E-10    0.493288047282489151E+04    0.528742879173877256E+01    0.796948101848010548E+01    0.489330327135473198E+00   -0.310478616948337227E+00
    0.800615509736836524E-10    0.493221234722533791E+04    0.689374646040243899E+01    0.860949289044737753E+01    0.491832331676036461E+00   -0.293541621995543789E+00
    0.150841625798514042E-09    0.493087881110944727E+04    0.761136343181570751E+01    0.885328195595358203E+01    0.491000093793319436E+00   -0.292805167081169992E+00
    0.174305026020177134E-09    0.493052299176890665E+04    0.285989320931676971E+01    0.724488549850202013E+01    0.534997401968183794E+00   -0.257357892769897734E+00
    0.169896746846751963E-09    0.493050755691530321E+04    0.866119235830060319E+01    0.889281834365348445E+01    0.479666424543269798E+00   -0.315357576856319488E+00
    0.200035145094936369E-09    0.493011428585753856E+04    0.506184359975917531E+01    0.890405641240938550E+01    0.535494549582391954E+00   -0.231197404492992753E+00
    0.812407335574947713E-09    0.492724460162568721E+04    0.455883771296441243E+01    0.799424487102721937E+01    0.501145904501543171E+00   -0.298241432032381515E+00
    0.939717569558120187E-09    0.492688677993297279E+04    0.386489700782766565E+01    0.763797427440490218E+01    0.514292915972687226E+00   -0.277392391615995826E+00
    0.160065871334454906E-08    0.492575493097201797E+04    0.371004003641044688E+01    0.761960151011242459E+01    0.514458071258900418E+00   -0.280805467437929557E+00
    0.155733707573169173E-08    0.492574314006620443E+04    0.824588243423005451E+01    0.893210089027901155E+01    0.499113412024037473E+00   -0.281716321534521641E+00
    0.173361332466889718E-08    0.492546201240473602E+04    0.330053075647424787E+01    0.734007562025731719E+01    0.525718427305550406E+00   -0.267691826370162311E+00
    0.200309455201646260E-08    0.492510637493120339E+04    0.584891550160439877E+01    0.859628460460330857E+01    0.514290937163854878E+00   -0.257710980054219219E+00
    0.203077279705236719E-08    0.492501226196844982E+04    0.524000711522554585E+01    0.863336837345147323E+01    0.521098444064238109E+00   -0.253592454251911459E+00
    0.199012294741091709E-08    0.492498603528051717E+04    0.383853994090351192E+01    0.768311328987516173E+01    0.508589917922254386E+00   -0.292143868659385686E+00
    0.201588068806916714E-08    0.492489364912083875E+04    0.544751373690782081E+01    0.865231019898502751E+01    0.528871353504165143E+00   -0.234484689428498316E+00
    0.195628665518373146E-08    0.492488699856086714E+04    0.540369024238356133E+01    0.898279932179029927E+01    0.547077654367335242E+00   -0.205642658354290964E+00
    0.218264927500566731E-08    0.492460134931395078E+04    0.309885785891744092E+01    0.734717596707773701E+01    0.522315419055512820E+00   -0.277825003374040924E+00
    0.265608237453583393E-08    0.492414205696145928E+04    0.908059470045287398E+01    0.907991774112752026E+01    0.486957317455548377E+00   -0.301753510611807330E+00
    0.334225495245783943E-08    0.492361580335676990E+04    0.541905583487341858E+01    0.867819623778051863E+01    0.524405346009260143E+00   -0.244624450789589942E+00
    0.326954779723279906E-08    0.492359312474533363E+04    0.832878692749366500E+01    0.929487947572539142E+01    0.522386093941985763E+00   -0.246123946538070904E+00
    0.407448374608297072E-08    0.492308627335156507E+04    0.932354027467801849E+01    0.915703019853677169E+01    0.486376432096001565E+00   -0.302394861579065033E+00
    0.120606837141268466E-07    0.492084919302126491E+04    0.779888639105799264E+01    0.893126271337562905E+01    0.507354325905138737E+00   -0.268350803255245407E+00
    0.183273330335408367E-07    0.491994564101158176E+04    0.543930264415089582E+01    0.878878503399855582E+01    0.529832466417550663E+00   -0.236257822576405929E+00
    0.219494131851874414E-07    0.491951828064273559E+04    0.544307646123388444E+01    0.864889960203568364E+01    0.516707566618324066E+00   -0.261641256381542231E+00
    0.244082040486933547E-07    0.491923925617149689E+04    0.280271447473642921E+01    0.728073310205374469E+01    0.527177573538670785E+00   -0.278867406810933138E+00
    0.292061868061468919E-07    0.491881366699190130E+04    0.756898192227366096E+01    0.884464472773477439E+01    0.502651330485402781E+00   -0.275884686241877564E+00
    0.560197776397286940E-07    0.491744435185169823E+04    0.806355984125385739E+01    0.899514491001002980E+01    0.496637350624419938E+00   -0.285169597138658415E+00
    0.115907358076253091E-06    0.491592351231657267E+04    0.744405129977507229E+01    0.890791615651781044E+01    0.494125564564063424E+00   -0.294605022973351116E+00
    0.150031490610825878E-06    0.491534073770047416E+04    0.375014497085372067E+01    0.767057550371945851E+01    0.511589234601647291E+00   -0.291360286813562630E+00
    0.293164719912390623E-06    0.491393429218263918E+04    0.569446876563139170E+01    0.901813824692312416E+01    0.548664673519992263E+00   -0.204012158086323558E+00
    0.342218565561373083E-06    0.491355819555902417E+04    0.678224737252643273E+01    0.910154224683825497E+01    0.539910750088324676E+00   -0.217358803156963432E+00
    0.339755264271190666E-06    0.491350597702450068E+04    0.649310671000666950E+01    0.896248119751568240E+01    0.536901694775881566E+00   -0.221800761968753868E+00
    0.331715399472871595E-06    0.491348720671118190E+04    0.792747403025073893E+01    0.896951063299557916E+01    0.490505164556596540E+00   -0.303018572655702978E+00
    0.329344986290031113E-06    0.491343488320222605E+04    0.359792796607779941E+01    0.768249584158453835E+01    0.523757213067417737E+00   -0.269758366247252024E+00
    0.336146510010831111E-06    0.491332733390616340E+04    0.763547350669438707E+01    0.908470839177318545E+01    0.517851556915580602E+00   -0.256930458781498783E+00
    0.540176982737423358E-06    0.491231196778940102E+04    0.726634257287291252E+01    0.906975431494972106E+01    0.524651182328065957E+00   -0.239089998176732044E+00
    0.559370345575307100E-06    0.491217547124960583E+04    0.683439615882073692E+01    0.939270534329173579E+01    0.553707958960353963E+00   -0.195640018664861470E+00
    0.280109318375028876E-05    0.490888689803393754E+04    0.717264360525608780E+01    0.915480782903359014E+01    0.530902682875680654E+00   -0.230329479488990074E+00
    0.338709741315617464E-05    0.490844030422614196E+04    0.750050841426202552E+01    0.910501536331270067E+01    0.519872963186994497E+00   -0.249277729950088234E+00
    0.336902398505051443E-05    0.490838433806063767E+04    0.757877103073666181E+01    0.942374270822332427E+01    0.540209573154575295E+00   -0.218159783981253463E+00
    0.379759545636410886E-05    0.490807818137783579E+04    0.629519361745182238E+01    0.873792867506521809E+01    0.515970989671927782E+00   -0.258510355577234230E+00
    0.422330900261424131E-05    0.490779901300552774E+04    0.625782707905395874E+01    0.901383109994096188E+01    0.532082820307188342E+00   -0.229429099420434102E+00
    0.589803411016810933E-05    0.490706434604066999E+04    0.793122899069705944E+01    0.928913941491070005E+01    0.520512788123795644E+00   -0.256102998533521253E+00
    0.737214184559072604E-05    0.490655150099994626E+04    0.624108509970652392E+01    0.882402534274204520E+01    0.518214630868023107E+00   -0.255094098706967642E+00
    0.796452600182450814E-05    0.490633025603185433E+04    0.642041356339636327E+01    0.890647304669650453E+01    0.512946816450419618E+00   -0.265174261718958637E+00
    0.862606206382203490E-05    0.490610400804177061E+04    0.788084260645690815E+01    0.915294096126412704E+01    0.512081684174106044E+00   -0.265140134617173340E+00
    0.944963937678280987E-05    0.490585496440226507E+04    0.659702411155890722E+01    0.883914423568117513E+01    0.517175684822676729E+00   -0.256187014191891160E+00
    0.980951835249327337E-05    0.490571354454524590E+04    0.688003348184580954E+01    0.901046698805357771E+01    0.527730293289472741E+00   -0.240218826200515601E+00
    0.113069597007674824E-04    0.490536274735041115E+04    0.747428608206289269E+01    0.900166983460221992E+01    0.508199247188144909E+00   -0.272384707666773807E+00
    0.123670242933498893E-04    0.490511685036319250E+04    0.356060448607260271E+01    0.772558293377796090E+01    0.525581527824803274E+00   -0.270844509134816280E+00
    0.124879927477717764E-04    0.490503071568982523E+04    0.853236710737482262E+01    0.928420184839145790E+01    0.501297017364608521E+00   -0.288727479860045988E+00
    0.121080156420229010E-04    0.490502584886204477E+04    0.826086901579420108E+01    0.951275186355674229E+01    0.528795451632081637E+00   -0.239847563553510112E+00
    0.124891205386680415E-04    0.490489720174460308E+04    0.817418872804154972E+01    0.936368238330049962E+01    0.519582026712155809E+00   -0.256083637920861307E+00
    0.132652379363552982E-04    0.490470995704561210E+04    0.706515683949264073E+01    0.908312703679630751E+01    0.523718898615550543E+00   -0.242787483847297203E+00
    0.136445986883625997E-04    0.490458689674244306E+04    0.625414486269234704E+01    0.910462845058876624E+01    0.542987544825406232E+00   -0.213755215148220157E+00
    0.208736557743172795E-04    0.490366994181220798E+04    0.672595584270198632E+01    0.899778805024537043E+01    0.529040509600552156E+00   -0.238130966811872402E+00
    0.328616860366011737E-04    0.490269563605280200E+04    0.849387521714328386E+01    0.932213059771313368E+01    0.506329159571945908E+00   -0.276685601471754139E+00
    0.338534098160336028E-04    0.490256950477330702E+04    0.790122693339242410E+01    0.912714160515556827E+01    0.502678857234533538E+00   -0.283351846467187030E+00
    0.440715286861571821E-04    0.490197528962957676E+04    0.781116538681611683E+01    0.948070471808676096E+01    0.534896973494172201E+00   -0.232821362191622638E+00
    0.493591529015164056E-04    0.490168200445915681E+04    0.692407082920973416E+01    0.885804128516721256E+01    0.502375489439572220E+00   -0.287705242939315431E+00
    0.509410589006698832E-04    0.490155224571501458E+04    0.773681558860978580E+01    0.908163979549015465E+01    0.499667280700435867E+00   -0.291089959133679632E+00
    0.575895482546710124E-04    0.490124023536679579E+04    0.679895470553442216E+01    0.888498881681787900E+01    0.513183093342615138E+00   -0.266095411013743455E+00
    0.683169995430080829E-04    0.490083193363313967E+04    0.691198640786144836E+01    0.928771007602560417E+01    0.540550794393912071E+00   -0.217750125052037946E+00
    0.722180030393973390E-04    0.490065420549932787E+04    0.673259293207963694E+01    0.924834246995808229E+01    0.544172305403858303E+00   -0.214822984977612874E+00
    0.734348966468975335E-04    0.490055411905385517E+04    0.661153078637969660E+01    0.894169157988267749E+01    0.515064221495693531E+00   -0.261964489859826455E+00
    0.935563382343358946E-04    0.490000312328918699E+04    0.772077721051663612E+01    0.940827588946934057E+01    0.530242427127321392E+00   -0.242602277167241809E+00
    0.134284754608747400E-03    0.489921365906880692E+04    0.802882037587784048E+01    0.920164120993386092E+01    0.499330705492532445E+00   -0.292130073830010106E+00
    0.150064968181383229E-03    0.489892478091837438E+04    0.731461453471401946E+01    0.906438136539948935E+01    0.506199673319216004E+00   -0.278157984378738399E+00
    0.160572365829068258E-03    0.489872276145798878E+04    0.844524201636875027E+01    0.941694255803398050E+01    0.513080277212321079E+00   -0.265558230463007083E+00
    0.171649616390345756E-03    0.489852267365798252E+04    0.716755492100543012E+01    0.919500948667969453E+01    0.523869263734491497E+00   -0.244085942366037756E+00
    0.176916642712069680E-03    0.489839556020841610E+04    0.709911185884590523E+01    0.908064483745412154E+01    0.516558827148275057E+00   -0.258258428393252415E+00
    0.185139717376161747E-03    0.489823802935658568E+04    0.662409346445160274E+01    0.898072049273081419E+01    0.519226581039811563E+00   -0.255030335073614944E+00
    0.186715351984053507E-03    0.489815441367760195E+04    0.751889104192351887E+01    0.926683535440684203E+01    0.525224851478023780E+00   -0.245485051815190980E+00
    0.189569283358118762E-03    0.489805740842326304E+04    0.666804022194208024E+01    0.918316852523290450E+01    0.536259310251951504E+00   -0.225449487295258710E+00
    0.187634505448257548E-03    0.489801125899353974E+04    0.659552957725088174E+01    0.886945852770724130E+01    0.513952647082975389E+00   -0.266658896797936751E+00
    0.201650658095631072E-03    0.489780051065837688E+04    0.675748300347619324E+01    0.923139077642119688E+01    0.541958449176600965E+00   -0.220545914312919367E+00
    0.203813642153456557E-03    0.489771250544649411E+04    0.787299627786081935E+01    0.949642905224468414E+01    0.531408618699689583E+00   -0.240809444074508883E+00
    0.205981060503863115E-03    0.489762468244425691E+04    0.747514339533852823E+01    0.924732944296117410E+01    0.522015726844280437E+00   -0.247897487044716480E+00
    0.221223870649575187E-03    0.489741523387180314E+04    0.525182372933955577E+01    0.851218906616854198E+01    0.521387564212599131E+00   -0.260778653994982346E+00
    0.226532009860764920E-03    0.489730114504379344E+04    0.531595956664611347E+01    0.841779898750053412E+01    0.522780442599458439E+00   -0.262696933233160457E+00
    0.271339261086571415E-03    0.489687351104707523E+04    0.592951444812546846E+01    0.867575969786938650E+01    0.516921225311932631E+00   -0.265126876200114991E+00
    0.278925259397587737E-03    0.489675169651117358E+04    0.613562200784409928E+01    0.877802544104923044E+01    0.522004208431273042E+00   -0.254821846347811909E+00
    0.286416122487937494E-03    0.489663202610723511E+04    0.746486393093813927E+01    0.911533299243833817E+01    0.508896284666896292E+00   -0.274443137933304881E+00
    0.292175546907357008E-03    0.489652554127544681E+04    0.433521123927115681E+01    0.810668606557048754E+01    0.524927023262101500E+00   -0.264272040111892870E+00
    0.286783408428826277E-03    0.489649612971534134E+04    0.777725424858533643E+01    0.919589584400057625E+01    0.507093872958254366E+00   -0.277621923396687009E+00
    0.355191996948842471E-03    0.489600160060194230E+04    0.592330705882102126E+01    0.866589142929176148E+01    0.519484840230820311E+00   -0.262079205154697403E+00
    0.403418201122876388E-03    0.489568030340718815E+04    0.798154447926000898E+01    0.948752352240024344E+01    0.527436505500764596E+00   -0.246132141980725860E+00
    0.400763951772130128E-03    0.489562683901803757E+04    0.743152583399820799E+01    0.935793963687803476E+01    0.531071971980523472E+00   -0.234003421236522624E+00
    0.561563206554933914E-03    0.489488546889110239E+04    0.725622049369077082E+01    0.922997006765910299E+01    0.524306958918055344E+00   -0.245677754836512552E+00
    0.580402454177497847E-03    0.489475280739592836E+04    0.671235699163899646E+01    0.908305198786379897E+01    0.517469487160189701E+00   -0.259594100733099298E+00
    0.613443356812917837E-03    0.489457540836420230E+04    0.735163431444054716E+01    0.930642417012068357E+01    0.524388022743305982E+00   -0.243969337527698560E+00
    0.606544048439830474E-03    0.489453136285541041E+04    0.724170308929243500E+01    0.912018221656759565E+01    0.516901037795431506E+00   -0.261843990934611304E+00
    0.588016297921025756E-03    0.489452674156464491E+04    0.735203209674064695E+01    0.919374274845576345E+01    0.519591821406091725E+00   -0.255224559790791505E+00
    0.580472774840984948E-03    0.489448589842703404E+04    0.711468322611460646E+01    0.904068508368996504E+01    0.507982479894103278E+00   -0.278475453175221266E+00
    0.687821058406864333E-03    0.489407986013228765E+04    0.722085170686702327E+01    0.915128328874479280E+01    0.518646943970072272E+00   -0.257208664773602491E+00
    0.811995654158467772E-03    0.489368126091852810E+04    0.739537294905671860E+01    0.924106789992202238E+01    0.512632314074792816E+00   -0.266626682841893947E+00
    0.823010844153104727E-03    0.489358764547419014E+04    0.720278099413836870E+01    0.928344147181655011E+01    0.517181626251801418E+00   -0.258302507308452278E+00
    0.836189067932120744E-03    0.489348920807078866E+04    0.619137064365804690E+01    0.887232990899654439E+01    0.523087829641507795E+00   -0.252963703359579406E+00
    0.856593862740811195E-03    0.489337432309381438E+04    0.787447068240094250E+01    0.941481723635115486E+01    0.523863306672096130E+00   -0.249628284878115725E+00
    0.881102663579956102E-03    0.489325123592834279E+04    0.546021062987834682E+01    0.880764641634075751E+01    0.521694435595819073E+00   -0.262426952514377643E+00
    0.861710575269890441E-03    0.489322907865197340E+04    0.678766272212030408E+01    0.901470994118479396E+01    0.515660994666545136E+00   -0.264298996050377655E+00
    0.126655550241362041E-02    0.489239213831089364E+04    0.679056063134592947E+01    0.917136457165440433E+01    0.534172573969806663E+00   -0.236039529168401097E+00
    0.129833496427263066E-02    0.489227590837648222E+04    0.584677113131340942E+01    0.868092117466248148E+01    0.519832199069545808E+00   -0.263442793567192024E+00
    0.142056842554391270E-02    0.489202929282109471E+04    0.773595255641598989E+01    0.938329888251906041E+01    0.522917820079587869E+00   -0.255650024832439149E+00
    0.145043214728837397E-02    0.489192101724753047E+04    0.602236349788429859E+01    0.908797161621499860E+01    0.532312818383214648E+00   -0.237265243607523435E+00
    0.140947120068961426E-02    0.489191164447199844E+04    0.779104884698683264E+01    0.941075024513169822E+01    0.524133936488816232E+00   -0.252148209753476626E+00
    0.154579891519651073E-02    0.489166032525565060E+04    0.784661747771475238E+01    0.941063747162859165E+01    0.522495008193883947E+00   -0.250594524825067055E+00
    0.167841736044793059E-02    0.489142903773270064E+04    0.707073549070660512E+01    0.910250974628270093E+01    0.514001480377553222E+00   -0.267658006687846339E+00
    0.167959064547852492E-02    0.489136097346951101E+04    0.595969747104444103E+01    0.893022244321514336E+01    0.522351223492986350E+00   -0.256645824321211413E+00
    0.182371022101070744E-02    0.489112966098553989E+04    0.604013952392025288E+01    0.882450244432024888E+01    0.525092224793695550E+00   -0.252253512814668901E+00
    0.202689184182236037E-02    0.489085173332221439E+04    0.620273163205381906E+01    0.887393617310132399E+01    0.523926730996173262E+00   -0.253756816048372302E+00
    0.221724164144542716E-02    0.489060554583118210E+04    0.677225782130979415E+01    0.910382827390699312E+01    0.515713331450811552E+00   -0.265075307240269287E+00
    0.222937006426891142E-02    0.489052796887712975E+04    0.791589650496647579E+01    0.947733246708127730E+01    0.525411632477448265E+00   -0.246544792820167280E+00
    0.259031590723957268E-02    0.489016118065645333E+04    0.697734221245692066E+01    0.918802514108774915E+01    0.517905305221379564E+00   -0.259733679360112824E+00
    0.274262560430431649E-02    0.488998024224751225E+04    0.741920386983819746E+01    0.929595668554372168E+01    0.522114481206410019E+00   -0.251912460061952448E+00
    0.331512437342243753E-02    0.488953441672085773E+04    0.672543752277857010E+01    0.911393278617370406E+01    0.528184067401284096E+00   -0.244915233202992688E+00
    0.334077453678000708E-02    0.488945233498212656E+04    0.651419926726905718E+01    0.911576747191444348E+01    0.527086274892925033E+00   -0.244929357860255936E+00
    0.328947240483037787E-02    0.488941661929285965E+04    0.651671324424372145E+01    0.904234563484700971E+01    0.518497225591794120E+00   -0.261467149480848482E+00
    0.335040193524628344E-02    0.488931324636486079E+04    0.747982337405181497E+01    0.930460130762438986E+01    0.519660894835379139E+00   -0.256138115837408753E+00
    0.368521130617698988E-02    0.488905608460432813E+04    0.602528738962608479E+01    0.880733576923843309E+01    0.521395595609186913E+00   -0.260228415188731854E+00
    0.361442511079862515E-02    0.488902820804186922E+04    0.595647881929894485E+01    0.912783520847323437E+01    0.539379835764785653E+00   -0.226404995841894996E+00
    0.372398082719494318E-02    0.488890182058156643E+04    0.661142899690156405E+01    0.918550751493457618E+01    0.532335018982070807E+00   -0.235868082214882979E+00
    0.406112260551926615E-02    0.488866182145838320E+04    0.654714056277038203E+01    0.911931304530652653E+01    0.533229950048117018E+00   -0.237092839636852126E+00
    0.429534303721086554E-02    0.488848301082772196E+04    0.627260822504261295E+01    0.914120721302733763E+01    0.533157463809422083E+00   -0.235552403498549778E+00
    0.436847501369438344E-02    0.488838257904130933E+04    0.515738687255311223E+01    0.858975682206373925E+01    0.523889537441355913E+00   -0.261362236559421257E+00
    0.434011039227836116E-02    0.488832894076922003E+04    0.638963712763457092E+01    0.906298480553370744E+01    0.534939884549013200E+00   -0.237512934559134026E+00
    0.427585955917699715E-02    0.488829210337284439E+04    0.661414924072054511E+01    0.901525767190213045E+01    0.519734658495272228E+00   -0.260575845716314203E+00
    0.426823504223484713E-02    0.488822900619800657E+04    0.655674844977909643E+01    0.905011918770347457E+01    0.521414355143679842E+00   -0.256452016517385362E+00
    0.458038521386110609E-02    0.488802117413197630E+04    0.657155398028019366E+01    0.919273250005387155E+01    0.534436543835434819E+00   -0.233152443160117628E+00
    0.462682146906221153E-02    0.488793433342098433E+04    0.654650602524813241E+01    0.903546203013423010E+01    0.520708751167802575E+00   -0.258180111996547224E+00
    0.461843381426935758E-02    0.488787129571072273E+04    0.742779070567814781E+01    0.933346502524690180E+01    0.523618743437177514E+00   -0.250368214305646597E+00
    0.480240853816466060E-02    0.488772650519511626E+04    0.623489619679391893E+01    0.896784195949592977E+01    0.520529954140888762E+00   -0.260015942744414086E+00
    0.470463770412429122E-02    0.488770097613462622E+04    0.666703414978569953E+01    0.915471112790689290E+01    0.530554427591418687E+00   -0.240607912833896931E+00
    0.470027686767115777E-02    0.488763616417348931E+04    0.683274902903547421E+01    0.933514681956648040E+01    0.535510688248788114E+00   -0.229622274898601542E+00
    0.486290133513168476E-02    0.488750146985216179E+04    0.621354633158388570E+01    0.923690264570657682E+01    0.542963338335773926E+00   -0.219868125320392127E+00
    0.478741073825455447E-02    0.488746609425098450E+04    0.604446488038364738E+01    0.918989757076441727E+01    0.540070480562839350E+00   -0.225320564539989499E+00
    0.491188813210885478E-02    0.488734809017112639E+04    0.582385987519728143E+01    0.901483088896096518E+01    0.534363451617711149E+00   -0.236718676361333813E+00
    0.491611033804250763E-02    0.488727970506455313E+04    0.639938413494519054E+01    0.919491784323615491E+01    0.535134822777305175E+00   -0.232136037074246460E+00
    0.508875235545854301E-02    0.488714400830272734E+04    0.507935291276084477E+01    0.855510569473333149E+01    0.524198598880822431E+00   -0.262101144394269903E+00
    0.495750435756510312E-02    0.488712960208269033E+04    0.591220817686350841E+01    0.880693468631775644E+01    0.527367743717526594E+00   -0.252635443270655347E+00
    0.489279287671870889E-02    0.488708921377505249E+04    0.748578191809247251E+01    0.929901035142172816E+01    0.518546917856967937E+00   -0.261439925283473262E+00
    0.507860078765617722E-02    0.488694800209384721E+04    0.607790702564127283E+01    0.909071880733391247E+01    0.533458506074552474E+00   -0.236839343505307998E+00
    0.496934897350453843E-02    0.488692482932291750E+04    0.656117823762534513E+01    0.915616900879216189E+01    0.535670218353711647E+00   -0.235231700124831078E+00
    0.501383811168368623E-02    0.488684033691290279E+04    0.498636462467246133E+01    0.853917623141782478E+01    0.526044168138334101E+00   -0.259497965418608922E+00
    0.491100970609634289E-02    0.488681511454323936E+04    0.596669499080445576E+01    0.913416897769057279E+01    0.542216903474951550E+00   -0.222728593009739684E+00
    0.497959899178313566E-02    0.488672070827536936E+04    0.517429661769343952E+01    0.856801251078534420E+01    0.523826201336905939E+00   -0.262204464084397126E+00
    0.483397391905654276E-02    0.488671340256290750E+04    0.685577617195113653E+01    0.915439634422025428E+01    0.523968879945925892E+00   -0.252302249837258796E+00
    0.470158002376770256E-02    0.488670227641516522E+04    0.556763133419017731E+01    0.873908747910376604E+01    0.526904196580966655E+00   -0.253046301383354155E+00
    0.479240142844085913E-02    0.488659734374778691E+04    0.699429639608131382E+01    0.916483683157039053E+01    0.520770086122597675E+00   -0.258396303052103482E+00
    0.483671323791809871E-02    0.488651226952287016E+04    0.577453630921866434E+01    0.881288115748032297E+01    0.524775973664386441E+00   -0.255583189383413290E+00
    0.485114873066286745E-02    0.488643964261297333E+04    0.579541014836595991E+01    0.877032941447091829E+01    0.525400944972547634E+00   -0.255721857549098486E+00
    0.491088891161693079E-02    0.488634849707051580E+04    0.590814911076690841E+01    0.878703571010005646E+01    0.523540149112360353E+00   -0.259327203630935976E+00
    0.494565394095891533E-02    0.488626772193842589E+04    0.557461513986496549E+01    0.869872723007623705E+01    0.527867295853956975E+00   -0.253074978395653072E+00
    0.518569563429937749E-02    0.488610626567911368E+04    0.642347519192584038E+01    0.916153896193979378E+01    0.532348576883441282E+00   -0.237584465632203923E+00
    0.519851953645786291E-02    0.488603465924243392E+04    0.621881504737072266E+01    0.903487911718645265E+01    0.534020002126837312E+00   -0.237769908218704362E+00
    0.508119602050478587E-02    0.488601364699484202E+04    0.572134038142450052E+01    0.879600596759235387E+01    0.528149772131934370E+00   -0.250373295231458903E+00
    0.491746761684252152E-02    0.488601248629820657E+04    0.622782927350001181E+01    0.917607977188729329E+01    0.539490909893638459E+00   -0.226480278345283947E+00
    0.489280145248658944E-02    0.488595587693625203E+04    0.583400459247279457E+01    0.907734520947633960E+01    0.535558853875331309E+00   -0.235228698683444204E+00
    0.499166652762374121E-02    0.488584920068185784E+04    0.607064928637966883E+01    0.893951271593556385E+01    0.529973480342388115E+00   -0.245412286895242526E+00
    0.543492648575874884E-02    0.488561238168134332E+04    0.521428532357382934E+01    0.865283059257845188E+01    0.524975691165266767E+00   -0.260130499917609059E+00
    0.544184660211594062E-02    0.488554317009910847E+04    0.556293261211698820E+01    0.874913123584805419E+01    0.526980817928999201E+00   -0.253495438387369765E+00
    0.528006952530661773E-02    0.488553686180620844E+04    0.667169366657324847E+01    0.927314060947446528E+01    0.535945675662743426E+00   -0.231105331551803461E+00
    0.536293086702545937E-02    0.488543905241176890E+04    0.583387700771901851E+01    0.874908170424742515E+01    0.521644419547026672E+00   -0.264247423266938619E+00
    0.540244591759219978E-02    0.488535770340603631E+04    0.565678810774481455E+01    0.879433586961816260E+01    0.527545978152289763E+00   -0.251806206183567416E+00
    0.526677784088695582E-02    0.488534190281647261E+04    0.525830683126959020E+01    0.864727851549712589E+01    0.524655228885242408E+00   -0.260451002860945136E+00
    0.557607906477188432E-02    0.488516110196447607E+04    0.623247624907906861E+01    0.905482740587195423E+01    0.532268867985518312E+00   -0.240016668530539268E+00
    0.553930728705368750E-02    0.488510766809447523E+04    0.630085784670224225E+01    0.906416260796160778E+01    0.530258242190075890E+00   -0.243089704422628450E+00
    0.546166638592196149E-02    0.488506923245265534E+04    0.644690729523086592E+01    0.926923808402202809E+01    0.538493278294726707E+00   -0.227179474894157796E+00
    0.555571988312803140E-02    0.488496841765691352E+04    0.634156550219029835E+01    0.905370660912293168E+01    0.530793351033944205E+00   -0.243253098628380293E+00
    0.569334596740954987E-02    0.488485281076590218E+04    0.569148378016111778E+01    0.878736154881349663E+01    0.530130189902958904E+00   -0.248451701336315223E+00
    0.553915233443888922E-02    0.488484105737515893E+04    0.558558255137212178E+01    0.877810202317190402E+01    0.527785141638897670E+00   -0.252062779416563409E+00
    0.535891319981294904E-02    0.488484055128355794E+04    0.544224542033792869E+01    0.869342276747800469E+01    0.526010096862625787E+00   -0.256724561499491855E+00
    0.522048520265288880E-02    0.488482622630693186E+04    0.484822623703624078E+01    0.848038588744394417E+01    0.527363724514378518E+00   -0.259345139067327257E+00
    0.541323575876672541E-02    0.488468704629472541E+04    0.630670560572262229E+01    0.926118629216913725E+01    0.540146978627342733E+00   -0.225057352236810781E+00
    0.544749838570733787E-02    0.488460776068714767E+04    0.619188763038594470E+01    0.903047451502255250E+01    0.534622671239850078E+00   -0.238337664973368613E+00
    0.550822878766208529E-02    0.488451892076879631E+04    0.583145714639101787E+01    0.902949463350258874E+01    0.535121194487365059E+00   -0.236565072176267210E+00
    0.534333417287921695E-02    0.488451304066666762E+04    0.586245950670483218E+01    0.896436608670425983E+01    0.532059716397991878E+00   -0.242047646160196139E+00
    0.551733344125116421E-02    0.488438228432747837E+04    0.619649676272194760E+01    0.906613387727958475E+01    0.536764388320417396E+00   -0.234363969953102491E+00
    0.544786524058730060E-02    0.488434095933754907E+04    0.630005807461368050E+01    0.915406583367399129E+01    0.536848491256927574E+00   -0.231826391872920534E+00
    0.590124397060247212E-02    0.488411441399448995E+04    0.539034482295739004E+01    0.867697892702202900E+01    0.524956350391274640E+00   -0.259515834243691290E+00
    0.576164434962373080E-02    0.488409562784748414E+04    0.637166771873007409E+01    0.909174559206277699E+01    0.531972815720935799E+00   -0.241139999893070334E+00
    0.561596332446985622E-02    0.488408018073116364E+04    0.578640885342899924E+01    0.884936800784486444E+01    0.531745613255605321E+00   -0.245286441110135423E+00
    0.603559107273654756E-02    0.488386939275570512E+04    0.542074378712664373E+01    0.868071775933867329E+01    0.528756341376206862E+00   -0.253004963643982173E+00
    0.590857406735881795E-02    0.488384526461465248E+04    0.585149269392914917E+01    0.899274228590343760E+01    0.534272143418025536E+00   -0.238428149871648287E+00
    0.585032108922318907E-02    0.488379841390991351E+04    0.587087545551229351E+01    0.901043229372190346E+01    0.534214464639452657E+00   -0.238349990063941308E+00
    0.582248343762329940E-02    0.488374128658036534E+04    0.612702600752266591E+01    0.914442398942904511E+01    0.537363978804773268E+00   -0.231329969486441356E+00
    0.569900903573704667E-02    0.488371748905745426E+04    0.526075430912797071E+01    0.866402267263240944E+01    0.526058781330590364E+00   -0.258492994081609417E+00
    0.555683717435747314E-02    0.488370134881773902E+04    0.652633550594025635E+01    0.920419469895153597E+01    0.535622899894164561E+00   -0.234019005625127674E+00
    0.542538648802182513E-02    0.488368256205897342E+04    0.559316655413425501E+01    0.871973694166610080E+01    0.525674237601517547E+00   -0.257924866507030837E+00
    0.540947383679437743E-02    0.488362177000893917E+04    0.583039378128211805E+01    0.885901282901267351E+01    0.531263648232565444E+00   -0.246508945281918579E+00
    0.529935820445639420E-02    0.488359623556402767E+04    0.594165256624054017E+01    0.906674689130102252E+01    0.537104504388057791E+00   -0.232969562792794238E+00
    0.512827178348104935E-02    0.488359520290058936E+04    0.634371003209501438E+01    0.912649093629874031E+01    0.535882625534391366E+00   -0.235062504119637583E+00
    0.518263886757798671E-02    0.488350744494924948E+04    0.540085746441708725E+01    0.867537493500688228E+01    0.529146942246219609E+00   -0.252751200719398272E+00
    0.513978457425496357E-02    0.488345738466955117E+04    0.628843891575397240E+01    0.915427829814287719E+01    0.535074331672769077E+00   -0.234875464778768084E+00
    0.498704002201054170E-02    0.488345105523321581E+04    0.629649458855412902E+01    0.912848086195861264E+01    0.534619183432420542E+00   -0.236142783771936315E+00
    0.488025032571297486E-02    0.488342768064054417E+04    0.632100845736015771E+01    0.907478346155329696E+01    0.532703884371004577E+00   -0.241098269783668218E+00
    0.491455312216057452E-02    0.488334700534700823E+04    0.589480117325031650E+01    0.907962817722228621E+01    0.537338818520758821E+00   -0.232782432372264370E+00
    0.503161345695614728E-02    0.488323325893788024E+04    0.528306350664282043E+01    0.870144707090629055E+01    0.529689054646116375E+00   -0.251523975364594587E+00
    0.526706551948508562E-02    0.488307512691005832E+04    0.493394375611843827E+01    0.854581261605308384E+01    0.528026764750077149E+00   -0.258047048576591220E+00
    0.522190631350912156E-02    0.488302568194470950E+04    0.503954361685292795E+01    0.857383083513536448E+01    0.527417199285924454E+00   -0.258275281529443235E+00
    0.549230044598969513E-02    0.488285804595176432E+04    0.536043479837675996E+01    0.866692721661524779E+01    0.528457861656352890E+00   -0.254375745991552216E+00
    0.543956615808626875E-02    0.488281067505547617E+04    0.635394093034358853E+01    0.911127007354453866E+01    0.533858738397842814E+00   -0.238899770878005846E+00
    0.545838824343984879E-02    0.488273709989814233E+04    0.491922160543661757E+01    0.853041900424788047E+01    0.529129924304880817E+00   -0.256304197371593157E+00
    0.529099581315609861E-02    0.488273272739159984E+04    0.597265331559643009E+01    0.896287152265084686E+01    0.532223861482654215E+00   -0.243002601820479947E+00
    0.532124820607711869E-02    0.488265465786807636E+04    0.472464207021649329E+01    0.849621315072797501E+01    0.530199930687560439E+00   -0.256218090252205100E+00
    0.551524846950620512E-02    0.488251637359329834E+04    0.531853622853613395E+01    0.864033450505332468E+01    0.530831707291220312E+00   -0.252186424224567718E+00
    0.546870721163850246E-02    0.488246665584294351E+04    0.495137313867686579E+01    0.857448258827785992E+01    0.528327096661445950E+00   -0.257588892814110793E+00
    0.536434029006855901E-02    0.488243852686411356E+04    0.601606313556619199E+01    0.903284693151462825E+01    0.534341609185300825E+00   -0.238426159211418742E+00
    0.519131721477590017E-02    0.488243743207631269E+04    0.526194680985449281E+01    0.862854867770341549E+01    0.531074374855043274E+00   -0.251526497967888618E+00
    0.504867832868632817E-02    0.488242648735293187E+04    0.537047619451118230E+01    0.867335035513854002E+01    0.531651989056424412E+00   -0.250129827733129195E+00
    0.488882855024225758E-02    0.488242416824112843E+04    0.602554658289201406E+01    0.904588378957108930E+01    0.533343768309480382E+00   -0.239801434253124501E+00
    0.533139678818882277E-02    0.488218418047264277E+04    0.504659194917663356E+01    0.856197913843215730E+01    0.528048977277524756E+00   -0.257667629545919596E+00
    0.523608024383877269E-02    0.488215359399013778E+04    0.497761808912590364E+01    0.852927319066580836E+01    0.530318091727464136E+00   -0.254406004414609477E+00
    0.520004408480931584E-02    0.488210073946334978E+04    0.604032183960828739E+01    0.902908155491256537E+01    0.534309771093667507E+00   -0.238874348912619716E+00
    0.511868419330375850E-02    0.488206561217842682E+04    0.638923837423742391E+01    0.915783586858425025E+01    0.534481780638405013E+00   -0.237056958693931619E+00
    0.526129338539876260E-02    0.488194398656224803E+04    0.636758569688528020E+01    0.913310103834007059E+01    0.534060217546539207E+00   -0.238502400224652855E+00
    0.615665752606653696E-02    0.488156300562839806E+04    0.553307070485677599E+01    0.875835381435624072E+01    0.529267098324723406E+00   -0.252141053345075861E+00
    0.602968272727942740E-02    0.488153801821618799E+04    0.517031843045469230E+01    0.860814275880136037E+01    0.530910692670673257E+00   -0.252394498305026915E+00
    0.590072967143233807E-02    0.488151458830403681E+04    0.594057434456116162E+01    0.897277058431298080E+01    0.532967381919888794E+00   -0.242298943180888071E+00
    0.633077779283908529E-02    0.488130722746480023E+04    0.517596339362348257E+01    0.863954858121125291E+01    0.529404160588754280E+00   -0.254270846833323794E+00
    0.630842007416456633E-02    0.488124763648196404E+04    0.538004996205985364E+01    0.870356179419005471E+01    0.530566093958029228E+00   -0.251228614878125645E+00
    0.612065635277000020E-02    0.488124140166089819E+04    0.507145701242771008E+01    0.858065457596946679E+01    0.532399313977611754E+00   -0.250641950182965534E+00
    0.604812277078902068E-02    0.488119857779399990E+04    0.596983907756967369E+01    0.898755598869143846E+01    0.533761772808354351E+00   -0.241142916500922788E+00
    0.588244493451664865E-02    0.488118746204212675E+04    0.531882513638466392E+01    0.869667939933400724E+01    0.532006005641447288E+00   -0.248895485547794615E+00
    0.593707394088298975E-02    0.488110230751789277E+04    0.482035388860974390E+01    0.852656036904132364E+01    0.532310025346587778E+00   -0.252033312621063987E+00
    0.575783910661790358E-02    0.488109694917171146E+04    0.477032333394576380E+01    0.850111050193353712E+01    0.531900944387599495E+00   -0.253325651180914213E+00
    0.570947131828358854E-02    0.488104715414220300E+04    0.593545421412144947E+01    0.895658005190019502E+01    0.534147205944005776E+00   -0.241863685679777674E+00
    0.552404476233779845E-02    0.488104651965929224E+04    0.526688601286351954E+01    0.869245043133744666E+01    0.531704854529772675E+00   -0.249433758222494362E+00
    0.564548176520031884E-02    0.488093636259482355E+04    0.500717650656783242E+01    0.860941080257042124E+01    0.530709181526917817E+00   -0.253232230782814649E+00
    0.556587724198923800E-02    0.488089809778771814E+04    0.568192754450289694E+01    0.883788505511337874E+01    0.532850227480816230E+00   -0.245927958078911435E+00
    0.579550728196776780E-02    0.488075057431515052E+04    0.552391554961098041E+01    0.879095316811040384E+01    0.534085433104692697E+00   -0.244533491826344651E+00
    0.601841128126889228E-02    0.488060842703469734E+04    0.507398480857469547E+01    0.858696622407019206E+01    0.532589854893499748E+00   -0.250660029148641827E+00
    0.585858089517664413E-02    0.488059559219107541E+04    0.488644328656052362E+01    0.851731166163115816E+01    0.530958010992589990E+00   -0.254630878262978810E+00
    0.578356460963460640E-02    0.488055469992268718E+04    0.574116113657556859E+01    0.887809735603861228E+01    0.534528682307733760E+00   -0.243091445421975028E+00
    0.573786910442758771E-02    0.488050389785966036E+04    0.545323063388030427E+01    0.874941178850313150E+01    0.531130964744260581E+00   -0.249867962328250592E+00
    0.572747221025090517E-02    0.488044085843678567E+04    0.480761662923990141E+01    0.850747241145230682E+01    0.533466112673767867E+00   -0.250710538117409176E+00
    0.567292122620360103E-02    0.488039333195179643E+04    0.546978684772767210E+01    0.875937414031442074E+01    0.533765865350645186E+00   -0.246167816710611054E+00
    0.550955727013096187E-02    0.488038510513077199E+04    0.518042512515419418E+01    0.866704863264325454E+01    0.532494378918517697E+00   -0.249040392701512903E+00
    0.534737124910020407E-02    0.488037819683379166E+04    0.512650419147461900E+01    0.862595514795742879E+01    0.533521075310055437E+00   -0.248391684464927431E+00
    0.517659850171119790E-02    0.488037644397546592E+04    0.517427233068697756E+01    0.866710611098758221E+01    0.533181875790782911E+00   -0.247909535701812067E+00
    0.559825648666955646E-02    0.488015316325495223E+04    0.511719735242413432E+01    0.866743539784190098E+01    0.531460125119362914E+00   -0.251182366814001079E+00
    0.544030258113778475E-02    0.488014373764177435E+04    0.502961918796800056E+01    0.865935106897894613E+01    0.532157426103871956E+00   -0.250572125332958029E+00
    0.536245718415744206E-02    0.488010589573698326E+04    0.507828720252558963E+01    0.864897581211260835E+01    0.532336156476949540E+00   -0.249990644253730410E+00
    0.539197067576140544E-02    0.488002825179990123E+04    0.530108308983164811E+01    0.869305948406305617E+01    0.532693837652827185E+00   -0.248814287771569553E+00
    0.539799891639762119E-02    0.487995935037577328E+04    0.545181659313696976E+01    0.873588719366932231E+01    0.531893060245318239E+00   -0.250014944168338693E+00
    0.541139307030308932E-02    0.487988772721912937E+04    0.484700093303796820E+01    0.857735703443096398E+01    0.533535837033202398E+00   -0.249927194955346543E+00
    0.528636264514548582E-02    0.487986781283282471E+04    0.525833672255723616E+01    0.867919074241603106E+01    0.533952563933073776E+00   -0.247378855366985562E+00
    0.522542793557157631E-02    0.487982433361139738E+04    0.551057146783948681E+01    0.877843869380117603E+01    0.531296851714229135E+00   -0.249563832914107442E+00
    0.509885660602649518E-02    0.487980670769741846E+04    0.535984715891467811E+01    0.872992514004642572E+01    0.533690910313476152E+00   -0.246646135535809052E+00
    0.501563931393016974E-02    0.487977295188288008E+04    0.511745283681904617E+01    0.866804770708046668E+01    0.532091155939715676E+00   -0.250246502814469807E+00
    0.486694070722273886E-02    0.487976647590715311E+04    0.560008774858505909E+01    0.883395435569906518E+01    0.533579630691576767E+00   -0.244997978516312775E+00
    0.492373146104637359E-02    0.487967660699664339E+04    0.520469149415939381E+01    0.864415583428816348E+01    0.532508981612881627E+00   -0.250528626826575951E+00
    0.482042889753944107E-02    0.487965234785615667E+04    0.523668227847928325E+01    0.865114376544914343E+01    0.530922436538929787E+00   -0.252867101409001593E+00
    0.482587706376421885E-02    0.487958342201719097E+04    0.500189753272955251E+01    0.859034180390858637E+01    0.533232059608405251E+00   -0.249917462657121781E+00
    0.502411003106585739E-02    0.487943624367678694E+04    0.524203390608445030E+01    0.870308833562787321E+01    0.530574997459403619E+00   -0.252281922202644893E+00
    0.500885190278632913E-02    0.487937566021471866E+04    0.504374539619933060E+01    0.859540924472821999E+01    0.531335523589159919E+00   -0.253153255120211251E+00
    0.486213617295776657E-02    0.487936845123727562E+04    0.548975745011983207E+01    0.879997128469272916E+01    0.533782587107234363E+00   -0.245312655579489114E+00
    0.470552917727770810E-02    0.487936726386086957E+04    0.556024472603205222E+01    0.883950133038223029E+01    0.534553937938524015E+00   -0.243354841382728893E+00
    0.455184009026971675E-02    0.487936701053684283E+04    0.528452391571615721E+01    0.869954895520992011E+01    0.530638985459511048E+00   -0.252232939505830034E+00
    0.466713846372660262E-02    0.487925031473306808E+04    0.557755660630527839E+01    0.881651459975779517E+01    0.533529356174399894E+00   -0.246133802257753054E+00
    0.457698605389337838E-02    0.487922265890747622E+04    0.473167137534725857E+01    0.855621704301796271E+01    0.533981288960776013E+00   -0.250567234974237829E+00
    0.455740550030982617E-02    0.487916456668540468E+04    0.474328333739114605E+01    0.857247714967965102E+01    0.533919033064609749E+00   -0.250602814734233625E+00
    0.441439345746970618E-02    0.487916166611869812E+04    0.502550916093543520E+01    0.860212387446022397E+01    0.531321354810360802E+00   -0.253181052128037098E+00
    0.432940725834395426E-02    0.487913387905520176E+04    0.499069262662951374E+01    0.860313705965430486E+01    0.532450711768239771E+00   -0.251276508526197984E+00
    0.419866986509583821E-02    0.487912853811746209E+04    0.517241719938104527E+01    0.864354663884108199E+01    0.533884446040000071E+00   -0.248777219105488334E+00
    0.410745051431817259E-02    0.487910580195704824E+04    0.536109246016269836E+01    0.875851158082814862E+01    0.531041501758460655E+00   -0.250594446834198736E+00
    0.405342481426197460E-02    0.487906561602296824E+04    0.480831177704693946E+01    0.856370887881129761E+01    0.534252308119091524E+00   -0.249428862554597952E+00
    0.393173603789616355E-02    0.487905991153361720E+04    0.525232220977270980E+01    0.871929529927705715E+01    0.532505689013833106E+00   -0.248873348379288095E+00
    0.384773609722941119E-02    0.487903643710618053E+04    0.523683287608687387E+01    0.867985380211402102E+01    0.532255896534243433E+00   -0.250234661146823689E+00
    0.381949979304595753E-02    0.487898450139718352E+04    0.479224887368580532E+01    0.854539177083300672E+01    0.533341658732254587E+00   -0.251375993154321131E+00
    0.381834299408356911E-02    0.487891844055548790E+04    0.503651889274969733E+01    0.865003533060865593E+01    0.533309500943593306E+00   -0.249123941540276839E+00
    0.374754252939681846E-02    0.487888920640414472E+04    0.484072437645560605E+01    0.858570029985866157E+01    0.534425319453992742E+00   -0.248833991810431976E+00
    0.370507333973737769E-02    0.487884533423010907E+04    0.497603980271181889E+01    0.859072955435279084E+01    0.534037878620202022E+00   -0.249066908001365439E+00
    0.368913411919213246E-02    0.487878729012120675E+04    0.538544489521823433E+01    0.874116846482375642E+01    0.531521199281177914E+00   -0.250457762981712517E+00
    0.360730526675540585E-02    0.487876548494328290E+04    0.493737120647495420E+01    0.857939833940490182E+01    0.532306775986274516E+00   -0.252270592234655977E+00
    0.360989426464509294E-02    0.487869738337212766E+04    0.530802431545694198E+01    0.875421533986572875E+01    0.534861673822755179E+00   -0.244579291784931208E+00
    0.352150039740772077E-02    0.487868029937403753E+04    0.515688617289102957E+01    0.865326045925960230E+01    0.533443122461282115E+00   -0.249095004142233956E+00
    0.340977606483139828E-02    0.487867811376547797E+04    0.516120526938062696E+01    0.866609028584922747E+01    0.530867318206444949E+00   -0.252981177823778491E+00
    0.345819529310573701E-02    0.487858324661400366E+04    0.510138289289926306E+01    0.867492091027407142E+01    0.534518173758883108E+00   -0.246702601894552176E+00
    0.334713226424648933E-02    0.487858186579274479E+04    0.530575806965417751E+01    0.874459111526379473E+01    0.534643139034031378E+00   -0.245252268283553621E+00
    0.328970376330364874E-02    0.487854981196513290E+04    0.518898414061131685E+01    0.868122228560081766E+01    0.534594625381988209E+00   -0.246710571176845472E+00
    0.320514500560078628E-02    0.487853522567100208E+04    0.513256605733443116E+01    0.866130325538304291E+01    0.531682296220720829E+00   -0.251770145807007406E+00
    0.320746183005477621E-02    0.487846711383570801E+04    0.475188409419678504E+01    0.852674442331474047E+01    0.534174781922679642E+00   -0.250587322296356274E+00
    0.313301468084686667E-02    0.487844741560781313E+04    0.524197314363101885E+01    0.870112972903841175E+01    0.531523936520185813E+00   -0.251295549124664119E+00
    0.305003284709879198E-02    0.487843443561661115E+04    0.507662802369442190E+01    0.862973794549992057E+01    0.534380727399613065E+00   -0.248138264512948181E+00
    0.299063413282433122E-02    0.487840710277120343E+04    0.532838587524282836E+01    0.872562457926439272E+01    0.533450539879844143E+00   -0.248027477695706544E+00
    0.289415391649586054E-02    0.487840602138050963E+04    0.502341383642414385E+01    0.865643322371189861E+01    0.534108914800254908E+00   -0.247996324598373508E+00
    0.280651035038949814E-02    0.487840085665001607E+04    0.511909932558627911E+01    0.865455732873358130E+01    0.534969782459667087E+00   -0.246710745324128400E+00
    0.273516272373957366E-02    0.487838569180834656E+04    0.491922659519369709E+01    0.863154021083562206E+01    0.534211802272757552E+00   -0.248655686504490436E+00
    0.266331598025224252E-02    0.487837226309240395E+04    0.503907734090927040E+01    0.861314876666632934E+01    0.532591149044197465E+00   -0.251328167691157733E+00
    0.261044049428387501E-02    0.487834570237911430E+04    0.524167733175952222E+01    0.873879439071572683E+01    0.534549511959873769E+00   -0.245558788788747706E+00
    0.254838990294779843E-02    0.487832715017187184E+04    0.509447043899948149E+01    0.868829041294207904E+01    0.534196586085739611E+00   -0.247235641421051033E+00
    0.249129110189854263E-02    0.487830580482165533E+04    0.500093950086668748E+01    0.864054769264399170E+01    0.534013662994993865E+00   -0.248496845944015776E+00
    0.242727610551736429E-02    0.487829120096802853E+04    0.501434136511744555E+01    0.861500446807448128E+01    0.534555184060909738E+00   -0.248098990365651750E+00
    0.238360799105446402E-02    0.487826084306534813E+04    0.484848974649507092E+01    0.855981573568228882E+01    0.533175317289774853E+00   -0.251632583077178507E+00
    0.231133080924396080E-02    0.487825576007039126E+04    0.495885169721819175E+01    0.857842148143408956E+01    0.533548519221342943E+00   -0.250572888355084844E+00
    0.228364172422918475E-02    0.487821319750443035E+04    0.488145892171067697E+01    0.861679150208282962E+01    0.535143724538336585E+00   -0.247411780479036558E+00
    0.222161743128003160E-02    0.487820160266364292E+04    0.487907021726186851E+01    0.858307185420665597E+01    0.534858625219726491E+00   -0.248294039345519191E+00
    0.214951468395262581E-02    0.487820092282695168E+04    0.490528487436435245E+01    0.863293517399864818E+01    0.535505207300827735E+00   -0.246501336661737569E+00
    0.211848236214374087E-02    0.487816334040598394E+04    0.518698124281239714E+01    0.867124713746270004E+01    0.533397568673237288E+00   -0.249150614843649976E+00
    0.206037377832394902E-02    0.487815229884588734E+04    0.492229252281599994E+01    0.861285073812576485E+01    0.533992009728802230E+00   -0.249291652984483303E+00
    0.200805783143919543E-02    0.487813707099961721E+04    0.491671737671333542E+01    0.856455067429220485E+01    0.532349213866471160E+00   -0.252915790462202250E+00
    0.196580857675370804E-02    0.487811293303656566E+04    0.497371109767586450E+01    0.859875893881568665E+01    0.532529157620896143E+00   -0.251903303351820984E+00
    0.193901022258502953E-02    0.487807371837347273E+04    0.513633504178180011E+01    0.870681003606322612E+01    0.535015346914510914E+00   -0.245606965564760693E+00
    0.189462987258975164E-02    0.487805336000035641E+04    0.505037133401604876E+01    0.864853213107148733E+01    0.535073164866000539E+00   -0.246663297257842085E+00
    0.204822341699786772E-02    0.487789709106371083E+04    0.498703868979127574E+01    0.859573492705251141E+01    0.532679108346554742E+00   -0.251860724652120505E+00
    0.223148279781263271E-02    0.487772570405431270E+04    0.491249637334200973E+01    0.858759480604506642E+01    0.532974319629895277E+00   -0.251698333989048950E+00
    0.198594870714805015E-02    0.487795884317068158E+04    0.497957700829601180E+01    0.861808944561360590E+01    0.534085307107655893E+00   -0.248978055871057258E+00
    0.219707082274104518E-02    0.487775678658883498E+04    0.491119969513087540E+01    0.860249466726584266E+01    0.534309452417696562E+00   -0.249130669747245959E+00
    0.201787376111311470E-02    0.487792694791974918E+04    0.515426520112154662E+01    0.868181411866236807E+01    0.532898800570585252E+00   -0.249688406420097375E+00
    0.208592740910472970E-02    0.487786060953305514E+04    0.486253598884252280E+01    0.859136744717234713E+01    0.535127031923366303E+00   -0.247978461077607126E+00
    0.205930244851232000E-02    0.487788630203036610E+04    0.509651312418913349E+01    0.866362581750373195E+01    0.532766221285497110E+00   -0.250323589283175107E+00
    0.195486960586937781E-02    0.487799038965993168E+04    0.504837750860543544E+01    0.865644673756395022E+01    0.534128876353200610E+00   -0.248121346318470604E+00
    0.219022325566505622E-02    0.487776302968311029E+04    0.495493443056320970E+01    0.863177969756641161E+01    0.534489022622928189E+00   -0.248275192842798975E+00
    0.300097334361233790E-02    0.487713316327899338E+04    0.508462046268367107E+01    0.867059689509348885E+01    0.534126758392725165E+00   -0.248377368871551263E+00
    0.210691255961288062E-02    0.487784058937879854E+04    0.523246569068895084E+01    0.870793024356711953E+01    0.532885097638544636E+00   -0.249282952841865524E+00
    0.195961351619868907E-02    0.487798554211045575E+04    0.496507129377492262E+01    0.860828119715181828E+01    0.534494852430720258E+00   -0.248474998869507413E+00
    0.236219120134082425E-02    0.487761185731999649E+04    0.499683246085679578E+01    0.864063993869247859E+01    0.533860067452041065E+00   -0.249192678754722952E+00
    0.253400761139527036E-02    0.487747143247562326E+04    0.505921135375067266E+01    0.864906466373694904E+01    0.533862820064328503E+00   -0.249032071356199980E+00
    0.195217127176815133E-02    0.487799315219517484E+04    0.500927164342429521E+01    0.864990017128411104E+01    0.534635105109801501E+00   -0.247451097467257908E+00
    0.217435556815595262E-02    0.487777757198655763E+04    0.500596727680875464E+01    0.864776088517436214E+01    0.535412108656991848E+00   -0.246301058495705938E+00
    0.252840629335501083E-02    0.487747585828546926E+04    0.531937833024718465E+01    0.877111296674403640E+01    0.534896924814100672E+00   -0.244971166434753251E+00
    0.260362027700951305E-02    0.487741723086532329E+04    0.511575394942551753E+01    0.869207213762169673E+01    0.535345753628575949E+00   -0.245749490539684312E+00
    0.219513297403866941E-02    0.487775855139658779E+04    0.517151793096890522E+01    0.869943767005623769E+01    0.534597980879254919E+00   -0.246639615790415490E+00
    0.241160837109712393E-02    0.487757044884921379E+04    0.516071414762074809E+01    0.872267140547571884E+01    0.534325935941730279E+00   -0.246803365764607152E+00
    0.189794329930335339E-02    0.487804949499518079E+04    0.499410001641866064E+01    0.862468991296805498E+01    0.534898184778834107E+00   -0.247428124878952271E+00
    0.227855606289130083E-02    0.487768395277363925E+04    0.509353476191968024E+01    0.871157037299087023E+01    0.535014746247890471E+00   -0.245934719450665140E+00
    0.207215076128590935E-02    0.487787386248085022E+04    0.501985257357355685E+01    0.868163815035240738E+01    0.535379419072778973E+00   -0.245834386172965935E+00
    0.277373468454329350E-02    0.487729064729947004E+04    0.506817834580054694E+01    0.868165830420719864E+01    0.534396398556090446E+00   -0.247670928044785743E+00
    0.236657259607994230E-02    0.487760815115391961E+04    0.511877764262056267E+01    0.872158604182956410E+01    0.535526942951221940E+00   -0.244868172334257617E+00
    0.274502981497579774E-02    0.487731145277390715E+04    0.498864186370511931E+01    0.864982115703870136E+01    0.535157868338869136E+00   -0.247023389384113945E+00
    0.199567701911190212E-02    0.487794906994537996E+04    0.505176517442013662E+01    0.868238909229055444E+01    0.535067236737177154E+00   -0.246174817503613586E+00
    0.211245959616340653E-02    0.487783533073884792E+04    0.500852587935988680E+01    0.863944673911369776E+01    0.535007431403959899E+00   -0.247086875698679598E+00
    0.275102692790325353E-02    0.487730708810622764E+04    0.501326030164651026E+01    0.867456454742377581E+01    0.534953040832689908E+00   -0.246998338202380152E+00
    0.268915462698633657E-02    0.487735258288850491E+04    0.513659130601010094E+01    0.869494721035949780E+01    0.535378885037527397E+00   -0.245704647948410071E+00
