    0.274053012318782078E-98   -0.858979688809526851E+04    0.174035049183224864E+02    0.645248227495511095E+01    0.304094790884869859E+01    0.151951182988410149E-01
    0.282362921574250417E-94   -0.860834397877822084E+04    0.130167236106770510E+02    0.104944231454115577E+01    0.273565609664077414E+01    0.148121034999877388E-01
    0.194726664272567742E-91   -0.862148296331104575E+04    0.135546704495135195E+02    0.212047656540098650E+01    0.394982562607055243E+01    0.145295101883415878E-01
    0.213619207962257482E-87   -0.864015550707047623E+04    0.105598391028065812E+02    0.110089742657539813E+01    0.696121030001788199E+01    0.140885187579460336E-01
    0.121299425996430486E-85   -0.864830064822088025E+04    0.161051040657647597E+02    0.289575384486114806E+00    0.917799028682818374E+00   -0.101893059385205209E-01
    0.219453449374180677E-83   -0.865876341136040173E+04    0.962314037450297732E+01    0.251533290047525959E+01    0.146338361096156611E+01    0.915320786412654464E-02
    0.334724016705650237E-79   -0.867809509122558302E+04    0.949140486170261255E+01    0.402606516565379646E+01    0.775651741397769356E+01    0.131737785957615205E-01
    0.487128025570875422E-73   -0.870654322023448913E+04    0.137179829319741771E+02    0.602346021837005363E+00    0.861588965679040797E+01    0.124738389736320787E-01
    0.107467803736131041E-71   -0.871279755592885886E+04    0.172507916013508051E+02    0.745752765297707043E+01    0.154408872347824655E+01    0.136637843395503999E-02
    0.386927800906603618E-68   -0.872924182677765202E+04    0.130141945926112452E+02    0.576561963683413170E+00    0.705923202795047189E+01    0.119052781759043658E-01
    0.961313340045406302E-62   -0.875875963915505417E+04    0.531115541713863060E+01    0.673511329560859018E+01    0.526276768878715551E+01    0.111499155549719120E-01
    0.153920902604177308E-57   -0.877818843362955886E+04    0.140493751060546863E+02    0.641214593833775659E+00    0.433811824762707410E+01    0.106421832083674062E-01
    0.589165733496327903E-54   -0.879475514820260287E+04    0.135811354317549231E+02    0.201162666783060251E+01    0.910577158446898238E+01    0.102013367455653370E-01
    0.878637939374941709E-53   -0.880022631582928625E+04    0.924921421953295031E+01    0.415462436820038494E+01    0.741394036996804928E+01    0.100539145487914539E-01
    0.107863188267605576E-48   -0.881912381489899781E+04    0.894593166423863906E+01    0.553783295775822748E+00    0.203096774054126072E+01    0.941283447916907434E-02
    0.342076754947877633E-48   -0.882149882455120132E+04    0.167889159125693546E+02    0.404352738602235418E+00    0.391076654558788306E+01    0.947119551856001607E-02
    0.109843079392878697E-47   -0.882389869671339875E+04    0.883091679741343327E+01    0.636722247715598932E+01    0.543030412598712431E+01    0.940469557242273879E-02
    0.228785438111445221E-47   -0.882543282701313910E+04    0.116884129565228534E+02    0.393430741263792561E+01    0.383350356199527198E+01    0.935694246099183502E-02
    0.489890242972383751E-44   -0.884083779775620496E+04    0.675340488936145888E+01    0.397125305498911052E+01    0.896759543150006166E+01    0.892792464123304264E-02
    0.288142190387937397E-41   -0.885365852038652156E+04    0.890985432236836061E+01    0.526018223706990007E+01    0.466607395427693916E+01    0.855809861707990116E-02
    0.506343845377331412E-39   -0.886406305122496997E+04    0.408278875566570587E+01    0.970080979919315745E+01    0.929473208199802414E+01    0.825391982320011763E-02
    0.435624190064289008E-35   -0.888224952653046421E+04    0.101337295200838078E+02    0.287166272730970817E+01    0.829487299520562971E+01    0.770697595624136866E-02
    0.109926254718075764E-34   -0.888416742299721591E+04    0.134381729205887002E+02    0.223857888706511332E+01    0.281289594200407578E+01    0.760302635860976572E-02
    0.198576562752651957E-33   -0.889002198985589530E+04    0.150962693856310963E+02    0.175123701341625937E+01    0.615595986594992794E+01   -0.644504582326999031E-02
    0.145559489277140126E-32   -0.889407264697202663E+04    0.129054859959238257E+02    0.225628840408387710E+01    0.411561545822358354E+01    0.733962087399109286E-02
    0.896522615739001249E-31   -0.890238036113541602E+04    0.116941951701131543E+02    0.871057919849996809E+00    0.260671170612659964E+01    0.704684410880784817E-02
    0.371951960580753434E-28   -0.891450302073660896E+04    0.555074944090976352E+01    0.730582976139773965E+01    0.777688761388807137E+01    0.668432936849794324E-02
    0.404542127407516352E-24   -0.893315835048769077E+04    0.127264850596077910E+02    0.322727276250006767E+01    0.367380425930674193E+01   -0.568190674583823885E-02
    0.117107533293754174E-22   -0.893995603097180174E+04    0.974192102643277202E+01    0.265542249969749955E+01    0.181263547565509953E+01    0.409100058958600243E-02
    0.619828086048732254E-21   -0.894796056694115032E+04    0.161852167667014584E+02    0.214398630345062546E+01    0.192873505091062825E+01    0.478187275084973606E-02
    0.149020125806517311E-20   -0.894978168221446140E+04    0.111528290796708021E+02    0.131467938345213486E+01    0.327710160081086599E+01   -0.533471629042681084E-02
    0.349758592278937316E-20   -0.895155467250274523E+04    0.978245810069315525E+01    0.854983432204987737E+00    0.508615617649870799E+01   -0.529128616974594568E-02
    0.410701707431985068E-19   -0.895654775735172916E+04    0.876302301285825713E+01    0.119209788392009752E+01    0.330403441273318776E+01   -0.518193469912464622E-02
    0.591030710938509036E-19   -0.895734242562258441E+04    0.127803942179933330E+02    0.469006570969596526E+00    0.720849599227512172E+01   -0.515971488009392409E-02
    0.247664117802558597E-16   -0.896948501381535061E+04    0.105639185041598171E+02    0.174876758645675112E+01    0.183013473068165844E+01   -0.475269807602551886E-02
    0.300307747431736123E-16   -0.896993714910030394E+04    0.185949825241194553E+02    0.794927495784056415E+01    0.377182308122654320E+01   -0.486161966085585373E-02
    0.117247893754847641E-15   -0.897272795129260703E+04    0.759246519996927383E+01    0.741420224312651666E+01    0.678710183710653325E+01    0.456761034404773447E-02
    0.202297736136326146E-15   -0.897388551817933512E+04    0.142671885078310900E+02    0.599083901363368021E+01    0.588709522425516596E+01    0.452000477572633841E-02
    0.461514295960147748E-15   -0.897560172980028256E+04    0.103324202698132304E+02    0.173515446934634054E+01    0.146875438620499388E+01   -0.175632602890107847E-04
    0.497191550171737599E-15   -0.897581732113502949E+04    0.966592033547259888E+01    0.733244793888144386E+01    0.338834619112759228E+01    0.440478904038688057E-02
    0.196950180914339076E-14   -0.897863710887434718E+04    0.127929307766675606E+02    0.662044626173545758E+00    0.576763346234260510E+01   -0.462256872725319568E-02
    0.946401056951352315E-13   -0.898644837696996183E+04    0.781618902199101040E+01    0.495967255877567403E+01    0.719199043594106158E+01    0.398184338832652251E-02
    0.946467859267909601E-13   -0.898651518480290906E+04    0.869410205878625852E+01    0.248718668103940788E+01    0.489185887354369342E+01    0.397877620450137748E-02
    0.979380610232761114E-10   -0.900046572868525618E+04    0.101541269319249459E+02    0.263150171490544693E+01    0.996408662386203048E+01    0.332199073692840408E-02
    0.163932026568276198E-09   -0.900156262859448543E+04    0.120363302814990263E+02    0.433592244617485356E+01    0.415346837026691773E+01    0.326589348137718005E-02
    0.338072367707201663E-09   -0.900307691147804508E+04    0.150494083377628129E+02    0.564302133581676024E+01    0.297576560441540572E+01    0.310689530011432069E-02
    0.695948677967778818E-09   -0.900458761002642132E+04    0.968281710948622099E+01    0.279453145670052860E+01    0.201634673381562735E+01    0.194338641564906212E-02
    0.451768320953152387E-08   -0.900839523400927646E+04    0.107002225250569580E+02    0.618741247095637448E+01    0.505757025650900083E+01   -0.365138579755563963E-02
    0.500835614981289120E-08   -0.900866811757448340E+04    0.146583565160247566E+02    0.786486943456329524E+01    0.560009340261008681E+01    0.289468934481562634E-02
    0.930118252484345382E-07   -0.901457802202281709E+04    0.139147515961213273E+02    0.397565644938475127E+00    0.875479426701151198E+01   -0.339226968214945135E-02
    0.940647269617119713E-07   -0.901466720167293170E+04    0.727670146380561889E+01    0.755286173825802987E+01    0.926287756766197035E+01    0.255473227972857764E-02
    0.101231753468565742E-06   -0.901488072703377293E+04    0.147515658626783956E+02    0.107431533063911711E+01    0.168311684541277629E+01    0.153719711694666472E-02
    0.177986314062814683E-06   -0.901607598206635521E+04    0.169310998034865676E+02    0.528409581332585354E+01    0.346658162900792632E+01   -0.333635546525534732E-02
    0.243632107197636436E-06   -0.901677055407311855E+04    0.187105676778713921E+02    0.485015862233596806E+01    0.340145863304450558E+01   -0.330476931055612155E-02
    0.786355025452087121E-06   -0.901918071883314406E+04    0.154017991388280517E+02    0.620574880462000955E+01    0.365506589711391783E+01    0.227167110249260062E-02
    0.825279224198299604E-06   -0.901934401231155061E+04    0.674331640228056095E+01    0.425723327451154177E+01    0.981716402189633541E+01    0.226832310482705246E-02
    0.975742738462894036E-06   -0.901974563334098093E+04    0.174969494507413827E+02    0.838092967011520251E+01    0.567762611180128829E+01   -0.315133123472410848E-02
    0.196894290606498427E-05   -0.902121640624320571E+04    0.518505547384558341E+01    0.467795065639455654E+01    0.797959758261009711E+01    0.214705156697125865E-02
    0.192960961938036308E-05   -0.902124271472963665E+04    0.152247833532534411E+02    0.595867062180973495E+01    0.256494061315768285E+01    0.167796453304580595E-02
    0.363362888416163802E-05   -0.902257520965393633E+04    0.181666447359652743E+02    0.635486542447574365E+01    0.427603892679766062E+01    0.205651514381099965E-02
    0.388395091736775983E-05   -0.902277511846398556E+04    0.179079126642543613E+02    0.735583213439043515E+01    0.454137483076062765E+01    0.204315874035487788E-02
    0.399016536182196793E-05   -0.902289574465244004E+04    0.127138790156696153E+02    0.864945727712355605E+01    0.435335772763010098E+01   -0.299387060837974506E-02
    0.904766283836034548E-05   -0.902459975891979957E+04    0.113674097468901714E+02    0.499177248519878791E+01    0.273453550150096980E+01    0.169416099636410244E-02
    0.231046751575431214E-04   -0.902654148260720103E+04    0.446347611187627180E+01    0.559184654079848187E+01    0.638590074988376699E+01    0.177533150178121879E-02
    0.370038705082824669E-04   -0.902755012433523370E+04    0.508570499440408952E+01    0.583056279830207913E+01    0.412670549101677331E+01   -0.272739297997814933E-02
    0.413650006524317909E-04   -0.902783961622771858E+04    0.997731504627291343E+01    0.178648208155364663E+01    0.751403236567737665E+01    0.167721278119836725E-02
    0.576632967023186724E-04   -0.902857065436842458E+04    0.890594813576212907E+01    0.568404408850515530E+01    0.247254027689574762E+01   -0.217069601650166089E-02
    0.580851488345902452E-04   -0.902865189933886359E+04    0.659072185445770131E+01    0.398078657967102156E+01    0.367860285535393139E+01   -0.266025526663948853E-02
    0.681582397061088918E-04   -0.902903841008344898E+04    0.156956771858885809E+02    0.252214566373188021E+01    0.212547971276386960E+01    0.778655694988694691E-03
    0.743912244789191632E-04   -0.902928008860621776E+04    0.137509611764027611E+02    0.332715165196529838E+01    0.231877532414358889E+01    0.962625350511059352E-03
    0.932734112603623533E-04   -0.902979914947643556E+04    0.120867646768080679E+02    0.648819846297865599E+01    0.599183404015616006E+01    0.152210980383626904E-02
    0.104964365401565078E-03   -0.903010198780174687E+04    0.147927562652557381E+02    0.215712360184560259E+01    0.318214565138061189E+01    0.148643482132593263E-02
    0.144027927467576476E-03   -0.903080142708059429E+04    0.926182576561265947E+01    0.869198768622573681E+01    0.438889526894196180E+01    0.143907421639166699E-02
    0.324272499200520400E-03   -0.903249124772267533E+04    0.102608174289923948E+02    0.797217853010998123E+01    0.393098154243478604E+01    0.128857501866153079E-02
    0.671126117085187653E-03   -0.903401266011736516E+04    0.853312375633480258E+01    0.730094476147455040E+01    0.803615321644227976E+01    0.115013338599667669E-02
    0.666375781725424060E-03   -0.903406512013404426E+04    0.120909001444463087E+02    0.965484298589123924E+01    0.645596992706355977E+01   -0.226401028611711297E-02
    0.760668156063426656E-03   -0.903439647370375678E+04    0.139638550351342001E+02    0.549971331019159138E+01    0.464641451642313896E+01    0.111374679911069308E-02
    0.968104582842328775E-03   -0.903494542621402434E+04    0.994991121961192349E+01    0.148724981917980892E+01    0.306686899514201095E+01   -0.219684458839519703E-02
    0.108072000251282032E-02   -0.903523217817152909E+04    0.176601504466918193E+02    0.776000467675602579E+01    0.303119332975381539E+01    0.885164175325137137E-03
    0.119833987083008413E-02   -0.903550546417814985E+04    0.113934041901044658E+02    0.338936058809678897E+01    0.589366516266813889E+01    0.100101570737942680E-02
    0.186859082960492517E-02   -0.903646062568832531E+04    0.320384187720449587E+01    0.621483132675989314E+01    0.952792958108521049E+01   -0.205274676394162636E-02
    0.317143218344397146E-02   -0.903758528975301306E+04    0.109942970508300153E+02    0.698059279524526399E+01    0.609712733943231200E+01    0.770127264711151227E-03
    0.343413942647051917E-02   -0.903781112258902431E+04    0.809733714268744009E+01    0.616182316157863230E+01    0.857712152976310449E+01   -0.191662626927813218E-02
    0.608688663622747664E-02   -0.903902252997970027E+04    0.174115105973205040E+02    0.689433393595542032E+01    0.304800314244206838E+01   -0.173454429706876301E-02
    0.683536826278009768E-02   -0.903932114389091657E+04    0.136765460929495486E+02    0.940263932865812357E+01    0.390604133009886567E+01    0.547568746777082893E-03
    0.669470613921172106E-02   -0.903934622403339745E+04    0.105780585554709425E+02    0.150173734248725266E+01    0.428202314298067499E+01    0.543961606215725979E-03
    0.656535365010016154E-02   -0.903937386927949774E+04    0.922057532538469893E+01    0.836111008580169113E+01    0.470439714687035959E+01    0.541383457815847180E-03
    0.680290929867679618E-02   -0.903951162391297294E+04    0.132763695716857910E+02    0.345336675643920898E+01    0.552627801895141602E+01   -0.171899795532226562E-02
    0.679503535569770355E-02   -0.903957597436375363E+04    0.705789803664775661E+01    0.489040177102490681E+01    0.528297219564137066E+01    0.511165983224870502E-03
    0.748935863527583172E-02   -0.903983722285764088E+04    0.723666327542707233E+01    0.338258816844434484E+01    0.964267023771252241E+01    0.472536197313688788E-03
    0.730664146502382240E-02   -0.903985449064407294E+04    0.908725525998613293E+01    0.436645062830764807E+01    0.721487927677303986E+01    0.469984746609419801E-03
    0.729841618322461371E-02   -0.903991890458901253E+04    0.146519886329518094E+02    0.138987999289221897E+01    0.485524066315864289E+01    0.460717379353381418E-03
    0.912344494816281527E-02   -0.904043195146546714E+04    0.119706382085924101E+02    0.497696151010846322E+01    0.261505586350543950E+01   -0.720897304167134045E-03
    0.913838626180848469E-02   -0.904050189081969802E+04    0.753739931500376326E+01    0.726072996849959118E+01    0.636794617024101584E+01    0.369610293913025245E-03
    0.906880256991843443E-02   -0.904055327033109643E+04    0.140508891733869046E+02    0.840514659296687761E+01    0.528161565057972560E+01    0.362224175903591572E-03
    0.110712055730741547E-01   -0.904101895181948203E+04    0.143394127606418564E+02    0.393445798031796512E+01    0.641544384831569303E+01   -0.150283068172663015E-02
    0.118694589301494378E-01   -0.904122486044474681E+04    0.150098773836151000E+02    0.679258538841528825E+01    0.394607096373619193E+01    0.250141545213855565E-03
    0.121847171411785769E-01   -0.904134395480842068E+04    0.139899543495199374E+02    0.545528159561319903E+01    0.415317447271956297E+01   -0.145750712307146646E-02
    0.125923099340033810E-01   -0.904147642913872733E+04    0.893964132846243587E+01    0.329776573573080345E+01    0.624789984302700674E+01    0.197348165383193219E-03
    0.139530167936427734E-01   -0.904174831468051343E+04    0.125000858303243607E+02    0.634064393787115765E+01    0.479128431147661260E+01   -0.137827838322612806E-02
    0.139195724698899185E-01   -0.904181018174431665E+04    0.660831696743119679E+01    0.373468444389568832E+01    0.975806534906453038E+01   -0.136239029411933110E-02
    0.154009281200024814E-01   -0.904207911207912730E+04    0.990862028172184672E+01    0.365895171528448460E+01    0.642347811526072476E+01   -0.130778627854188922E-02
    0.153943230868291859E-01   -0.904214492081698700E+04    0.957887677254366920E+01    0.742456401276445277E+01    0.335262451615863988E+01   -0.224082288489135806E-04
    0.155170242240093553E-01   -0.904222746537864259E+04    0.104394214107143526E+02    0.490485769202858446E+01    0.458867744300759739E+01    0.401204153208656322E-04
    0.160636066665795878E-01   -0.904236336904447853E+04    0.119075924139655278E+02    0.472467722717411753E+01    0.437167537588878830E+01   -0.125149326466234001E-02
    0.159362185597770149E-01   -0.904241411202670861E+04    0.606510188948658513E+01    0.717615573269123974E+01    0.979675487300843528E+01   -0.904872501894526948E-05
    0.154465343188402403E-01   -0.904241835918668403E+04    0.148695137067839873E+02    0.816853949861058837E+01    0.412154499697493648E+01    0.146911172782537847E-06
    0.152034194073657446E-01   -0.904245329725598094E+04    0.149107551613261879E+02    0.490852684441520459E+01    0.526666316663014733E+01   -0.179131759063810847E-04
    0.152239628218913958E-01   -0.904252266457135738E+04    0.799656219699430793E+01    0.690293384843685587E+01    0.388287983985589946E+01   -0.122067472080855666E-02
    0.170103643944666746E-01   -0.904281123551927885E+04    0.795779603311380335E+01    0.679506740318055691E+01    0.667742668303673170E+01   -0.119501757775974937E-03
    0.168446104448126965E-01   -0.904285831803030669E+04    0.183239687989452946E+02    0.612544828782617312E+01    0.464219155122530580E+01   -0.128593286219391700E-03
    0.165289724152526164E-01   -0.904288715268564920E+04    0.991047679105610690E+01    0.692922758304158393E+01    0.609502001240888447E+01   -0.110523955205632518E-02
    0.160794587928060617E-01   -0.904289867507422787E+04    0.742711349021967848E+01    0.447342236462921949E+01    0.601914401261782217E+01   -0.146895259889201490E-03
    0.157456163351082055E-01   -0.904292338052605737E+04    0.529723911481119103E+01    0.837712120321573650E+01    0.631076065128438302E+01   -0.154942260536805598E-03
    0.155190372520933768E-01   -0.904296105815573173E+04    0.872104933635334945E+01    0.539012180823029485E+01    0.876927326956402453E+01   -0.108140882985507947E-02
    0.150154637498211233E-01   -0.904296175103564201E+04    0.504871434299031208E+01    0.579336150025058583E+01    0.531377384792630814E+01   -0.166614137161569253E-03
    0.146689502308876892E-01   -0.904298172259023704E+04    0.119379466716766061E+02    0.404945743716431661E+01    0.968126025052865913E+01   -0.174946273369891436E-03
    0.149387405388717604E-01   -0.904308483894526216E+04    0.851402692232347036E+01    0.822172178041259372E+01    0.329010599562418093E+01   -0.479837389474213616E-03
    0.147051865714815204E-01   -0.904311999038128306E+04    0.116550702749710382E+02    0.322834076994138952E+01    0.887827176246706529E+01   -0.225117149031617281E-03
    0.145515354528983447E-01   -0.904316564956377078E+04    0.364073166940384496E+01    0.784054521749537603E+01    0.612542292957181900E+01   -0.242490216753599164E-03
    0.150103677402289998E-01   -0.904329440548557614E+04    0.609472897217125720E+01    0.649599027147993624E+01    0.607469247619349062E+01   -0.956231534589901955E-03
    0.146846425404938419E-01   -0.904331719430727208E+04    0.636923799107988131E+01    0.372906362976077377E+01    0.458462038383403225E+01   -0.951398392545987903E-03
    0.144052747999261332E-01   -0.904334544541897230E+04    0.781394810215181757E+01    0.471891614571259854E+01    0.744042033828613469E+01   -0.323477300261276746E-03
    0.140868014993700604E-01   -0.904336739978577680E+04    0.149009970866010839E+02    0.665048735545410552E+00    0.441732787587202935E+01   -0.333117789303893908E-03
    0.139730992955707494E-01   -0.904341785786682522E+04    0.815004994139350636E+01    0.495828618681944988E+01    0.852025237765238330E+01   -0.362484475688873431E-03
    0.136591388652747888E-01   -0.904343907415194553E+04    0.742855644286902539E+01    0.814732187678910513E+01    0.651994722353955680E+01   -0.374542204861549877E-03
    0.132166416608049519E-01   -0.904343987673035372E+04    0.623556595963840543E+01    0.442424011541060036E+01    0.920467536820776999E+01   -0.375496556162424611E-03
    0.130824576158323873E-01   -0.904348613430118348E+04    0.127764378408229540E+02    0.336630896535421709E+01    0.492787618833683538E+01   -0.856724924894081141E-03
    0.126694458454631280E-01   -0.904348864304054223E+04    0.921927275960182335E+01    0.649236867527156392E+01    0.583509456709485619E+01   -0.405349970265644899E-03
    0.122695048446657632E-01   -0.904349115700142283E+04    0.137622541173158908E+02    0.407937422362766711E+01    0.848901515727514067E+01   -0.848398595641453035E-03
    0.120489411086717266E-01   -0.904352154342474023E+04    0.343339125719534355E+01    0.673582277858683121E+01    0.674930102102012341E+01   -0.430572778401749900E-03
    0.116842007743561873E-01   -0.904352673166501154E+04    0.133450005367044504E+02    0.282212037728236442E+01    0.617993159620387189E+01   -0.823073305930899224E-03
    0.113773027521777148E-01   -0.904354016396372208E+04    0.408074329606932729E+01    0.640067428288005669E+01    0.646295232346242088E+01   -0.812615253191983911E-03
    0.110870191805314561E-01   -0.904355513982376942E+04    0.154382844226386080E+02    0.621029812791607849E+00    0.755894578858574206E+01   -0.799286465331894291E-03
    0.107243366448103068E-01   -0.904355528775205676E+04    0.685590329913945329E+01    0.494052834646094219E+01    0.769723609321104263E+01   -0.458825930319206599E-03
    0.104917692343751093E-01   -0.904357810533017437E+04    0.335858180534034778E+01    0.511159333834711482E+01    0.570716112196319791E+01   -0.779956132175740890E-03
    0.101743228784941624E-01   -0.904358332422527928E+04    0.128488384695801816E+02    0.450576197935087563E+01    0.542211665529852382E+01   -0.776252917985220670E-03
    0.987982647551952087E-02   -0.904359124642565257E+04    0.108974175952394283E+02    0.675993496237032865E+01    0.658266089727024806E+01   -0.494196144462777376E-03
    0.955923046349807168E-02   -0.904359193765226701E+04    0.753639733766771602E+01    0.704501077373512885E+01    0.380619983451924604E+01   -0.484481189892083108E-03
    0.925433790879398241E-02   -0.904359377467160448E+04    0.296621405646708469E+01    0.468958145660332892E+01    0.649403004379415094E+01   -0.761446409648258715E-03
    0.896152858118883823E-02   -0.904359613815488410E+04    0.107070959219968600E+02    0.183844657644286213E+01    0.613405472854281797E+01   -0.758598589544634549E-03
    0.869623102905529854E-02   -0.904360270262901031E+04    0.753635548543709000E+01    0.540099637674046473E+01    0.998822464481556338E+01   -0.750244854726966892E-03
    0.843450011533456064E-02   -0.904360825076437141E+04    0.119925484918772760E+02    0.343257455996134220E+00    0.512818569050176620E+01   -0.515013550502319006E-03
    0.815846258348562094E-02   -0.904360836801353071E+04    0.801374176081459488E+01    0.603829468989972185E+01    0.966706474163907359E+01   -0.515813557263933298E-03
    0.789792103725824729E-02   -0.904361012232552093E+04    0.522451155678133361E+01    0.775533606421606692E+01    0.911590260216862447E+01   -0.740641437986466755E-03
    0.765869246486254509E-02   -0.904361527240756550E+04    0.145529552431178146E+02    0.271271481490928590E+01    0.668092287102341587E+01   -0.733699393236975084E-03
    0.740964312847761531E-02   -0.904361582108355287E+04    0.343403267808681889E+01    0.911521311752684227E+01    0.888924314115947567E+01   -0.526249432617365009E-03
    0.717174322064555256E-02   -0.904361722069965799E+04    0.729523601243947439E+01    0.438877747693006981E+01    0.523519663504823995E+01   -0.521239854223698451E-03
    0.696408669448276250E-02   -0.904362512280374358E+04    0.114698736545036883E+02    0.167663611301985460E+01    0.932561962359823227E+01   -0.718043030838888541E-03
    0.674814957646130420E-02   -0.904362879318981686E+04    0.756505965985568807E+01    0.342111211513644875E+01    0.550560049764676407E+01   -0.715992949423926994E-03
    0.652707626009167100E-02   -0.904362884140226925E+04    0.886437392435174054E+01    0.420986027778414229E+01    0.759591060468328294E+01   -0.547535468617743604E-03
    0.631887858460619331E-02   -0.904363067336872700E+04    0.156169538344758294E+02    0.601946383540827745E+00    0.441211957110765240E+01   -0.714209857682113203E-03
    0.611632521510769092E-02   -0.904363217945111683E+04    0.864768489691355846E+01    0.227142013306571355E+01    0.593713205436016089E+01   -0.706511718586044779E-03
    0.592855338476461040E-02   -0.904363648366480629E+04    0.133414827861053098E+02    0.407788565485920795E+01    0.408443365174619188E+01   -0.751787629101885457E-03
    0.574161119372199481E-02   -0.904363906959561609E+04    0.867395509530267006E+01    0.161998919305834543E+01    0.783767072809378718E+01   -0.689816583461122512E-03
    0.555958610806768071E-02   -0.904364130385784665E+04    0.721367349567514360E+01    0.331147513584545417E+01    0.699213711162537521E+01   -0.684271711598793964E-03
    0.537772373239677956E-02   -0.904364145356867084E+04    0.995714223944807131E+01    0.322663605570568768E+01    0.510524111648066814E+01   -0.695838874072651770E-03
    0.520753266069377916E-02   -0.904364380219416671E+04    0.746011141652023468E+01    0.770206829170675977E+01    0.756859238246399357E+01   -0.676757151681472990E-03
    0.503825995057060640E-02   -0.904364437807799186E+04    0.150336887661228253E+02    0.352497057001431857E+01    0.600303585441208298E+01   -0.677528435454988198E-03
    0.487919967868885585E-02   -0.904364688560781542E+04    0.327450501816753548E+01    0.342210622275513021E+01    0.782389372714176545E+01   -0.665261486592183537E-03
    0.472001448204127302E-02   -0.904364721359783107E+04    0.116854880532403254E+02    0.824320293455335218E+01    0.874469498722621097E+01   -0.595620379282180146E-03
    0.456729676047360009E-02   -0.904364809955164310E+04    0.799633235719982682E+01    0.949153172855203620E+00    0.600549553983569595E+01   -0.660822084508683183E-03
    0.441789646281090000E-02   -0.904364825053435197E+04    0.120831737370422978E+02    0.898563903883185233E+01    0.536314939030604521E+01   -0.572235734475179392E-03
    0.427377466915350446E-02   -0.904364858473059758E+04    0.117822983700017971E+02    0.943033211297541918E+01    0.879162856071722132E+01   -0.602382974856041642E-03
    0.413425447212027296E-02   -0.904364887055939835E+04    0.622753159643428056E+01    0.253182239588986313E+01    0.955165679526454880E+01   -0.655329941393500981E-03
    0.400098501898092044E-02   -0.904365000436662012E+04    0.734309389963978099E+01    0.885824154044718703E+01    0.842783219509124848E+01   -0.611813272614836201E-03
    0.386999876089628428E-02   -0.904365009823590663E+04    0.778074893653112110E+01    0.479735247691872146E+01    0.368744592638340052E+01   -0.567682463614160859E-03
    0.374342914628446495E-02   -0.904365026067961116E+04    0.119546514807309201E+02    0.592573949648107057E+01    0.959414305119570088E+01   -0.614309531519308116E-03
    0.362078609488509107E-02   -0.904365030550661322E+04    0.700284380596977929E+01    0.916505935645810865E+01    0.691943086005407793E+01   -0.648462961561291351E-03
    0.350247057264907848E-02   -0.904365052705694870E+04    0.476077085710653858E+01    0.489292729973646789E+01    0.994882589107122328E+01   -0.617201477633333440E-03
    0.338805064411287511E-02   -0.904365076597838015E+04    0.278187957890586857E+01    0.478264490856256153E+01    0.676061162536433713E+01   -0.642961945115705369E-03
    0.327719936733464855E-02   -0.904365090160799082E+04    0.117397069093739290E+02    0.111315607273762263E+01    0.837984942157685708E+01   -0.636318614775643887E-03
    0.316993209220422113E-02   -0.904365101019347094E+04    0.776118733247163561E+01    0.797219316140895096E+01    0.904715112433090596E+01   -0.626304392353005390E-03
    0.306600987024861120E-02   -0.904365101052826139E+04    0.105597736084139999E+02    0.595840524503643287E+01    0.865909128682030627E+01   -0.626218606663009325E-03
    0.296554821757536976E-02   -0.904365104701886958E+04    0.720898308225914342E+01    0.559955589769026929E+01    0.641892366266901604E+01   -0.615294096977914151E-03
    0.286836454035485763E-02   -0.904365107390374942E+04    0.738229934962879319E+01    0.646404168322041173E+01    0.733324514627257784E+01   -0.624226852311005054E-03
    0.288108395712469026E-02   -0.904366029341351896E+04    0.114530649647652201E+02    0.130282677723533569E+01    0.420817836966892145E+01   -0.626208995646693189E-03
    0.291954234714875832E-02   -0.904368681396597822E+04    0.140091592047975624E+02    0.353523804905604644E+01    0.377198327565168867E+01   -0.670774323392575589E-03
    0.287598071116679189E-02   -0.904365674768486133E+04    0.119351253490083877E+02    0.357354135262268890E+01    0.374420028941359462E+01   -0.536609203490523434E-03
    0.288164216109188832E-02   -0.904366068087178610E+04    0.131578767254529776E+02    0.689812024077943153E+01    0.512589746028472071E+01   -0.638473712075593447E-03
    0.289461289243145596E-02   -0.904366966299118394E+04    0.163153119071588222E+02    0.371774441522207910E+01    0.398267372363884498E+01   -0.558527589104684807E-03
    0.290219460033339007E-02   -0.904367489463790298E+04    0.127055632800506562E+02    0.967784679193151476E+01    0.476360801185165528E+01   -0.604839948655344628E-03
    0.286897079415060182E-02   -0.904365186693313444E+04    0.153271637889037606E+02    0.163172984826688516E+01    0.452173768640611229E+01   -0.586109866609341168E-03
    0.292815843392755419E-02   -0.904369270762800807E+04    0.113882574272047243E+02    0.772445372736144797E+01    0.414325151526742275E+01   -0.585326087719328925E-03
    0.287491145907440649E-02   -0.904365600397270464E+04    0.141785937183217570E+02    0.539859477838506052E+01    0.504856406154419091E+01   -0.664753203518664293E-03
    0.293668725735250985E-02   -0.904369852454452121E+04    0.153285281675206893E+02    0.770294300411917554E+01    0.424689063750482632E+01   -0.642252799188502976E-03
    0.296533843105824995E-02   -0.904371794255473287E+04    0.163116706871856181E+02    0.785400220922082326E+01    0.388567108092477298E+01   -0.635796189592863215E-03
    0.286892347992782340E-02   -0.904365183394945052E+04    0.113911968915270485E+02    0.315863016649674222E+01    0.521882504622983134E+01   -0.660206979471888999E-03
    0.286826955610508571E-02   -0.904365137803045218E+04    0.123901652692187199E+02    0.305914141758349412E+00    0.481106013695008627E+01   -0.617860939648551266E-03
    0.290883578583971602E-02   -0.904367946607391787E+04    0.111436024227770947E+02    0.786839789544121082E+01    0.373364240939317682E+01   -0.591308471887264098E-03
    0.289121710972280307E-02   -0.904366731533624261E+04    0.153435012645482871E+02    0.557441296867765779E+01    0.466030775106760942E+01   -0.657306726131401398E-03
    0.291579113346966028E-02   -0.904368424258649611E+04    0.167292397976931788E+02    0.396363630834578418E+01    0.408610415228471169E+01   -0.647211977405581784E-03
    0.287165510794760038E-02   -0.904365373733126762E+04    0.117763182771466575E+02    0.129332170787296308E+01    0.486358466814841073E+01   -0.640292023629807083E-03
    0.288293497268490243E-02   -0.904366157794477840E+04    0.161299214262907213E+02    0.367953273403873515E+01    0.460682743274460549E+01   -0.661447943902548907E-03
    0.290372102039639611E-02   -0.904367594626882419E+04    0.135984464743292488E+02    0.389477138888518137E+01    0.346151156225860035E+01   -0.612746696739274732E-03
    0.286996475012682526E-02   -0.904365255971386250E+04    0.111070200124070073E+02    0.121992647883675720E+01    0.439862764440770349E+01   -0.591528044714073609E-03
    0.293731672158908637E-02   -0.904369895318858835E+04    0.176516802147876106E+02    0.546958762649920338E+01    0.400487311596355511E+01   -0.656766011319476206E-03
    0.287236124605317776E-02   -0.904365422906949789E+04    0.773420912509033265E+01    0.402820386210241654E+01    0.538460743971995903E+01   -0.619133403394922510E-03
    0.287835052282728321E-02   -0.904365839500872789E+04    0.997783836971225213E+01    0.568830819362441176E+01    0.500461731184511649E+01   -0.659117056729940920E-03
    0.293221580632446830E-02   -0.904369547698906172E+04    0.994037050008259726E+01    0.761206221138070838E+01    0.409607539174085744E+01   -0.663178839987899060E-03
    0.288683460257461045E-02   -0.904366428143609301E+04    0.790047421395721816E+01    0.714661172208779227E+01    0.469495660165728701E+01   -0.584443611469365187E-03
    0.289920923011110143E-02   -0.904367283625991513E+04    0.771196369953040861E+01    0.763537605317938883E+01    0.394624543908708425E+01   -0.698359279626470375E-03
    0.287809440263410432E-02   -0.904365821703763868E+04    0.837173008725068613E+01    0.843367780320747684E+01    0.540023564886700846E+01   -0.633883139708357746E-03
    0.287814796972717980E-02   -0.904365825426129231E+04    0.722171533374893215E+01    0.318386811573558948E+01    0.406922717275497803E+01   -0.569820846509250245E-03
    0.287026061512561572E-02   -0.904365276588346751E+04    0.763997949122501741E+01    0.266146817757984167E+01    0.445816771041740623E+01   -0.576701166549509203E-03
    0.287328208943291984E-02   -0.904365487014193059E+04    0.645435654123012181E+01    0.312644493256857725E+01    0.509877946071741128E+01   -0.644264063805910503E-03
