    0.286786282028328504E-98   -0.662036847274566935E+04    0.936796905549574355E+01    0.966341214330618925E+01    0.260598040392153862E+01    0.190193005550611874E-01
    0.467897562780745595E-97   -0.662599266715680369E+04    0.189492740674277478E+02    0.838008205073595391E+01    0.538258066241713706E+01    0.189504978183160748E-01
    0.376567103607683986E-92   -0.664862421183150491E+04    0.171181242789115196E+01    0.938483710810282545E+01    0.434947554612379417E+01    0.183123569074391292E-01
    0.374544601066345052E-88   -0.666707412183434462E+04    0.179929273469360247E+02    0.455116345149174339E+01    0.125990726749638782E+02    0.177694509658828971E-01
    0.133548454537259925E-87   -0.666965679897330665E+04    0.553220777458740542E-01    0.393938873150850943E+01    0.344287947274019945E+01    0.176010568037912943E-01
    0.370370042527639110E-85   -0.668094721585222851E+04    0.978077078010011824E+01    0.124791482522495087E+02    0.412257635548012580E+01    0.174000881647795071E-01
    0.638212918432113877E-78   -0.671431174582379299E+04    0.198839910334737340E+02    0.449327648416445680E+01    0.115242456288122384E+02    0.163843410656402642E-01
    0.841194975245760208E-75   -0.672871955941150463E+04    0.453827441740806066E+02    0.370193546895100933E+01    0.814896781094747169E+01    0.159543187222122435E-01
    0.408267697964402488E-74   -0.673191892881992862E+04    0.183704341850316872E+02    0.161549937736785232E+02    0.906713529212950320E+01    0.158582876986413240E-01
    0.269115653450882440E-73   -0.673573053529386107E+04    0.339694406799580335E+02    0.203460121082020748E+02    0.704439656664527369E+01    0.157438742842347899E-01
    0.726646935717276705E-70   -0.675157264482858500E+04    0.211575801678663140E+02    0.165477949356364640E+01    0.127498803278066397E+02    0.152637621783927539E-01
    0.603920350400994953E-69   -0.675584781822452987E+04    0.202962484687143849E+02    0.849674732888789208E+01    0.410582642462608050E+01    0.151609526381318530E-01
    0.151238282278575655E-67   -0.676232898720116464E+04    0.202600228928769859E+02    0.180470189866939030E+02    0.119878211743195955E+02    0.149347998158181287E-01
    0.314934243533409018E-64   -0.677765151224907913E+04    0.362089456519549486E+02    0.119618377635396325E+02    0.128244743486066604E+02    0.144613919026741183E-01
    0.100394231865295656E-53   -0.682606186607038762E+04    0.879186041635565729E+01    0.876069327162214329E+01    0.101132716983051321E+02    0.129221918603341108E-01
    0.916996317771127224E-45   -0.686736722496362290E+04    0.264538612568047604E+02    0.684437321825423339E+01    0.434932987011227024E+01    0.115597400664974263E-01
    0.801328608128502420E-42   -0.688095307082870659E+04    0.222951423849168009E+02    0.181597050437640650E+01    0.952703466745867722E+01    0.110707664182283436E-01
    0.168063541571642985E-39   -0.689168472342915993E+04    0.194804500815033421E+02    0.274266465749545851E+01    0.190749059483852328E+02    0.106911671979446482E-01
    0.260198736913581491E-39   -0.689259893058964099E+04    0.401510048397351937E+00    0.916623857567072875E+00    0.849100822372833441E+01    0.106585098996565941E-01
    0.404169842999311411E-39   -0.689351970955224897E+04    0.167490189527455513E+02    0.168877244891764136E+02    0.370904972326131865E+01    0.107600578193965627E-01
    0.527386715698812878E-39   -0.689409190733672403E+04    0.160741201159520806E+02    0.134595972066642098E+02    0.107552158623260414E+02    0.106050621560001956E-01
    0.178507304823324389E-37   -0.690117563858558970E+04    0.802208191916389168E+01    0.695541131054294226E+01    0.810871315777498936E+01    0.103495204287320092E-01
    0.163585636277496945E-34   -0.691485656334102805E+04    0.231667811569782529E+02    0.733867550603245533E+01    0.145959929626240843E+02    0.984602262199993361E-02
    0.288888235698789190E-32   -0.692524431023926172E+04    0.183083596382390290E+02    0.117989723169426632E+02    0.304741641010258180E+01    0.971553874088682684E-02
    0.324566228254220346E-32   -0.692551720968511199E+04    0.195968953762774127E+02    0.515880748533172806E+01    0.742476040873239196E+01    0.944362868776582078E-02
    0.228361186992732090E-31   -0.692945925771196107E+04    0.289490760497092836E+02    0.165816306863756715E+02    0.361585221469099016E+01    0.946562283504385343E-02
    0.206019744073765474E-30   -0.693389851485841154E+04    0.156117852015775220E+02    0.532236951384135892E+01    0.778784272034256730E+01    0.912020087745105644E-02
    0.341973275920132141E-30   -0.693495203602683159E+04    0.564286918246307678E+01    0.464635135941999700E+01    0.197701608561772768E+01    0.782235873815831199E-02
    0.457155462339871939E-28   -0.694478295823839926E+04    0.186057681140122178E+02    0.121678446313048525E+02    0.103933518605923307E+02    0.868980948451218531E-02
    0.631999743809911038E-28   -0.694547068918952300E+04    0.148653201750547570E+02    0.602664426501511397E+01    0.681344087737367854E+01    0.866237378902745721E-02
    0.435525995365105520E-25   -0.695858153074064376E+04    0.377782417218750481E+02    0.139909821145889772E+02    0.145914624599566807E+02    0.812478898857941015E-02
    0.144900096718247239E-24   -0.696102568098952815E+04    0.503636392928377177E+02    0.201836974282921453E+02    0.814471093697725479E+01    0.802219420741539548E-02
    0.269470086525051452E-24   -0.696230650673189393E+04    0.155196956951274707E+02    0.597191257325454750E+01    0.235008439017594783E+01    0.811611631170383076E-02
    0.354093384732636887E-23   -0.696749788349594746E+04    0.350083008544308072E+02    0.825883364228451100E+01    0.226483853743698660E+01    0.777841830388885727E-02
    0.120274605333308355E-21   -0.697458865752629572E+04    0.346779900035384614E+01    0.961494544902056703E+01    0.625436704167845559E+01    0.743731652346986058E-02
    0.137836809434766997E-21   -0.697490124340402781E+04    0.232448089815394567E+02    0.136589220098120538E+02    0.382813936456058057E+01    0.754709322141070352E-02
    0.200820526670844897E-21   -0.697569392572797278E+04    0.593118036576353269E+01    0.213207677147903052E+01    0.104518064637775829E+02    0.738722075678754052E-02
    0.459016383586484916E-20   -0.698199244450688548E+04    0.177618076495317929E+02    0.453198706566269216E+01    0.153728339681156534E+02    0.710326297617622747E-02
    0.216379934107472507E-19   -0.698513351451932431E+04    0.210008799060106846E+02    0.115405539335455707E+02    0.432938693656144480E+01    0.700470043733063784E-02
    0.404217290046967325E-19   -0.698642334804589882E+04    0.936236363462872134E+01    0.572770414418457374E+01    0.502201258810819162E+01    0.690523415891506134E-02
    0.541509955733773122E-19   -0.698704816578934060E+04    0.596909699608203947E+01    0.572776863131308467E+01    0.158771045961824164E+02    0.686960911763274951E-02
    0.218111439192348414E-18   -0.698987462531410256E+04    0.458802705200209715E+00    0.119882699751600423E+02    0.712142441267958493E+01    0.673682298143014023E-02
    0.995114859322363899E-18   -0.699295032940584133E+04    0.341418223583139380E+02    0.739560728727895444E+01    0.191109855965685007E+02    0.658962802457825625E-02
    0.214269561865197485E-17   -0.699452425297229001E+04    0.375070602769226866E+02    0.747420731665368621E+01    0.116331711849414106E+02    0.651353814409465909E-02
    0.836053134854469849E-17   -0.699728716759683357E+04    0.126688760744910862E+02    0.986271297892180954E+01    0.469492591810922377E+01    0.640014594785217120E-02
    0.118154468648983483E-16   -0.699801893909330647E+04    0.776887607666130986E+01    0.107851956598844527E+02    0.159406466179919519E+02    0.634226628907190969E-02
    0.394250509829454118E-16   -0.700046892648182529E+04    0.128907922919864113E+02    0.702011634385025829E+01    0.325395375048555469E+01    0.642088954580863867E-02
    0.510695253368102982E-16   -0.700102649952230695E+04    0.546920289967019269E+01    0.106153115331183585E+02    0.356821123096260928E+01    0.636220232704714540E-02
    0.974034661973364665E-15   -0.700696301741030493E+04    0.179503850996196945E+02    0.255608899200190098E+01    0.263055393095310563E+01    0.610567362408794001E-02
    0.125687124321142062E-14   -0.700751288517286503E+04    0.221816322187974926E+02    0.121788098229806003E+02    0.410768621777308773E+01    0.594303736868772615E-02
    0.831059892542354256E-14   -0.701133069754601729E+04    0.154844320486460809E+02    0.987570399392849829E+01    0.111751834286946163E+02    0.565584208811590813E-02
    0.668143371931822947E-13   -0.701553946956007439E+04    0.277974428054652520E+02    0.817160388277479122E+01    0.110645291709283349E+02    0.542538101640204981E-02
    0.957287795148410311E-13   -0.701629867214703245E+04    0.125510202377395679E+02    0.551516392220728946E+01    0.671496061891142837E+01    0.538330029967399280E-02
    0.397584282629229418E-12   -0.701918644807454803E+04    0.183006053478844066E+02    0.603216528017341513E+01    0.773965255293262366E+01    0.521937113106509323E-02
    0.633277282333861410E-12   -0.702015745092975067E+04    0.131347447996126867E+02    0.267240979955603652E+01    0.637783487618171741E+01    0.516366027723938990E-02
    0.141250495781181103E-11   -0.702180187413370641E+04    0.224251085690042302E+02    0.406112894581364081E+01    0.130199676447521711E+02    0.506748996038914636E-02
    0.231581008096073584E-11   -0.702283066385234906E+04    0.238756112562602993E+02    0.830805093567432351E+01    0.781046891013190159E+01    0.500681483936808898E-02
    0.246964136799871336E-11   -0.702299929063564286E+04    0.316026622788523355E+02    0.110454200571558374E+02    0.140643486016217985E+02    0.499674540539206402E-02
    0.274038636826489848E-11   -0.702324734258728040E+04    0.130028737348747487E+02    0.135193581718079265E+02    0.111480958968685293E+02    0.498198907910977519E-02
    0.662342903060975234E-11   -0.702505237117832712E+04    0.303619762317752588E+02    0.581042687629460985E+00    0.693228456008373151E+01    0.487354105628994526E-02
    0.283936699134654249E-10   -0.702800347720563605E+04    0.147059469093907857E+01    0.474858875986599394E+01    0.994340855879610075E+01    0.469177912648902073E-02
    0.581771181970253714E-10   -0.702947812898433858E+04    0.181142663343804813E+02    0.948991755759989530E+01    0.117048573550805344E+02    0.459874362515999731E-02
    0.173704931952779809E-09   -0.703170586087844003E+04    0.711788298584510226E+01    0.212010537321150050E+01    0.977073854910236506E+01    0.445512078581546470E-02
    0.442239537369063484E-09   -0.703361484809579179E+04    0.342444437822583865E+02    0.295083230988351009E+01    0.151408002520141842E+02    0.432884580930887296E-02
    0.530996206819245594E-09   -0.703402065450123064E+04    0.478337531599321153E+01    0.119864121066509242E+02    0.388534956835268597E+01    0.446444166441863251E-02
    0.271060426265774876E-08   -0.703732099847406880E+04    0.299184583595316873E+02    0.111151330034002704E+02    0.413909597027502052E+01    0.417552309338205599E-02
    0.152381928308046187E-07   -0.704081426522883794E+04    0.155570416550200097E+02    0.125530253032230092E+02    0.557320902038358668E+01    0.382882510037982652E-02
    0.158942740267316431E-07   -0.704093857314421803E+04    0.401238332230748256E+02    0.636583418628854592E+01    0.136533630556397618E+02    0.381119945529413305E-02
    0.166617431972990814E-07   -0.704107288583360878E+04    0.684413094968270297E+01    0.675350278193559550E+01    0.163656661949069715E+02    0.380112454012589878E-02
    0.471313071952140047E-07   -0.704319253025669332E+04    0.325872995446896851E+01    0.378070700306501806E+00    0.807913238186372240E+01    0.363878576266457284E-02
    0.475287419972973747E-07   -0.704324932454914506E+04    0.986495801585881793E+00    0.843629133561415401E+01    0.582264018263573035E+01    0.363832711042484788E-02
    0.221056436381761837E-06   -0.704636349137801608E+04    0.137118729116145950E+02    0.667770157707829703E+01    0.569942105066565752E+01    0.338655434595832314E-02
    0.298663662651842726E-06   -0.704700529143603762E+04    0.229561901697819195E+02    0.296715484468664314E+01    0.292553882214361360E+01    0.362287788189847399E-02
    0.517255498776074286E-06   -0.704814372919841389E+04    0.101192780253654693E+02    0.116900318326531671E+01    0.636975608972426777E+01    0.323063734806498500E-02
    0.670247621739190733E-06   -0.704870194976127732E+04    0.224587820334065427E+02    0.370312035761426639E+01    0.505320541244214461E+01    0.318917961521649656E-02
    0.971551927299728051E-06   -0.704948444473975997E+04    0.904673434036164181E+01    0.106940367056507384E+02    0.153810368328019891E+02    0.311112846249693214E-02
    0.124795356413474988E-05   -0.705002517598371924E+04    0.528216484555522570E+01    0.407023772433392317E+01    0.417773135116291705E+01    0.311097173537353564E-02
    0.183162581764729084E-05   -0.705083257385642264E+04    0.128742478837763858E+02    0.121595611230024883E+02    0.961862159346152090E+01    0.298649219686863325E-02
    0.201564388895312360E-05   -0.705106404324610321E+04    0.207931065190974742E+02    0.127472021777532696E+02    0.220459144560083864E+01    0.178804655904064034E-02
    0.607497526216397087E-05   -0.705331052169595296E+04    0.191054316141276459E+02    0.326526791889859025E+01    0.711921886592276820E+01    0.274289393641544274E-02
    0.751094986756539290E-05   -0.705377488973795244E+04    0.411862459796986613E+01    0.101144888924412690E+02    0.280587993976303229E+01    0.336982263612836371E-02
    0.788529307546848894E-05   -0.705391216463857654E+04    0.228619784309428766E+02    0.114160843215422929E+02    0.412798060307024528E+01    0.284165323070385964E-02
    0.107447114770185803E-04   -0.705457099321745500E+04    0.235202159654174920E+02    0.110772261027087424E+02    0.115834149219128548E+02    0.260987403593460282E-02
    0.126384171957042577E-04   -0.705493564817969764E+04    0.117661534748189585E+02    0.368456348640044062E+01    0.293947669755420549E+01    0.300776767366193023E-02
    0.142560885514232897E-04   -0.705521653402611719E+04    0.529930619120375823E+02    0.151515259956349198E+02    0.669314208638265118E+01    0.254074772475178798E-02
    0.174634008228039725E-04   -0.705566238048042578E+04    0.224592737397582454E+01    0.161061846781869313E+02    0.258425589001607658E+01    0.328786192268760557E-03
    0.183438913198633080E-04   -0.705580075910361484E+04    0.298210797397419647E+02    0.922552313513888045E+01    0.996134248541486045E+01    0.247308109525602856E-02
    0.202678690774727010E-04   -0.705604023951770887E+04    0.853513462151493307E+01    0.648381565496069889E+01    0.278951712260876539E+01    0.321536484410830286E-02
    0.383393652556073895E-04   -0.705735512022528019E+04    0.269483834624147036E+02    0.135520004031492967E+02    0.186898558508629939E+02    0.228768791941894511E-02
    0.442892521588453608E-04   -0.705768364992704119E+04    0.440057620657115010E+02    0.502797739496460494E+01    0.334232626159366841E+01    0.259753245582938644E-02
    0.443486729262675952E-04   -0.705772633143278563E+04    0.213275945752529950E+01    0.715200712965093288E+01    0.992888733907798660E+01    0.224094335344658712E-02
    0.583236526956257002E-04   -0.705831418129704798E+04    0.136886555725610783E+02    0.528077287458035194E+01    0.122381982295141647E+02    0.216462348470632246E-02
    0.727689070240347425E-04   -0.705879674338696168E+04    0.106578238968777104E+02    0.584810266511128596E+01    0.105611953178001983E+02    0.209964976106219057E-02
    0.904262389836983410E-04   -0.705927123482071420E+04    0.218121255975228578E+02    0.242713950902905609E+02    0.332151907771282584E+01    0.323549632735540540E-02
    0.959515445768845126E-04   -0.705942985250176207E+04    0.135943472910321788E+02    0.123242212703513729E+02    0.338317471677934689E+01    0.275260241564914817E-02
    0.968580633127060165E-04   -0.705948865914579710E+04    0.209339101450904828E+02    0.150885022475152937E+02    0.404727099783322508E+01    0.232477142852822267E-02
    0.964092053014479117E-04   -0.705951936923713311E+04    0.137743609808036940E+02    0.136255388196985123E+02    0.856590928505674754E+01    0.199790243987520199E-02
    0.978897561389838075E-04   -0.705958984967785273E+04    0.111959092043905475E+02    0.706968937188605917E+01    0.108556923704069561E+02    0.198759269354603077E-02
    0.131970585648881413E-03   -0.706022732398518292E+04    0.367228195909093245E+02    0.107556010637264237E+02    0.445232434564488866E+01    0.201405474947531421E-02
    0.131408857172630875E-03   -0.706025879288158649E+04    0.142407415177006040E+02    0.107227576179424471E+02    0.719311360245672660E+01    0.188773600531000644E-02
    0.139319408308275969E-03   -0.706041570425864211E+04    0.107922382929391425E+01    0.644661094028888293E+01    0.114036343393112318E+02    0.186253334040308765E-02
    0.138343311135348551E-03   -0.706044164257696139E+04    0.175709670505186324E+02    0.174830066172891119E+01    0.781897948194692383E+01    0.185847783653945520E-02
    0.136309731032507653E-03   -0.706045202532241274E+04    0.116210510553501756E+01    0.131705947399370586E+02    0.281318777054481739E+01    0.177550685800936239E-02
    0.150176257175141229E-03   -0.706068578516586422E+04    0.134872024016707250E+02    0.316394393035560029E+01    0.118527888310833660E+02    0.181941268743558487E-02
    0.158644853191894082E-03   -0.706083550201411799E+04    0.358323426953350435E+02    0.565804779475258535E+00    0.414404172344013055E+01    0.180803012753942864E-02
    0.159046801314979575E-03   -0.706088056287526251E+04    0.409791615144315244E+02    0.608913736179349563E+01    0.779149586117023851E+01    0.178766232411921430E-02
    0.159776340170035189E-03   -0.706092971578837842E+04    0.249392665165054517E+01    0.171528745926489101E+01    0.207085259500924979E+01    0.200152361253085965E-02
    0.186798692807975793E-03   -0.706128222891756832E+04    0.247528399199503255E+02    0.108444975512878017E+02    0.267412402497408719E+01    0.313414090330487284E-02
    0.219354519607636704E-03   -0.706164354432555592E+04    0.270150838254771521E+02    0.755711164645235112E+01    0.920689816819567675E+01    0.165536961442382937E-02
    0.267684639473498914E-03   -0.706208178500016311E+04    0.100296918661644288E+02    0.699949115303571023E+01    0.221077605541980349E+01    0.191401667248276971E-02
    0.268070827953002680E-03   -0.706212466831966140E+04    0.192746441190002749E+02    0.491745065952987481E+01    0.641277216838486197E+01    0.156648342987231399E-02
    0.293760949871254412E-03   -0.706234769854350179E+04    0.150793875767536587E+02    0.176312865678055246E+02    0.289643081073758113E+01    0.309863103231181351E-02
    0.291146223584320919E-03   -0.706236981711668250E+04    0.167153429007189018E+02    0.456119627224191060E+01    0.119735099400582889E+02    0.151583054627992897E-02
    0.385792127915180057E-03   -0.706297276325303756E+04    0.119615937051822065E+02    0.841180765497031224E+01    0.644715036979989975E+01    0.138907819133389033E-02
    0.381130600934087300E-03   -0.706298845006364627E+04    0.119906858102489267E+01    0.460109979825255699E+01    0.112080494809930222E+02    0.138205820638582491E-02
    0.380797587875486402E-03   -0.706302670179873257E+04    0.308461355933928409E+02    0.591328448257032324E+01    0.677268487650298923E+01    0.137444144504165902E-02
    0.406574984147581992E-03   -0.706319770261130816E+04    0.306276834997601064E+02    0.881966630444311228E+01    0.921679154079309804E+01    0.133260222006263912E-02
    0.402644832263515662E-03   -0.706321827558935092E+04    0.548828463813104506E+02    0.122309326015114230E+02    0.605767745674044988E+01    0.133802935759185339E-02
    0.419134475901379382E-03   -0.706333854948826502E+04    0.860521453473513986E+01    0.132946858734545934E+02    0.261499131394559914E+01    0.258481478730945456E-02
    0.422455362977762938E-03   -0.706339433344457848E+04    0.381304508681007022E+02    0.100035667498765743E+02    0.731990081043404217E+01    0.128441663720082469E-02
    0.424572372452106713E-03   -0.706344433082149499E+04    0.165583192517596558E+02    0.877089780827389198E+01    0.146945399170968578E+02    0.127072707861183637E-02
    0.465292829486549289E-03   -0.706366749975809034E+04    0.250906334164534925E+02    0.624047795893200785E+01    0.246094561172409598E+02    0.121072840754641838E-02
    0.465635349710900317E-03   -0.706370897149456778E+04    0.168266185649450044E+02    0.279963345734497526E+01    0.656316336044595072E+01    0.120018564567279029E-02
    0.462366779155661022E-03   -0.706373488280244146E+04    0.253902918331193348E+02    0.753478581636737044E+01    0.125071153002436084E+02    0.119172084457501394E-02
    0.546901673489631496E-03   -0.706411070392226702E+04    0.145062246111336517E+02    0.105289439552420845E+02    0.716077905687456795E+01    0.107746662566354139E-02
    0.541084280996060999E-03   -0.706412931596993258E+04    0.400054419679340434E+01    0.100833705673292879E+02    0.605726078027241144E+01    0.108322001873241902E-02
    0.537754141219333849E-03   -0.706415696879992083E+04    0.164499997233549067E+02    0.161546106872544435E+02    0.669337340546826809E+01    0.106621225958008397E-02
    0.544544827012391291E-03   -0.706422206639348497E+04    0.413935169820725868E+01    0.342796265196036920E+01    0.148594980965033585E+02    0.103747075648835283E-02
    0.535176283786363604E-03   -0.706422735825171276E+04    0.186018131115912482E+02    0.726261848050253711E+01    0.122920830653022293E+02    0.103558574599596108E-02
    0.538633121377324049E-03   -0.706428023520926581E+04    0.189625148915611561E+02    0.175548346042210035E+02    0.781016447100420752E+01    0.101724237078008395E-02
    0.538036924467887967E-03   -0.706431802024295303E+04    0.211257669318000794E+02    0.184685859146973996E+01    0.137766369197753988E+02    0.100234673474109770E-02
    0.564719809974214312E-03   -0.706445482525484294E+04    0.232731002149752584E+02    0.695499450560721311E+01    0.129048508154802732E+02    0.948246051618957617E-03
    0.595466793134926016E-03   -0.706460085711014563E+04    0.267072437068201900E+02    0.536698895985808200E+01    0.690485254989925679E+01    0.543159072525969261E-05
    0.599923156190719791E-03   -0.706465576900965698E+04    0.146601129665998009E+01    0.793989970151548619E+01    0.112911570140319277E+02    0.856674132823531231E-03
    0.591029163787841982E-03   -0.706466589658705834E+04    0.280010857830692181E+02    0.113946425005812078E+02    0.908985965356032111E+01    0.851597101389611495E-03
    0.584802497433712536E-03   -0.706468471421966751E+04    0.261671520116640579E+02    0.423974143292503669E+01    0.128735190416484784E+02    0.841816986026716878E-03
    0.574017164889061840E-03   -0.706468748446138034E+04    0.609252415781885759E+01    0.553478763450044120E+01    0.134121959702394129E+02    0.840366941349767176E-03
    0.569046967852485032E-03   -0.706471009181221143E+04    0.332859925302333153E+02    0.954246819895409182E+01    0.618909610766681606E+01    0.465122845352918847E-04
    0.558431354425210609E-03   -0.706471242926235300E+04    0.158659499678583185E+02    0.116995909099198734E+02    0.423205544442839798E+01    0.130539709151739373E-02
    0.548575496746939737E-03   -0.706471681568654731E+04    0.261336740098912372E+02    0.240392802550317057E+02    0.984758701507692535E+01    0.824720006338183157E-03
    0.553816799238849092E-03   -0.706477583375118684E+04    0.310493492239653435E+02    0.693112471260769247E+00    0.116842250884818561E+02    0.791071785218642239E-03
    0.543841628678809626E-03   -0.706477948202309744E+04    0.205359298793713307E+02    0.821572823270447294E+01    0.691198883063064429E+01    0.792374165343618774E-03
    0.542071852237458645E-03   -0.706481296298437428E+04    0.102012316647322159E+02    0.448437837315866172E+01    0.885131891889517242E+01    0.768254579740796934E-03
    0.537860774605554643E-03   -0.706483736534848140E+04    0.327111226199533434E+02    0.136474936895879768E+02    0.203668831404046564E+02    0.752280615618807370E-03
    0.531423858074488902E-03   -0.706485328571957598E+04    0.158815894484854638E+02    0.397718649947129377E+01    0.115382302733052917E+02    0.741448146446505117E-03
    0.525828429096893645E-03   -0.706487211581987049E+04    0.166701920404805826E+01    0.403422520223755043E+01    0.750133418416137410E+01    0.156843210401910564E-03
    0.518207735829461077E-03   -0.706488291825423312E+04    0.670357116723142976E+01    0.823199201507025791E+01    0.970081856174948243E+01    0.720213627481731001E-03
    0.510049878420903882E-03   -0.706489118290518309E+04    0.251881789664125009E+02    0.114571752821080697E+01    0.629921748931205538E+01    0.715963427902358961E-03
    0.503579253928345999E-03   -0.706490564807323244E+04    0.196872296578326740E+02    0.868656797980193573E+01    0.593587888251164131E+01    0.733086334838671094E-03
    0.497640057819799444E-03   -0.706492191994212862E+04    0.188641332482956692E+02    0.714013852902010182E+01    0.117322074184725409E+02    0.195322265264149999E-03
    0.493273680645797338E-03   -0.706494429416799812E+04    0.417443861024397300E+01    0.840897310108578644E+01    0.163446040274419850E+02    0.214325724906583564E-03
    0.484247868847646377E-03   -0.706494735966434655E+04    0.869345564886635636E+01    0.461508121803453264E+01    0.940064792896008683E+01    0.667338762811246853E-03
    0.481555525038103915E-03   -0.706497620894443480E+04    0.129879208233067747E+02    0.587132675854268449E+01    0.171971045419880681E+02    0.244641593086138229E-03
    0.473435333199238514E-03   -0.706498219652443277E+04    0.774913920083142749E+01    0.348739723050379302E+01    0.785248410085360682E+01    0.633323240547922165E-03
    0.465698676392491454E-03   -0.706498924347725006E+04    0.312158245839753157E+02    0.735844143172793785E+01    0.179928543963947085E+02    0.625114146965549070E-03
    0.459760913330728243E-03   -0.706500357906313093E+04    0.289602669029287902E+02    0.156178596727427674E+02    0.722675058054902397E+01    0.615503918782412448E-03
    0.450661750949083340E-03   -0.706500359998209569E+04    0.945707951347788978E+01    0.348501922979205370E+01    0.930626258174112664E+01    0.608284960973038292E-03
    0.441834201227437706E-03   -0.706500403526438186E+04    0.168797864476299466E+02    0.125268319949224143E+02    0.950579139511781790E+01    0.607791902642681407E-03
    0.434865700567463244E-03   -0.706501224035984524E+04    0.284578675429482360E+02    0.136941827058390579E+02    0.915310761996050459E+01    0.285769665147146083E-03
    0.428337576056780391E-03   -0.706502198908926584E+04    0.102777940761545565E+02    0.290393416727235554E+01    0.133907879257218774E+02    0.299191405592752393E-03
    0.420266815198652320E-03   -0.706502394542937691E+04    0.282065549720831754E+02    0.133109283854790341E+02    0.599975273705517331E+01    0.237835017420202476E-03
    0.412165424466306594E-03   -0.706502501543057679E+04    0.264328413231604884E+02    0.932122598951193382E+01    0.111161430101002452E+02    0.303564296161816082E-03
    0.404064634871593162E-03   -0.706502531556660051E+04    0.168163520715016972E+02    0.119884714949448110E+02    0.112025470142693351E+02    0.304005587110153883E-03
    0.396588271850519436E-03   -0.706502796314948955E+04    0.351733732524037457E+01    0.138539087788975053E+02    0.585296982644018726E+01    0.670272057446847595E-03
    0.389340948749698659E-03   -0.706503107673100658E+04    0.115872705457746576E+02    0.101077259693723409E+02    0.752012931079153635E+01    0.309167294674235048E-03
    0.381746819444932185E-03   -0.706503168108676164E+04    0.572497795653621111E+01    0.757761056059542959E+01    0.710230894111522026E+01    0.575469164097248704E-03
    0.376612920430034943E-03   -0.706504460170912716E+04    0.216840179083014490E+02    0.178953301071155444E+02    0.785024439473323543E+01    0.332266338105818414E-03
    0.370111144128549055E-03   -0.706504977256179427E+04    0.174330927566032514E+02    0.493046817025002149E+01    0.797693865202947361E+01    0.345797521795420792E-03
    0.363301523641997991E-03   -0.706505263212788668E+04    0.179890736630717036E+02    0.908675845965259477E+01    0.136878119437056895E+02    0.529296063760153254E-03
    0.356298384612456368E-03   -0.706505370293929354E+04    0.346496618205335380E+02    0.707012223651399907E+01    0.655338744543780471E+01    0.334766131980847922E-03
    0.349302142569287767E-03   -0.706505404043303679E+04    0.224331855689643049E+02    0.106255252363117840E+02    0.104859688862627873E+02    0.356433710837272908E-03
    0.342596560468436768E-03   -0.706505527295434604E+04    0.730285551643394992E+01    0.962366865718713527E+01    0.101941872558807027E+02    0.359425873381635699E-03
    0.336018020173180503E-03   -0.706505649544164589E+04    0.197692876176527150E+02    0.152517222669952588E+02    0.864542281397573831E+01    0.361549336407551627E-03
    0.329989296427669020E-03   -0.706506028629939374E+04    0.542038341234535537E+00    0.583342948309532527E+01    0.842887505035959705E+01    0.510097442475775358E-03
    0.323500348779804953E-03   -0.706506056624583016E+04    0.965103099803376452E+01    0.115396874350646463E+02    0.758747254891491973E+01    0.367100313839369401E-03
    0.317634799537554668E-03   -0.706506397044906589E+04    0.189554820736536627E+02    0.487113326037663263E+01    0.882651444461797929E+01    0.384808490389314164E-03
    0.311581578242259532E-03   -0.706506548824637775E+04    0.261211432919187381E+02    0.145577152079058472E+02    0.795978491842600988E+01    0.385647088167313540E-03
    0.305420190018468774E-03   -0.706506554286301889E+04    0.128127394531910728E+02    0.117636628149593463E+02    0.689698387519846445E+01    0.519344915080105583E-03
    0.299396279351160752E-03   -0.706506570195144286E+04    0.249050823495858182E+02    0.120325964357750426E+02    0.563138501280930726E+01    0.649693722273226703E-03
    0.293562829993915372E-03   -0.706506634923743513E+04    0.116044297303824795E+02    0.385992755287246059E+01    0.950788887714484865E+01    0.394483835231223320E-03
    0.287841560789504512E-03   -0.706506698624687579E+04    0.165207631184113879E+02    0.665697696938067018E+01    0.121325827000953943E+02    0.484732671873871947E-03
    0.282440127210751765E-03   -0.706506909903975429E+04    0.103951009688106026E+02    0.355571583501417932E+01    0.878040298761913363E+01    0.408307735376115585E-03
    0.276918148531803197E-03   -0.706506960980137137E+04    0.162375475148882380E+02    0.140906305017148448E+02    0.745677384641531216E+01    0.393179644544528872E-03
    0.271709377254287187E-03   -0.706507163191986456E+04    0.107719366316615606E+02    0.703775734219865967E+01    0.200099568721832348E+02    0.444294772041482853E-03
    0.266654294890672169E-03   -0.706507407194918687E+04    0.188541780076706047E+02    0.902270731317953967E+01    0.685123173888170367E+01    0.485597338545147150E-03
    0.261706135474081014E-03   -0.706507661036955233E+04    0.127738818361788216E+02    0.130191937764530685E+02    0.716728099776617977E+01    0.421896672454259106E-03
    0.257236918055185517E-03   -0.706508216090241967E+04    0.283860264552552835E+02    0.122588029320211973E+02    0.647418673358092001E+01    0.503469095071394212E-03
    0.257302944574742205E-03   -0.706512267418836473E+04    0.287307275634266759E+02    0.148268672389752201E+02    0.371129896805875470E+01    0.181068648989382184E-02
    0.254342946285315960E-03   -0.706513953293879513E+04    0.360551269572987110E+02    0.138164592338922922E+02    0.568755203544496801E+01    0.323044465847470170E-03
    0.265378253150740800E-03   -0.706526447821894271E+04    0.168670747925932041E+02    0.385640245146630134E+01    0.469468237597676641E+01    0.487901931320034333E-03
    0.261874209231955919E-03   -0.706527789440372453E+04    0.202345071056867383E+02    0.189545484683992456E+02    0.547857445327373505E+01    0.494068176700066756E-03
    0.256942972337680933E-03   -0.706527987418716748E+04    0.944472476243860193E+01    0.827752832073794664E+01    0.494588585983663087E+01    0.282053297498297256E-03
    0.255133305982745812E-03   -0.706530573821590497E+04    0.132270383206960442E+02    0.975524001692953036E+01    0.418491612095197318E+01    0.111010537549508523E-02
    0.252589896218098707E-03   -0.706532570028161990E+04    0.809275761189731924E+01    0.138408593956463548E+02    0.514315978767969817E+01    0.592340615870689310E-03
    0.249274683240688377E-03   -0.706533927672964364E+04    0.144427606082273012E+02    0.113325397674327633E+02    0.508554385610571380E+01    0.498296131706944031E-03
    0.255211563396477942E-03   -0.706542635158477788E+04    0.105093830451460022E+02    0.787047814240241816E+01    0.476727789311872030E+01    0.398238664125580896E-03
    0.254369737373837991E-03   -0.706545974359671254E+04    0.103325271071746059E+02    0.695863670642839871E+01    0.465787398559242227E+01    0.400954232971475252E-03
    0.267715917585184668E-03   -0.706560201868024706E+04    0.113881020807345621E+02    0.136659362734289971E+02    0.456684564070080157E+01    0.829491931034549278E-03
    0.270647447940355109E-03   -0.706566379994931231E+04    0.135717493003159504E+02    0.988634623821613623E+01    0.455472520645129286E+01    0.612403956002919702E-03
    0.272085898727676950E-03   -0.706571440150283252E+04    0.162303075866649031E+02    0.432452220675939358E+01    0.364059264021444839E+01    0.107946102372723273E-02
    0.267095733008122478E-03   -0.706571738015111714E+04    0.280398296454549900E+02    0.552030696109133245E+01    0.402063118994180435E+01    0.823926167973703088E-03
    0.277600271520397337E-03   -0.706583453027512314E+04    0.849530448121780779E+01    0.903788288324472155E+01    0.425340316455040757E+01    0.808600854138853426E-03
    0.288870304593961426E-03   -0.706595412149036474E+04    0.148481563611005480E+02    0.136583822721273336E+02    0.443630913988318909E+01    0.762545663243725021E-03
    0.288113569086422027E-03   -0.706598887534068217E+04    0.190671724454895610E+02    0.184716774945068529E+02    0.468978516447620386E+01    0.337282870134658717E-03
    0.320360337901284212E-03   -0.706624105869807954E+04    0.549532127711378582E+01    0.927432116715388588E+01    0.422816966492054114E+01    0.553497558901894834E-03
    0.341527321782873349E-03   -0.706640902122372245E+04    0.336555173592773968E+02    0.442169896737957480E+01    0.370347747805512073E+01    0.667007659653010444E-03
    0.367491231301345653E-03   -0.706659556477758724E+04    0.740306323367005348E+01    0.144442224332543177E+02    0.395652541997918572E+01    0.120793574566363136E-02
    0.363683051895507430E-03   -0.706661473136520908E+04    0.210480788374673793E+02    0.109910137851234548E+02    0.408301392507612704E+01    0.129271999844241935E-03
    0.358654350469739085E-03   -0.706662688408690974E+04    0.266404491863891018E+02    0.418914549560399596E+01    0.364441065500663175E+01    0.500073294530142213E-03
    0.379457805888170306E-03   -0.706677965267610762E+04    0.140072988957211937E+02    0.451685024352881115E+01    0.354964689327711280E+01    0.797786517197058166E-03
    0.382598068467825049E-03   -0.706683613587877153E+04    0.252402565095674518E+02    0.141328692693693085E+02    0.412085165252167496E+01    0.681434024314619621E-04
    0.429000904478355459E-03   -0.706710508391619351E+04    0.353504322158201063E+02    0.877879242041042751E+01    0.387840376242649931E+01    0.528850848724136523E-03
    0.436659793945165194E-03   -0.706718047463835228E+04    0.157632116374611400E+02    0.173940001349728632E+02    0.423077431907760015E+01    0.475691722546922342E-03
    0.446387287567118467E-03   -0.706726453972763829E+04    0.397370191544391638E+01    0.319709866284599764E+01    0.300185604451333088E+01    0.122867674573866803E-02
    0.521408558307936455E-03   -0.706761523369257429E+04    0.222974291562748377E+02    0.152088085798407064E+02    0.377106274530725472E+01    0.125950179599939585E-02
    0.534634076726867350E-03   -0.706770533094995517E+04    0.855017993142399746E+01    0.464235611451871932E+01    0.266875333328186004E+01    0.192006894823323849E-02
    0.554567168028179645E-03   -0.706781854172577459E+04    0.279993438913022565E+02    0.114707436512753240E+02    0.384088457119886195E+01    0.213036374220014566E-03
    0.552960175661466402E-03   -0.706785273782936110E+04    0.280409744419530398E+02    0.557898295714917580E+01    0.322923700420810977E+01    0.122069153311829244E-02
    0.555251090528249705E-03   -0.706790100671526761E+04    0.322612828135346490E+02    0.562181341782127220E+01    0.344769865306064327E+01    0.660060406947607630E-03
    0.553056309486796988E-03   -0.706793308550528400E+04    0.375171017151081543E+02    0.159924970032087188E+02    0.339645035511019522E+01    0.190473190573320133E-02
    0.617141322190044696E-03   -0.706819236195163558E+04    0.630242516056488977E+01    0.583664678647906765E+01    0.281056379693512826E+01    0.182055556430611243E-02
    0.667052003605386398E-03   -0.706838790188026269E+04    0.552581119498678941E+01    0.693881790579631463E+01    0.235891230427047649E+01    0.133930401051455183E-02
    0.710318543630735193E-03   -0.706855359290650358E+04    0.383571944189221625E+02    0.145090240158722033E+02    0.335905180860472719E+01    0.178307796945980116E-02
    0.760411040871643643E-03   -0.706872988412231916E+04    0.210451746441792267E+02    0.565550600096974154E+01    0.329893461447010550E+01    0.930590004057170635E-04
    0.824153355671659979E-03   -0.706893087910934992E+04    0.243641028232709722E+02    0.927037409514718291E+01    0.219116555781448019E+01    0.636766809680696603E-03
    0.818863482859459200E-03   -0.706895800062638773E+04    0.175516371834877347E+02    0.184342507968903320E+02    0.270693214811061678E+01    0.239603822189230148E-02
    0.873468683450485082E-03   -0.706912711041591774E+04    0.237697339170553725E+02    0.104464555679114532E+02    0.340224648002738750E+01    0.122793497422821500E-02
    0.857617465862639018E-03   -0.706913048217383403E+04    0.116503859281185811E+02    0.102396482015756263E+02    0.351795589161282685E+01    0.899777635275282508E-03
    0.884047183255351108E-03   -0.706923118673353292E+04    0.101095387623212858E+02    0.635070766311523638E+01    0.316392965377561541E+01    0.113752925006400116E-02
    0.969893172117267479E-03   -0.706945653772884907E+04    0.999522449134857283E+01    0.800804048706579508E+01    0.297715138723061390E+01    0.170949936229425033E-02
    0.968538994164782957E-03   -0.706949374335059565E+04    0.217302094234664480E+02    0.180864201404648810E+02    0.348196900393494513E+01    0.161827727592945636E-02
    0.102207258369894026E-02   -0.706964134144060699E+04    0.285226778962349954E+02    0.113294056007290180E+02    0.356931024108081862E+01    0.471921218838961421E-03
    0.105560615081154441E-02   -0.706974590672456270E+04    0.234869964271452503E+01    0.704396257257309433E+01    0.328592002164781327E+01    0.585368436262691510E-03
    0.104251601180010566E-02   -0.706976095048685147E+04    0.106469865030806012E+02    0.587254919546482768E+01    0.274853558885249116E+01    0.172845557818375331E-02
    0.110207899885283967E-02   -0.706991207320954527E+04    0.139014301689086128E+02    0.326414568306090525E+01    0.268809066545405706E+01    0.121241914183244049E-02
    0.122628395997782824E-02   -0.707016565327099488E+04    0.352825859384340923E+01    0.719325937678802774E+01    0.251904968664913476E+01    0.119357649657128280E-02
    0.129813865176458924E-02   -0.707031953928386065E+04    0.186269272415699909E+02    0.160461441041523649E+02    0.365717998576031844E+01    0.140652783383889667E-03
    0.136923517062069065E-02   -0.707046618104828303E+04    0.129840033768288841E+02    0.101202269358049293E+02    0.232649836287882783E+01    0.929797873514182863E-03
    0.136727006357138412E-02   -0.707050330861469502E+04    0.915254444148147783E+01    0.413842257294942328E+01    0.273140129489866679E+01    0.124123601830566704E-02
    0.134120318367919101E-02   -0.707050481063834650E+04    0.783131627729092283E+01    0.519571867552715805E+01    0.303902234292294837E+01    0.105701662990720629E-03
    0.163911214417173886E-02   -0.707094598585909262E+04    0.250251180839591925E+02    0.120820026795047788E+02    0.322818446803388248E+01    0.142198623195753529E-02
    0.164928922617322248E-02   -0.707099836526579929E+04    0.196442057867404110E+02    0.111557788631240022E+02    0.236991275615435493E+01    0.143408628527576200E-02
    0.161976928273069808E-02   -0.707100224386169339E+04    0.236296103350947426E+02    0.194341240016136396E+01    0.244162507679535778E+01    0.374374105654461976E-04
    0.161220584857683382E-02   -0.707103288308674473E+04    0.116730594505979788E+02    0.344831333137672980E+01    0.219236531754841080E+01    0.148375728923153634E-02
    0.158935430789969388E-02   -0.707104433209580930E+04    0.727745948459026337E+01    0.525907837830084812E+01    0.258915156598508345E+01    0.153866185940331563E-02
    0.161963073308703590E-02   -0.707112207278106962E+04    0.199036015106519955E+02    0.171145680933196829E+02    0.353648585476056887E+01    0.101960551356039585E-02
    0.164717586126530285E-02   -0.707119580086406404E+04    0.141843816175985200E+02    0.148450215180575462E+01    0.227189058318738235E+01    0.563753695816274995E-03
    0.161897308233542115E-02   -0.707120126051652824E+04    0.237831041294864391E+02    0.132743038909514581E+02    0.347111506355321575E+01    0.609614717481211672E-03
    0.159281330431440874E-02   -0.707120868007265835E+04    0.206765867899329088E+02    0.750352511402853661E+01    0.317385299334924031E+01    0.558749708323464430E-03
    0.160240198741770689E-02   -0.707126068391091303E+04    0.356528806884076914E+02    0.150939351647559441E+02    0.343211606270165781E+01    0.109742688754476325E-02
    0.163185945728424155E-02   -0.707133711669157128E+04    0.217662429527998924E+02    0.581904525690039431E+01    0.255480684693652282E+01    0.180436509492013430E-02
    0.161941495395179604E-02   -0.707136180630858780E+04    0.410958926587028444E+02    0.844793634976574381E+01    0.278829680087383647E+01    0.185794970021901972E-02
    0.164799887020992139E-02   -0.707143679991149384E+04    0.204727097743940405E+02    0.697951111129336610E+00    0.174031910463799244E+01    0.383530545965299428E-03
    0.174956877325431947E-02   -0.707159641510419806E+04    0.665470267560158746E+01    0.701568429865901688E+01    0.305751785754105665E+01    0.788385437815791821E-03
    0.174928263906687408E-02   -0.707163608798634777E+04    0.137771578452300414E+02    0.163852723085709329E+02    0.253598844840662885E+01    0.133570715094971605E-02
    0.195446603876324974E-02   -0.707189791047998278E+04    0.192920791068747093E+02    0.195055652460079365E+02    0.362005434274275739E+01    0.430321524648195983E-03
    0.201950438168768329E-02   -0.707200338067104076E+04    0.164373221805609511E+02    0.103041342084872269E+02    0.315966866724174178E+01    0.111299514390358597E-02
    0.206197876487999214E-02   -0.707208500859408286E+04    0.239207842141138620E+02    0.959161884035414758E+01    0.287646002776125664E+01    0.170363354032584654E-02
    0.227536465250070515E-02   -0.707232195707236770E+04    0.458216606921303082E+02    0.891965526182281998E+01    0.313894576053100938E+01    0.451437951985386200E-04
    0.227986984380672665E-02   -0.707236591313019835E+04    0.867149243547750181E+01    0.162040288780349435E+02    0.343253491237824981E+01    0.873037474535289220E-03
    0.226241567517992482E-02   -0.707239054267014126E+04    0.327876146255349141E+02    0.934680243906393571E+01    0.295832495510810523E+01    0.145273106831137052E-02
    0.240860342027697950E-02   -0.707255577059136431E+04    0.183074762001225650E+02    0.155229107651280813E+02    0.252066805994608778E+01    0.147153337124381620E-02
    0.255042527568206771E-02   -0.707271019665970834E+04    0.143500014542766721E+02    0.374978363316498831E+01    0.252464759360406221E+01    0.105994048983058592E-02
    0.261156823437887556E-02   -0.707279757821357725E+04    0.988249202324632314E+01    0.765336215022017363E+01    0.258717811695360034E+01    0.157355207972251264E-02
    0.256294037090965552E-02   -0.707279998678314769E+04    0.436701413580299089E+02    0.117400678301369688E+02    0.236172621117376291E+01    0.145953633349647218E-02
    0.256588027048703250E-02   -0.707284227962987006E+04    0.320984195575761504E+02    0.408119406780198091E+01    0.231301294827215420E+01    0.154646611837497760E-02
    0.253599992254724925E-02   -0.707285885243169196E+04    0.735907581326453819E+01    0.135575888559754443E+02    0.257081585299727022E+01    0.958905287122028323E-03
    0.255009168280624643E-02   -0.707290993504475591E+04    0.797078920232963739E+01    0.989301895898478101E+01    0.316741137507134018E+01    0.333391690422666243E-03
    0.252930575108769456E-02   -0.707293356613642118E+04    0.151200792794507066E+02    0.315936189909955178E+01    0.198042333928921277E+01    0.276652738957854170E-03
    0.255698564534074602E-02   -0.707299533458447604E+04    0.592830061348704795E+01    0.719132844964845575E+01    0.288317753047107717E+01    0.917747129980309075E-03
    0.251330754501193640E-02   -0.707300087568501203E+04    0.178567401911082904E+02    0.106945800339791237E+02    0.270928904484676192E+01    0.185323085975737769E-02
    0.252625948767961272E-02   -0.707305115591035701E+04    0.390962061230633893E+02    0.931223528071108575E+01    0.300691669919234617E+01    0.116035503416316759E-02
    0.251801215061786933E-02   -0.707308461594185246E+04    0.114994631780193881E+02    0.909655246980543275E+01    0.305387140042320171E+01    0.877261925481174609E-03
    0.249483677891468650E-02   -0.707310612303520611E+04    0.727273160416207265E+01    0.858733732718929410E+01    0.303974062280291379E+01    0.706220530371671085E-03
    0.249001875676907632E-02   -0.707314225690619878E+04    0.134904563553321317E+02    0.137028254520485966E+02    0.268629194735930543E+01    0.183669426864380798E-02
    0.253040953758573370E-02   -0.707321443874403030E+04    0.278672542205788076E+01    0.164974089371847477E+02    0.284289118317736955E+01    0.426551551445996779E-03
    0.248693602112470434E-02   -0.707321977929796140E+04    0.285930659997661323E+02    0.469391086397380963E+01    0.202634288250706796E+01    0.178811476371480964E-03
    0.254998350330427241E-02   -0.707330985019933814E+04    0.321525215210438802E+02    0.141530205575796675E+02    0.266380374897508698E+01    0.204452868394966068E-02
    0.288142982798719706E-02   -0.707359424969762313E+04    0.170350238677395396E+02    0.309257404482873133E+01    0.240887759811235469E+01    0.754207692100695559E-03
    0.297026534010272087E-02   -0.707369497899747603E+04    0.165696532344055605E+02    0.152125547917201907E+02    0.332125714758693702E+01    0.676628977558069947E-03
    0.303540801743408572E-02   -0.707377836812532587E+04    0.255044876036095474E+02    0.217003209257690415E+02    0.350276271341562184E+01    0.817603422003502535E-04
    0.305861510398236112E-02   -0.707383360088586596E+04    0.985267791304959317E+01    0.152198493203509635E+02    0.331641235621572283E+01    0.130931855644318348E-03
    0.309875348308228868E-02   -0.707389967627641363E+04    0.122254274548038619E+02    0.720896363021127762E+01    0.232226592840735213E+01    0.942019811971236878E-03
    0.308741297632321226E-02   -0.707393234345112523E+04    0.273739144872001887E+02    0.619358003748031738E+01    0.213138965056386809E+01    0.350632628542766906E-03
    0.325885450241777562E-02   -0.707408042792763172E+04    0.133996540869370868E+02    0.175293102726518946E+02    0.305509537305039958E+01    0.167736091296607224E-02
    0.323310282919501632E-02   -0.707410456102834451E+04    0.314040974173490319E+02    0.167075751423361076E+02    0.303201365688729041E+01    0.173824376324918520E-02
    0.320158404466802530E-02   -0.707412496782219478E+04    0.374220760695447723E+02    0.797892136525172369E+01    0.293447050870635628E+01    0.705000802422286934E-03
    0.314288900896588170E-02   -0.707412796130655988E+04    0.135795730207988150E+02    0.131541460372669938E+02    0.307035135444944762E+01    0.125868625046235113E-02
    0.318134705774714708E-02   -0.707419228583994936E+04    0.384209605040853717E+02    0.558990718856096258E+01    0.233377375736270887E+01    0.152744367458842794E-02
    0.329299729633625261E-02   -0.707430127278434429E+04    0.478817825931587748E+01    0.924558696833918425E+01    0.297130391605853816E+01    0.305030714510116843E-03
    0.327871882743819469E-02   -0.707433258190902507E+04    0.197634517339661002E+02    0.871438754154933193E+01    0.272499757878172133E+01    0.146207789868901860E-02
    0.323946629575845406E-02   -0.707434849360503358E+04    0.269631401109124695E+02    0.579698478074299040E+01    0.234974359085446238E+01    0.144986529766414534E-02
    0.317997214798838900E-02   -0.707435142129614360E+04    0.153805222358101332E+02    0.109887864532134643E+02    0.310569153247340513E+01    0.524115281173622490E-03
    0.312636291630083874E-02   -0.707435741706227691E+04    0.243672014726436714E+02    0.950542627046693056E+01    0.228175162642475060E+01    0.425053495280282388E-03
    0.322400090753384308E-02   -0.707445892263189944E+04    0.302599266025005171E+02    0.626582233978965508E+01    0.266217682798625743E+01    0.115526141053822482E-02
    0.317342618501410779E-02   -0.707446730005900554E+04    0.634242814738982918E+01    0.467280137524095895E+01    0.247846100113281853E+01    0.501781135955413782E-03
    0.311990790660734941E-02   -0.707447328338816988E+04    0.210565268086758373E+02    0.166144537252959275E+02    0.314611178478837150E+01    0.137823039502147976E-02
    0.306838955054037363E-02   -0.707447998211480353E+04    0.905404141808592655E+01    0.591449553015953544E+01    0.243916663461951977E+01    0.102806214971684238E-02
    0.323859969332554454E-02   -0.707462795850555176E+04    0.323773483455002093E+02    0.197955034085765220E+02    0.259035988534382344E+01    0.149462904899389350E-02
    0.333166840399135109E-02   -0.707472462282110882E+04    0.255275952299512419E+02    0.997411240466096416E+01    0.233805348679581471E+01    0.947063903717723209E-03
    0.344259101528519591E-02   -0.707483012519960175E+04    0.305649099789068828E+02    0.113245084207117443E+02    0.291973659082441728E+01    0.133537096373151408E-02
    0.366418548681454650E-02   -0.707499488855894651E+04    0.911477692429779474E+01    0.434826427645224811E+01    0.228109632997209522E+01    0.399879123615002035E-03
    0.380689383050800178E-02   -0.707511130359771232E+04    0.218511044445562810E+02    0.176227643007079813E+02    0.330959631904705498E+01    0.251768870385361745E-03
    0.377242500209372085E-02   -0.707513311248222726E+04    0.107075252607437079E+02    0.534676661631357764E+01    0.230200488363198863E+01    0.643692748625976276E-03
    0.378580005831588269E-02   -0.707518019090081179E+04    0.197987135311646192E+02    0.146782838574586698E+02    0.320214973587387775E+01    0.181392058198389088E-03
    0.376867042697137970E-02   -0.707521112095435547E+04    0.146127491438022989E+02    0.549824942155278951E+01    0.224152521741496802E+01    0.642615790682896353E-03
    0.371759783450370442E-02   -0.707522383185220406E+04    0.141702555031799875E+02    0.642120838367184987E+01    0.267069620382592765E+01    0.828975547053073438E-03
    0.399622593382036474E-02   -0.707540837721799016E+04    0.286256382706320807E+02    0.938904694721157540E+01    0.282464530206433073E+01    0.114962151307435858E-02
    0.398444541455851998E-02   -0.707544247268825620E+04    0.285443141165945065E+02    0.684858161488214723E+01    0.273604587012084188E+01    0.735758723284631825E-03
    0.412144339147817087E-02   -0.707555008329911379E+04    0.804366209565207413E+01    0.689149559454591554E+01    0.269217166992498003E+01    0.452178203179990756E-03
    0.406027741357990832E-02   -0.707556017901911855E+04    0.180159989755786647E+02    0.471886590389086713E+01    0.215838474192886176E+01    0.220137316991645630E-03
    0.416402645885300890E-02   -0.707565064142947176E+04    0.293426362177563078E+02    0.145756580696012339E+02    0.296853013341703376E+01    0.142510582861132612E-02
    0.418193976314859030E-02   -0.707569922681375283E+04    0.412503465161099214E+01    0.128289359611887335E+02    0.282626101699744803E+01    0.524650654137920249E-03
    0.416311369039029568E-02   -0.707573020297475614E+04    0.262098999245564528E+02    0.127813393479051634E+02    0.307414453181903280E+01    0.683773496465881359E-03
    0.427039103730043543E-02   -0.707582108722136309E+04    0.260164014705558841E+02    0.148666040167789770E+02    0.281092873667589815E+01    0.166647580063465422E-02
    0.427532324791055681E-02   -0.707586339584577672E+04    0.196164109478554138E+02    0.161922086583849243E+02    0.320998520574648838E+01    0.233138102380535828E-03
    0.425295081885187273E-02   -0.707589290252428964E+04    0.137937272028854974E+02    0.126786438004739743E+02    0.270244887920867427E+01    0.141937045066978370E-02
    0.432112852276783990E-02   -0.707596470962015064E+04    0.541960834140984815E+02    0.121392863693194535E+02    0.271490289678759300E+01    0.164610442003266166E-02
    0.472245653883692201E-02   -0.707618233465432877E+04    0.372024670329217457E+02    0.712431715869019122E+01    0.273385485543344675E+01    0.234474305697130510E-03
    0.466735679845813999E-02   -0.707619886225041864E+04    0.215735003028116346E+02    0.166184494940989573E+02    0.303965405915713127E+01    0.130783468984249163E-02
    0.461859146932839040E-02   -0.707621785598330553E+04    0.341923462245249183E+02    0.877797795145424509E+01    0.267550446845578405E+01    0.124786660959064774E-02
    0.455029393114690390E-02   -0.707622806008188127E+04    0.321391167021325543E+02    0.134888909895883806E+02    0.308195080590550230E+01    0.551000449234635443E-03
    0.446317491778432107E-02   -0.707622939717512509E+04    0.314570151347784801E+02    0.154688764026579655E+02    0.313939682148049748E+01    0.732237398024370139E-03
    0.448964541313913272E-02   -0.707628122387174608E+04    0.259345913649652218E+02    0.898259416448898484E+01    0.285606723018597863E+01    0.346053397084096753E-03
    0.447860661268510794E-02   -0.707631630036781371E+04    0.125029335043639094E+02    0.608233315610971736E+01    0.255740769321576655E+01    0.192246422217197920E-04
    0.458175203420681503E-02   -0.707640183935001642E+04    0.151863974346965733E+02    0.135195927447919715E+02    0.268624435026565944E+01    0.137811045102819883E-02
    0.451128597040597896E-02   -0.707641084092049005E+04    0.178056040156212667E+02    0.117998302748617618E+02    0.275156221225382369E+01    0.133670670405295266E-02
    0.460112012968975567E-02   -0.707649027598023713E+04    0.239518910571133610E+02    0.573678052715660947E+01    0.227185368045220670E+01    0.786715232955233126E-03
    0.458657314857115455E-02   -0.707652394272864331E+04    0.127338698836103266E+02    0.914286320107618167E+01    0.252062006598028621E+01    0.957462723204364086E-03
    0.451513593902603486E-02   -0.707653254700907837E+04    0.348880361127560619E+02    0.845392887818405825E+01    0.278684675362064871E+01    0.796916723676266425E-05
    0.443276634930699163E-02   -0.707653572411411824E+04    0.255912816005199737E+02    0.131028226770763681E+02    0.299208822098172345E+01    0.909808819052208232E-03
    0.435097211200665811E-02   -0.707653847500794109E+04    0.210884789542659163E+02    0.136120240356006086E+02    0.277169970414546718E+01    0.146628280020547541E-02
    0.427474124212499137E-02   -0.707654312356442188E+04    0.537448669845797227E+02    0.476804475794160965E+01    0.212749282270444073E+01    0.627082656796552635E-03
    0.423115788634870899E-02   -0.707656262779481949E+04    0.122848929789911399E+02    0.908808663176224663E+01    0.247929749702190128E+01    0.778514177542633055E-03
    0.439434262936433916E-02   -0.707667831231475247E+04    0.243175250819960951E+02    0.147853291986007420E+02    0.292419891206079807E+01    0.132483629565237912E-02
    0.431366492203301161E-02   -0.707668125216507997E+04    0.157698369127422691E+02    0.807636097996084956E+01    0.235235545566538518E+01    0.185791057045730807E-03
    0.440954696325163761E-02   -0.707676522032914454E+04    0.169099189859126859E+02    0.112662060793733119E+02    0.292703501669205313E+01    0.582373743292030968E-04
    0.438038650965351384E-02   -0.707679195034904023E+04    0.175888765260567865E+02    0.493747240862175474E+01    0.229445662570463860E+01    0.367243511084936695E-03
    0.431534475555396275E-02   -0.707680203085631092E+04    0.328949673386429708E+02    0.124583296536042312E+02    0.288145267340060185E+01    0.115740365374607289E-02
    0.436329797508925275E-02   -0.707686413279507815E+04    0.198106613721849918E+02    0.117246788613416264E+02    0.242438263909400620E+01    0.212771112765858337E-03
    0.434191814254758675E-02   -0.707689430885722777E+04    0.999496287010144435E+01    0.126603986278473091E+02    0.257084657266302807E+01    0.398502472585958011E-03
    0.434611054704503192E-02   -0.707693623905565346E+04    0.426259710838767347E+02    0.944182452265910399E+01    0.283104433992588245E+01    0.925046841696920176E-04
    0.432252538501402134E-02   -0.707696535604226483E+04    0.310563347512295103E+02    0.631841870870254674E+01    0.222532541619040369E+01    0.361665704805550024E-03
    0.429532336497645984E-02   -0.707699273010223351E+04    0.213936726515910998E+02    0.214478618262783307E+02    0.327676842424873849E+01    0.627337625930109773E-03
    0.424319545277352002E-02   -0.707700830967946149E+04    0.209457121386462539E+02    0.112459516652873219E+02    0.241013112952754405E+01    0.203652528686234461E-03
    0.417525828822603012E-02   -0.707701602886328965E+04    0.292411662965744696E+02    0.132869795327753284E+02    0.294272879829480782E+01    0.101134183708697376E-02
    0.416746910576688140E-02   -0.707705229426458845E+04    0.298170389109647758E+02    0.101577738900297589E+02    0.285941156068140190E+01    0.822109538363971146E-04
    0.414379352311829759E-02   -0.707708089977605141E+04    0.162909335210573012E+02    0.129962863683035170E+02    0.262559353972159171E+01    0.119198593517255832E-02
    0.423580691390700211E-02   -0.707716482410867502E+04    0.278317442983236099E+02    0.483942960033121583E+01    0.236294551944215048E+01    0.441408131195834916E-03
    0.416008441541051033E-02   -0.707716874715209087E+04    0.210221453366478954E+02    0.718254283443709696E+01    0.240153801345619478E+01    0.847196350679043243E-03
    0.408214171213304444E-02   -0.707717091997989064E+04    0.124091303824096730E+02    0.815411752122538047E+01    0.243482054088674271E+01    0.208680200894231522E-03
    0.422564777101849288E-02   -0.707728002155490685E+04    0.467020561901855515E+02    0.122443093105852885E+02    0.282139879173842223E+01    0.120902096869233413E-02
    0.416890247899507488E-02   -0.707729298203299095E+04    0.938965211640209674E+01    0.145026500618957161E+02    0.266087502515471597E+01    0.626039936835831676E-03
    0.409732090513814304E-02   -0.707729834306433531E+04    0.198639804317483168E+02    0.981921381416698225E+01    0.267747819226857420E+01    0.104137685373389228E-02
    0.409721592183177451E-02   -0.707733829181882447E+04    0.917378294189890653E+01    0.164925888336594397E+02    0.294454603882455368E+01    0.102250628519465247E-02
    0.457631237965709300E-02   -0.707759946345268963E+04    0.196142821328842274E+02    0.977892511342892057E+01    0.241612661918268445E+01    0.448036310023986698E-03
    0.465207928165728771E-02   -0.707767230497362380E+04    0.194024727650832638E+02    0.971206695785757290E+01    0.250719013665212609E+01    0.915919200260469513E-03
    0.466330583284885712E-02   -0.707771712562526136E+04    0.273069325982463695E+02    0.130673782599083133E+02    0.292392375256107240E+01    0.792715787325104244E-03
    0.465553181775866382E-02   -0.707775378872116016E+04    0.189412487424253939E+02    0.629088878892819459E+01    0.242554830018296919E+01    0.190475686871081126E-03
    0.480616972468629177E-02   -0.707785747732333675E+04    0.275891723735114098E+02    0.694919796274394574E+01    0.239000897763300246E+01    0.732701848205939612E-03
    0.481364970266682200E-02   -0.707790058756029885E+04    0.405517486730195245E+02    0.137518657735033791E+02    0.295483964417295564E+01    0.750448902031220031E-03
    0.476742958795163020E-02   -0.707792129099803788E+04    0.113363315775974467E+02    0.116850416988205055E+02    0.276102755208015349E+01    0.706663361787308614E-03
    0.496234358528537759E-02   -0.707804143267198106E+04    0.164028249818142555E+02    0.178012070789231451E+02    0.310152826125094538E+01    0.515487808816569946E-03
    0.486476620901120024E-02   -0.707804171373718691E+04    0.140792966534998261E+02    0.120051364476566924E+02    0.274876315136362237E+01    0.868200688138790703E-03
    0.482616524804017292E-02   -0.707806578083526074E+04    0.210091248032493638E+02    0.123956382803340972E+02    0.288838916339856011E+01    0.559260781306856244E-03
    0.485345339530397768E-02   -0.707811705740329944E+04    0.233744113684739716E+02    0.926024855188287788E+01    0.239235685089109218E+01    0.132200166527100121E-03
    0.478091180284659183E-02   -0.707812693898371617E+04    0.380237990254240117E+02    0.901272352886962658E+01    0.252773718438885719E+01    0.104401006313145162E-02
    0.470068943819350153E-02   -0.707813309479349573E+04    0.100615624275427891E+02    0.121386702106299680E+02    0.280047764500138641E+01    0.427856131600319513E-03
    0.464183021448611247E-02   -0.707814789388211102E+04    0.253987863437666732E+02    0.168432541667943738E+02    0.257845655363058102E+01    0.829807302973363092E-03
    0.456201150362021968E-02   -0.707815320371057805E+04    0.238597640070501456E+02    0.113610269424999490E+02    0.243828494817119568E+01    0.182662481272722731E-03
    0.452899747657329634E-02   -0.707817867763443064E+04    0.869744263361545222E+01    0.191515437720741453E+02    0.310470144865460451E+01    0.323249345648157511E-03
    0.452037888089972233E-02   -0.707821486804670258E+04    0.255693441134127113E+02    0.672836457942207389E+01    0.245234375663053017E+01    0.444479417540678910E-03
    0.447107144884123335E-02   -0.707823293257488422E+04    0.163567279742485212E+02    0.121902557690757316E+02    0.283226374330752018E+01    0.656120294809011458E-03
    0.455687034436567853E-02   -0.707831094853943523E+04    0.301800804385101813E+02    0.134170438162292882E+02    0.291883843326703518E+01    0.642007862448638975E-03
    0.460711937987197395E-02   -0.707837288201628780E+04    0.356062022739918902E+02    0.224279547476178962E+02    0.270333283105698330E+01    0.128514084956364441E-02
    0.460620543918783317E-02   -0.707841248522546357E+04    0.269129284280012939E+02    0.104459878708634548E+02    0.274311844625875167E+01    0.673701503071568852E-03
    0.456810313882752110E-02   -0.707843587252092675E+04    0.393341256277992812E+02    0.971499185622321093E+01    0.246151295107249624E+01    0.952745862947769733E-03
    0.457940387430628374E-02   -0.707848081408203689E+04    0.148583246914958842E+02    0.157166876774290536E+02    0.299060428579920190E+01    0.136275766328769043E-03
    0.451464832987239027E-02   -0.707849233100872243E+04    0.258247882996487164E+02    0.120422958907681696E+02    0.247144649171400443E+01    0.499252275497723535E-03
    0.457306654893565624E-02   -0.707855804441391865E+04    0.239765114449720045E+02    0.175445915474286522E+02    0.257172300389585295E+01    0.292854097007290166E-03
    0.465414188449305832E-02   -0.707863319152159329E+04    0.204259206131836919E+02    0.116250155605106897E+02    0.250104011786073288E+01    0.444687033051472617E-03
    0.456885487263990198E-02   -0.707863620161680865E+04    0.202044871466380371E+02    0.147061541706457266E+02    0.295537866043108677E+01    0.205601744745586516E-03
    0.449288806493155449E-02   -0.707864266785275231E+04    0.257238692543229739E+02    0.813750308131896460E+01    0.255670939521425744E+01    0.471553529468405740E-03
    0.444837508414570870E-02   -0.707866275417935321E+04    0.224700479164971441E+02    0.157977966212548537E+02    0.288440152690661344E+01    0.103567270497824859E-02
    0.437304347677309937E-02   -0.707866859484857287E+04    0.317834191801715775E+02    0.113660360253836821E+02    0.243313379193813173E+01    0.364851899387348255E-03
    0.430731545963753543E-02   -0.707867830611334921E+04    0.382582099087674550E+02    0.131283729998281711E+02    0.288829010271006581E+01    0.593362385984735983E-03
    0.425623561608829467E-02   -0.707869444664248385E+04    0.325346190411368070E+02    0.815905272185790587E+01    0.259213930960712169E+01    0.320583628722066315E-03
    0.418136425095171245E-02   -0.707869895155785071E+04    0.201482411636408436E+02    0.195045242748124750E+02    0.311941080629062251E+01    0.325296231375941502E-03
    0.412222769205768114E-02   -0.707871046385800491E+04    0.127038414317126183E+02    0.113556395739659486E+02    0.271350615453756117E+01    0.246746262103237062E-03
    0.411544875374827545E-02   -0.707874717218230762E+04    0.285209890564076431E+02    0.102729937425023827E+02    0.244948318071981630E+01    0.584749948801389311E-03
    0.407174400082100166E-02   -0.707876581923783215E+04    0.825695742753290318E+01    0.170503628704667527E+02    0.292223398156481906E+01    0.382988748323479910E-03
    0.401190191914400137E-02   -0.707877620726547957E+04    0.264067570467795392E+02    0.108194781384416725E+02    0.260786402464805356E+01    0.909028732655527919E-03
    0.395346149026101334E-02   -0.707878685946324731E+04    0.194521906957608621E+02    0.156292013415614157E+02    0.258077664169451015E+01    0.401728044042591690E-03
    0.393093092454126474E-02   -0.707881542896823248E+04    0.248160631794051092E+02    0.127693918635659713E+02    0.284646375261190565E+01    0.584027196491396488E-03
    0.389408882099545996E-02   -0.707883659585241639E+04    0.403645014234463559E+02    0.153582773903703078E+02    0.260248654427348569E+01    0.114698104423091715E-02
    0.381898597941776998E-02   -0.707883764629355665E+04    0.146775127809255341E+02    0.136700948777868447E+02    0.269895930399002504E+01    0.781933380871224163E-03
    0.382281679041633756E-02   -0.707887965148078001E+04    0.267787267477303459E+02    0.119553007736820405E+02    0.258982745203775888E+01    0.946550704324043094E-03
    0.377145748024263231E-02   -0.707889259947219125E+04    0.205532199164923988E+02    0.133913847227090521E+02    0.258619848575124855E+01    0.755219471983402130E-03
    0.382733973138357688E-02   -0.707896201636912247E+04    0.262634052868964325E+02    0.116969188261311992E+02    0.275803086122459851E+01    0.689379090616823887E-03
    0.375599439341806627E-02   -0.707896438255691373E+04    0.268484851549365935E+02    0.827846084675465832E+01    0.243240623127140720E+01    0.257327496672097884E-03
    0.368821247613954854E-02   -0.707896796025336607E+04    0.169740342670188156E+02    0.116144865864115019E+02    0.259348042934201173E+01    0.571544602751169941E-03
    0.371991094102254579E-02   -0.707902507587445052E+04    0.148611562519765545E+02    0.146497444651726489E+02    0.277634657618727010E+01    0.814280840535044469E-03
    0.380596676738537100E-02   -0.707911081649401967E+04    0.200788875889352845E+02    0.958391638991875539E+01    0.258513991147341393E+01    0.274533429737466080E-03
    0.374308435517446952E-02   -0.707911749635052456E+04    0.384187579601106179E+02    0.973738753785009870E+01    0.247589595569526466E+01    0.763091608176245505E-03
    0.374835644038406298E-02   -0.707916031134231253E+04    0.148480736295984990E+02    0.115546735228193107E+02    0.263882048925060486E+01    0.167453077616492359E-03
    0.371181392353975769E-02   -0.707918071779024558E+04    0.149982813743721461E+02    0.179289394096575698E+02    0.277084445653322442E+01    0.903651491558730025E-03
    0.370619231663368463E-02   -0.707921768645929205E+04    0.197272926151472987E+02    0.133645399988024316E+02    0.256063397781560464E+01    0.826413867723203854E-05
    0.365573908505479033E-02   -0.707923027298924990E+04    0.270992553851133167E+02    0.134047824764651686E+02    0.285607039697346643E+01    0.114105606609083473E-03
    0.368140367683840409E-02   -0.707928426464637778E+04    0.132950436224937505E+02    0.210161996728917728E+02    0.300473482233707712E+01    0.895219557192477536E-03
    0.365210066137243872E-02   -0.707930828147103966E+04    0.134331276759625169E+02    0.144102429757391342E+02    0.283992944697307781E+01    0.240432659196149982E-03
    0.358387947606835606E-02   -0.707931056815206011E+04    0.934175196825855636E+01    0.228804843836405851E+02    0.292714451267672793E+01    0.729253616624679721E-03
    0.352374412708105454E-02   -0.707931672461317885E+04    0.277011083085774636E+02    0.115470301445534318E+02    0.250423889154142154E+01    0.526843491894011997E-03
    0.347997628028802377E-02   -0.707933172737513178E+04    0.264296277957052439E+02    0.130932115742592057E+02    0.252706525928764059E+01    0.468501880437975204E-03
    0.361342206418607467E-02   -0.707944698694672570E+04    0.245826784477599389E+02    0.959998021196987139E+01    0.253781478341000266E+01    0.186504395690534255E-03
    0.355545514640325227E-02   -0.707945464258960510E+04    0.259708286458123538E+02    0.210869768271358033E+02    0.277501349540401865E+01    0.117844854201111906E-02
    0.354507990817186629E-02   -0.707948879782126824E+04    0.242414082032176665E+02    0.199210525598403692E+02    0.264361282926925467E+01    0.427371609038114820E-03
    0.348830812717990405E-02   -0.707949651010234356E+04    0.196464375719672475E+02    0.137904944556632536E+02    0.266642062791299717E+01    0.736618320437285295E-03
    0.342208291656134712E-02   -0.707949817523085494E+04    0.296472038702528025E+02    0.104559948427084741E+02    0.259993263740912095E+01    0.640885973737152000E-03
    0.339630536711096409E-02   -0.707952305278772565E+04    0.126367958118287103E+02    0.153277247461733630E+02    0.282623088364706243E+01    0.396722301612276781E-03
    0.336765910804787214E-02   -0.707954611217223919E+04    0.306601832169851427E+02    0.132539916988516779E+02    0.258194719508103532E+01    0.814954621799313540E-03
    0.331264701428542934E-02   -0.707955317156362162E+04    0.383878125355779076E+02    0.989576138080050427E+01    0.243604213220930355E+01    0.471798871963862929E-04
    0.324811433358370783E-02   -0.707955382566543722E+04    0.173595607446011684E+02    0.132886292593354742E+02    0.261495705901374942E+01    0.282515215011219876E-03
    0.326663791003389391E-02   -0.707960519900746203E+04    0.548847088250854327E+02    0.185588780818561219E+02    0.277002544620729863E+01    0.130982267445132984E-02
    0.328330123797597765E-02   -0.707965537520208909E+04    0.121956643921140966E+02    0.158979277128579248E+02    0.282891087792142493E+01    0.274186651288848855E-03
    0.329225392280008047E-02   -0.707970082124589044E+04    0.247557595402243287E+02    0.114684245867692169E+02    0.267227256446698869E+01    0.491621885797843741E-03
    0.325619563504973885E-02   -0.707971879548124434E+04    0.262087671507227427E+02    0.143438276505915479E+02    0.277617711776548415E+01    0.815878765581770204E-03
    0.321515778557918781E-02   -0.707973342928847615E+04    0.209600532018106378E+02    0.139293107559564593E+02    0.273912473752764463E+01    0.711987666493685192E-03
    0.316522461457439562E-02   -0.707974212446232013E+04    0.214570445147384845E+02    0.148977753627766667E+02    0.260903687347798208E+01    0.448845694235480101E-03
    0.313783829017383158E-02   -0.707976474466005402E+04    0.328209717194338424E+02    0.101345018207754585E+02    0.248587071234455514E+01    0.295413288547777698E-03
    0.308053305323853239E-02   -0.707976788172211218E+04    0.266562615623146826E+02    0.114295564456320573E+02    0.268095548172244769E+01    0.441641508488634874E-03
    0.303017914444989002E-02   -0.707977491990233284E+04    0.180554929592663171E+02    0.138704284377683678E+02    0.262986999673575017E+01    0.925828310208462284E-04
    0.301351947274070085E-02   -0.707980389373113485E+04    0.299618761428890110E+02    0.140009729157100757E+02    0.282118290649778958E+01    0.594046310267687828E-03
    0.307900845572506602E-02   -0.707988689165001506E+04    0.241977573119833451E+02    0.170423100276199619E+02    0.262691428838444274E+01    0.483783637617401802E-03
    0.303307551804824415E-02   -0.707989683067400892E+04    0.128227913190705500E+02    0.167671065042797380E+02    0.284049180436931348E+01    0.360708581294583597E-03
    0.305821462745910818E-02   -0.707995333900084279E+04    0.299317620444041275E+02    0.138547213006042469E+02    0.269490486814492591E+01    0.831218500912434249E-03
    0.301091688771788334E-02   -0.707996216571209425E+04    0.449037120671621750E+02    0.100037618318720689E+02    0.246265441776233374E+01    0.199390931382706013E-04
    0.301673188416115784E-02   -0.708000602459536185E+04    0.160102654795837438E+02    0.158822779231999611E+02    0.276071275700523078E+01    0.549537120772567843E-03
    0.301971270647002693E-02   -0.708004799981273118E+04    0.268690566634216310E+02    0.116821424384489401E+02    0.264213435166055977E+01    0.426380614819105424E-03
    0.298436027550181854E-02   -0.708006444724124685E+04    0.271990934528917911E+02    0.121473934145743598E+02    0.263173234690333446E+01    0.545006678048015527E-03
    0.292850494200712743E-02   -0.708006666048782790E+04    0.161183860992515164E+02    0.159752041832720799E+02    0.270169174935011958E+01    0.149558460655906372E-03
    0.292160058045926084E-02   -0.708010193963981874E+04    0.286697092706684131E+02    0.157878426250341306E+02    0.289115575414607529E+01    0.183577696368628866E-03
    0.287036690456035767E-02   -0.708010655614544612E+04    0.237645620694018831E+02    0.122159657222585771E+02    0.260770041615653891E+01    0.160018498187679530E-03
    0.285374882476462522E-02   -0.708013494343370530E+04    0.343326966366348643E+02    0.105055802842658981E+02    0.256752795961007552E+01    0.254719984544230903E-03
    0.280486567215122197E-02   -0.708014038771784817E+04    0.328111319254843252E+02    0.117309395141314354E+02    0.268369432847003386E+01    0.329446190857839247E-03
    0.276202906892786954E-02   -0.708014960757867539E+04    0.187054905591975853E+02    0.145972447528562839E+02    0.267825775360112983E+01    0.367805348308475940E-03
    0.272225028219777194E-02   -0.708016059411543938E+04    0.361566639726508896E+02    0.148330444732392266E+02    0.278896598174892585E+01    0.788392646568879338E-03
    0.269176301137092483E-02   -0.708017806916662084E+04    0.352116203516888575E+02    0.106588076077826450E+02    0.258900371024899600E+01    0.205252915196028288E-03
    0.264407967887955861E-02   -0.708018232253416227E+04    0.152419039514414312E+02    0.160613576734923988E+02    0.276205500255696235E+01    0.122593052828023907E-03
    0.260055428257282987E-02   -0.708018912563544745E+04    0.171258888930783684E+02    0.190587216109783881E+02    0.297438041853099122E+01    0.298139157721869202E-03
    0.257573027421313227E-02   -0.708020994261071337E+04    0.346569932291957770E+02    0.122745414715855503E+02    0.253306350416101189E+01    0.355811073600672146E-03
    0.255526961342522315E-02   -0.708023399190349210E+04    0.353578886640811305E+02    0.127082634785078170E+02    0.274147791823947262E+01    0.341426729508457257E-03
    0.256733771243464063E-02   -0.708028341532447121E+04    0.293648913474452726E+02    0.134455627110429496E+02    0.266779019625250813E+01    0.654114919137043730E-03
    0.252643631605689112E-02   -0.708029129589770946E+04    0.223052302954658295E+02    0.139242864983066017E+02    0.263374372972458426E+01    0.144206983591864662E-03
    0.250725880631579023E-02   -0.708031605651426526E+04    0.271411194864478844E+02    0.173400211764534120E+02    0.292196984681570182E+01    0.498524491514584864E-03
    0.247210529214946613E-02   -0.708032781668482403E+04    0.273427051115532933E+02    0.131684483877930276E+02    0.272146896974029806E+01    0.916279345514175309E-04
    0.243136804866820461E-02   -0.708033458458348014E+04    0.269781132566372364E+02    0.129202828537342675E+02    0.261479773429298845E+01    0.418110976844473983E-03
    0.245824732803604255E-02   -0.708039657367510426E+04    0.254383791849831056E+02    0.128294203865605319E+02    0.265414839353148668E+01    0.189101207693590737E-03
    0.241394889808972972E-02   -0.708040020432657275E+04    0.432447317492950702E+02    0.110772889513772483E+02    0.261310301270164658E+01    0.364306615478044837E-03
    0.239259556500181656E-02   -0.708042243399386734E+04    0.360247157673306901E+02    0.136436307638430563E+02    0.255504473328191617E+01    0.341108362815512999E-03
    0.236156914599438932E-02   -0.708043632900055400E+04    0.228715463369482990E+02    0.178602606089461418E+02    0.272035974631687871E+01    0.700115739313245892E-03
    0.231591882502220478E-02   -0.708043728943852693E+04    0.218480352507120514E+02    0.179411867800590912E+02    0.290202549064924264E+01    0.584270898267190680E-03
    0.231408046836538732E-02   -0.708047570122510660E+04    0.342698780022690812E+02    0.121013112743949289E+02    0.260725352152750656E+01    0.105074882415599064E-04
    0.227952515659760567E-02   -0.708048561073287601E+04    0.371204632264608989E+02    0.134838440935148185E+02    0.275361846113514730E+01    0.418627366026385391E-03
    0.224805817479302190E-02   -0.708049781003995031E+04    0.342030687226940415E+02    0.120984670923353850E+02    0.257536065982355122E+01    0.101740483018108920E-03
    0.220390940426809772E-02   -0.708049814199023240E+04    0.194518977159318993E+02    0.172344370551625552E+02    0.286908516881092979E+01    0.433539901965208831E-03
    0.216889422463115806E-02   -0.708050611134716928E+04    0.153670943947434697E+02    0.247457503845365032E+02    0.281237958030295188E+01    0.237822376120196567E-03
    0.213304313885622713E-02   -0.708051277574719188E+04    0.206738058407558682E+02    0.191728669516934112E+02    0.295925866626919820E+01    0.392208777797768259E-03
    0.209132495212652897E-02   -0.708051327204662903E+04    0.148546498438039407E+02    0.192347051821325934E+02    0.279169907227367720E+01    0.114637387977760928E-03
    0.205211859604354646E-02   -0.708051542186158713E+04    0.280737749442117774E+02    0.136659980519767430E+02    0.260323425207375481E+01    0.201456442594898696E-03
    0.205964773834963746E-02   -0.708056274635438058E+04    0.172318389373587983E+02    0.193351066490556285E+02    0.287334837479210981E+01    0.637479779420383526E-03
    0.202909929265823134E-02   -0.708057286041240968E+04    0.283660145309999621E+02    0.143154800713122050E+02    0.276815024030288592E+01    0.170908087522206060E-03
    0.201460666282647334E-02   -0.708059852436320671E+04    0.181409382341682175E+02    0.165752858841609658E+02    0.275022322329337587E+01    0.122757222856609716E-03
    0.197636371826042214E-02   -0.708060019372029001E+04    0.362306938470813407E+02    0.161307775951396266E+02    0.284728688418732601E+01    0.597108803974128865E-03
    0.196829267962661493E-02   -0.708063200943341417E+04    0.412731972808961061E+02    0.188907568369456520E+02    0.274629765901875667E+01    0.101150482379355278E-02
    0.193112747558362688E-02   -0.708063388445279998E+04    0.361007715931712454E+02    0.163142824947852745E+02    0.267238958831750217E+01    0.788273260988201028E-03
    0.189572610243975929E-02   -0.708063688028494198E+04    0.217963850214523376E+02    0.168053407684984926E+02    0.275062422935728224E+01    0.598808612709035137E-03
    0.186265014551687631E-02   -0.708064167698575420E+04    0.356693832402946356E+02    0.153222854629455654E+02    0.271675977265034518E+01    0.773251194441828497E-03
    0.185207105602873141E-02   -0.708067028542497246E+04    0.235918811735088347E+02    0.151089283018573042E+02    0.266761331448238348E+01    0.235636815414062232E-03
    0.182400187863669011E-02   -0.708067974226283604E+04    0.328173942575205189E+02    0.145782651823159544E+02    0.278492731089920964E+01    0.199332178823231811E-03
    0.179367432908278607E-02   -0.708068620884714164E+04    0.450025742932335149E+02    0.120666938237529777E+02    0.254163129148201339E+01    0.250914005613024019E-03
    0.176842379651359150E-02   -0.708069785369842702E+04    0.188176731379987388E+02    0.174784388717511057E+02    0.285145078683832764E+01    0.319758508860425433E-03
    0.175162644043023899E-02   -0.708071876592131866E+04    0.246701968810688470E+02    0.252302233924495880E+02    0.301859547602817457E+01    0.978661209407986638E-03
    0.172855186605795825E-02   -0.708073224439227761E+04    0.244509736007830938E+02    0.229875946609667956E+02    0.295203295236539276E+01    0.944115675915481716E-03
    0.170840542420803141E-02   -0.708074879728962878E+04    0.275747411395232334E+02    0.159492049046134632E+02    0.268514393458116274E+01    0.582088132245826406E-03
    0.167782100884007117E-02   -0.708075266828564600E+04    0.210303374279740467E+02    0.167401616856080082E+02    0.275977209043044214E+01    0.489032970288811025E-03
    0.165274126041253713E-02   -0.708076254697824606E+04    0.341532198791302477E+02    0.157285309429806119E+02    0.283372090859086301E+01    0.358626218254456518E-03
    0.162160809914594392E-02   -0.708076451304099010E+04    0.268542161054259978E+02    0.178576379586369036E+02    0.287016825558858235E+01    0.629342201021920646E-03
    0.159307434206895225E-02   -0.708076900781523273E+04    0.214873020461822826E+02    0.165829025158640952E+02    0.270278992520401040E+01    0.231301330809934296E-03
    0.156678868116798676E-02   -0.708077573261684756E+04    0.357604456684753274E+02    0.157537727185976060E+02    0.266127360526817114E+01    0.690675685576771971E-03
    0.156062695714847665E-02   -0.708080785169188584E+04    0.302513008720674463E+02    0.141939005145242998E+02    0.263494794347334160E+01    0.339511157516933764E-03
    0.152978405431189999E-02   -0.708080792958856455E+04    0.276657328610641287E+02    0.190452248125831645E+02    0.275432944365193944E+01    0.798701802064153994E-03
    0.152762944948696541E-02   -0.708084511072853365E+04    0.219846077433403764E+02    0.161675012354120682E+02    0.273388056879837826E+01    0.346740142265039488E-03
    0.150667905097194490E-02   -0.708085749226925236E+04    0.168359100926203098E+02    0.195589847123300551E+02    0.279674505681950292E+01    0.320615723495701072E-03
    0.147866320050684969E-02   -0.708085995329303569E+04    0.200299029597981963E+02    0.204186115147131559E+02    0.275540320218542822E+01    0.433416537136712115E-03
    0.146093964040016852E-02   -0.708087583605566579E+04    0.193079862477186488E+02    0.242044175036180960E+02    0.304120272573418093E+01    0.662501456259674808E-03
    0.145022145272585140E-02   -0.708090110896120223E+04    0.270332465910006547E+02    0.226427923982478987E+02    0.271774136707218394E+01    0.225489248843152405E-04
    0.144265541639750062E-02   -0.708093064732882431E+04    0.205192096321336130E+02    0.179038472406208307E+02    0.275641983729097761E+01    0.108126126275248993E-04
    0.142641464565974895E-02   -0.708094800452978961E+04    0.160252872066870502E+02    0.216980915623402879E+02    0.285578431737187355E+01    0.504948971858593023E-03
    0.139977982438869151E-02   -0.708095030633154329E+04    0.162072360705503833E+02    0.231969454014813543E+02    0.297235597637629922E+01    0.615936511751305048E-03
    0.138280042909503902E-02   -0.708096589789837253E+04    0.368443815236288970E+02    0.184380742203257952E+02    0.290355685784415485E+01    0.599892105978871385E-03
    0.136782234474348971E-02   -0.708098411631125146E+04    0.365212222947270746E+02    0.141783436781588996E+02    0.261126723329587795E+01    0.273163066510529167E-03
    0.134964855663977437E-02   -0.708099736487991231E+04    0.255126477409370978E+02    0.163959689217217743E+02    0.269982741135441051E+01    0.377686699782175690E-03
    0.132365188637735163E-02   -0.708099846541411807E+04    0.345339520427671687E+02    0.162745893047027685E+02    0.276226651758545216E+01    0.670358199804468782E-03
    0.131778305131809658E-02   -0.708102957805576170E+04    0.428873070607205946E+02    0.154705644127029984E+02    0.274618085449193661E+01    0.663326906184829538E-03
    0.129733020340217918E-02   -0.708103829334575312E+04    0.369404943761591440E+02    0.159156783050147581E+02    0.263957051733026660E+01    0.498221805722046020E-03
    0.128230260248294019E-02   -0.708105499115967177E+04    0.233518834392198613E+02    0.185792884982627342E+02    0.288466110404829790E+01    0.142131232901420140E-03
    0.126269523202850241E-02   -0.708106417343850899E+04    0.364699939652337122E+02    0.159764674498192107E+02    0.281687492386565186E+01    0.242981973417432783E-03
    0.126541890119275424E-02   -0.708110848284872463E+04    0.303811842163995003E+02    0.199790111842715703E+02    0.269728431950784131E+01    0.464457949190101669E-03
    0.124197457717362169E-02   -0.708111108144769878E+04    0.273663726937450704E+02    0.175701913946574670E+02    0.285001392698882494E+01    0.401424268628777694E-03
    0.123379610741990750E-02   -0.708113786778529629E+04    0.343049691439822269E+02    0.147646678335976098E+02    0.267620398898496914E+01    0.502581043130352796E-04
    0.122156053171403761E-02   -0.708115793475106057E+04    0.349547738853728589E+02    0.153972164452902014E+02    0.275898549969849061E+01    0.392285652579323508E-03
    0.119802037481856480E-02   -0.708115901743344330E+04    0.300677176173103149E+02    0.176216584591693604E+02    0.279090874327092520E+01    0.643360247153507234E-03
    0.117620491639225909E-02   -0.708116226258548340E+04    0.282607613053453051E+02    0.196545145474114733E+02    0.279652950554511870E+01    0.757734185896941862E-03
    0.115413294259114944E-02   -0.708116437514562949E+04    0.314142123136102605E+02    0.184222107494968554E+02    0.288378738791843814E+01    0.364558450715807628E-04
    0.114353858179553377E-02   -0.708118593136763138E+04    0.206513638933984360E+02    0.192957881656379620E+02    0.279592849817799483E+01    0.141739158148260214E-06
    0.113286927007255557E-02   -0.708120718360265710E+04    0.272651736521959300E+02    0.201436579739963229E+02    0.275337985955073528E+01    0.635398648935509621E-03
    0.112109112983146963E-02   -0.708122628128787164E+04    0.219067235562967397E+02    0.224234359307063471E+02    0.279740501948018894E+01    0.566158428831054199E-03
    0.111849531956996246E-02   -0.708126164505438373E+04    0.245687402116538465E+02    0.188126153992078713E+02    0.283887296920292487E+01    0.521130204485105355E-03
    0.109728978784130911E-02   -0.708126336304031884E+04    0.328247328533953322E+02    0.190338343490371997E+02    0.267530570250112598E+01    0.119744300888809715E-03
    0.107929110329934739E-02   -0.708127028529919789E+04    0.247011370093468585E+02    0.213984536626748003E+02    0.283415881379457257E+01    0.739236804762247613E-03
    0.132760333189699698E-02   -0.708168456037232954E+04    0.278609921956347080E+02    0.195235943236724054E+02    0.275393877557348699E+01    0.139319684134564265E-03
    0.127828193718881660E-02   -0.708160884363068726E+04    0.309080859609966474E+02    0.179201076379774840E+02    0.276438840607758918E+01    0.412064152678668933E-03
    0.111150144224595143E-02   -0.708132923325515640E+04    0.302277852125046849E+02    0.194691032224138638E+02    0.269645510314034897E+01    0.111012964509476370E-03
    0.116603850842428086E-02   -0.708142503397813107E+04    0.394655377904869766E+02    0.237262875568905010E+02    0.271300392445522620E+01    0.345750568494453906E-03
    0.153364528799716207E-02   -0.708197310463683516E+04    0.354119618479315363E+02    0.189997068233236277E+02    0.275733654934781347E+01    0.922795232279204243E-04
    0.152045074504394929E-02   -0.708195582341855970E+04    0.442101136549857756E+02    0.179753965959577862E+02    0.279984774278990445E+01    0.297402545557326741E-03
    0.115283684572540981E-02   -0.708140226120544594E+04    0.361454924948632481E+02    0.173552787337492482E+02    0.267105547541292632E+01    0.384564110648160772E-03
    0.115805703466603034E-02   -0.708141129701252339E+04    0.366193871217944604E+02    0.162740878328386671E+02    0.276217845386290017E+01    0.537778105945442564E-04
    0.120120125258886806E-02   -0.708148445395099498E+04    0.346229452283333359E+02    0.160649968541510688E+02    0.271628469824353713E+01    0.267131958717336301E-03
    0.112343439995259814E-02   -0.708135059059504601E+04    0.348839182657189752E+02    0.165150654671548232E+02    0.279462488794705788E+01    0.355844086608159572E-03
    0.129760125307452640E-02   -0.708163884449130910E+04    0.405826972005258142E+02    0.176783082998987844E+02    0.268978076792260712E+01    0.454373179725022728E-03
    0.156463980414490154E-02   -0.708201312103199143E+04    0.411999331615809581E+02    0.219018032798156383E+02    0.272435104354027580E+01    0.275806216057117044E-03
    0.119220345211102740E-02   -0.708146941622193935E+04    0.328041113244136540E+02    0.167325827269551368E+02    0.270760480735682485E+01    0.352324665026187544E-03
    0.108588680786129359E-02   -0.708128260372636123E+04    0.315266705099244291E+02    0.167075139326845878E+02    0.267426733041774778E+01    0.123698780876874224E-03
    0.125568621168816764E-02   -0.708157317416192836E+04    0.374705272410753452E+02    0.197222115288485824E+02    0.270041379978835927E+01    0.459392504422310218E-03
    0.115690727021196781E-02   -0.708140931034768164E+04    0.473730743672626318E+02    0.147480470104152452E+02    0.267162144318449046E+01    0.900058918398664864E-05
    0.144823986156754239E-02   -0.708185850761217716E+04    0.400718961866324577E+02    0.182471194152449883E+02    0.276419096531874464E+01    0.500788462274879675E-03
    0.109584219810494074E-02   -0.708130085614783638E+04    0.367282647224220682E+02    0.153811267307497239E+02    0.274139075784501651E+01    0.144178502568071808E-03
    0.109274005198480104E-02   -0.708129518645331609E+04    0.431358097472243003E+02    0.161915678749306018E+02    0.281056926858744616E+01    0.227554721653827011E-03
    0.112835690903076435E-02   -0.708135933477466824E+04    0.267726490672794171E+02    0.234244260962650408E+02    0.288514206661442651E+01    0.861020214387331773E-03
    0.115360269368320213E-02   -0.708140358939631824E+04    0.188387309168476627E+02    0.222845160605383725E+02    0.288862888395726891E+01    0.512932078999873715E-03
    0.114033164421671867E-02   -0.708138044802333570E+04    0.202547939695083059E+02    0.211951422080377760E+02    0.286737465247177559E+01    0.513447922952530150E-03
    0.112119952689132031E-02   -0.708134660798786354E+04    0.226634134217530345E+02    0.189723363364906383E+02    0.279736653122518941E+01    0.403608946783485124E-03
    0.115557125802055087E-02   -0.708140699938596026E+04    0.158261038500989830E+02    0.244747723864962197E+02    0.292794293978715636E+01    0.455969582315199611E-03
    0.124803347952419028E-02   -0.708156094794343790E+04    0.233401201107573044E+02    0.222847247172223426E+02    0.285149240655110203E+01    0.622806895626096344E-03
    0.119378718113545773E-02   -0.708147207126883677E+04    0.240319124854944910E+02    0.202207264487228819E+02    0.275938542776548035E+01    0.176667017216492698E-03
    0.145846030523177190E-02   -0.708187257233877153E+04    0.304179611291356977E+02    0.203570288247369113E+02    0.287960691563512716E+01    0.288574588546763617E-03
    0.110569268448412815E-02   -0.708131875375589789E+04    0.272702259148474084E+02    0.188301633253311493E+02    0.288356301285128769E+01    0.234589635579100526E-03
    0.108107571730033732E-02   -0.708127372291109987E+04    0.333152841609749544E+02    0.186055984645020303E+02    0.288654127686016571E+01    0.643475363782289138E-04
    0.154849502940210141E-02   -0.708199237677214387E+04    0.259987340723201754E+02    0.218794678560483931E+02    0.288913032456128649E+01    0.155673419593998705E-03
    0.133596223281840670E-02   -0.708169711336291221E+04    0.236587206824405101E+02    0.202501771098510659E+02    0.282451179446676903E+01    0.203983178102243052E-03
    0.172308947982854183E-02   -0.708220604752872623E+04    0.273663226678226366E+02    0.230500313619530530E+02    0.284989257299853005E+01    0.391213830511637391E-04
    0.154681168646099453E-02   -0.708199020142312474E+04    0.273482651794212401E+02    0.267282445852269603E+02    0.282074382297077930E+01    0.402956002984684435E-03
    0.113627936143507352E-02   -0.708137332816482467E+04    0.145095907436205902E+02    0.255013471059946646E+02    0.291619430432724602E+01    0.255317753308613535E-03
    0.183089622032457525E-02   -0.708232742092088574E+04    0.570512614660649362E+02    0.226197407146900886E+02    0.280772858121283653E+01    0.750366945091553769E-03
    0.140752087771930760E-02   -0.708180146957940906E+04    0.368684727244512231E+02    0.205309704711930863E+02    0.280527372095710748E+01    0.688215356305200889E-03
    0.180828404853733502E-02   -0.708230256646342332E+04    0.482749518943710143E+02    0.199667191208667596E+02    0.278987406703764185E+01    0.510704664074203025E-03
    0.163903892719366971E-02   -0.708210602985129026E+04    0.404080647038951994E+02    0.190733179266241137E+02    0.281007967332186492E+01    0.332470378788609928E-03
    0.180324021334773597E-02   -0.708229698008149353E+04    0.333213784499627010E+02    0.213013906220265490E+02    0.280967724664092122E+01    0.161562510726214869E-03
    0.169823866626305940E-02   -0.708217699302176516E+04    0.354875206192714074E+02    0.276934419917075552E+02    0.284236781556183793E+01    0.706529047868732860E-03
    0.164624612975218629E-02   -0.708211480499742902E+04    0.336592471504238802E+02    0.201341840079108074E+02    0.281238128963718426E+01    0.105606064861243389E-03
    0.128580751889418102E-02   -0.708162058363187407E+04    0.197525905393286934E+02    0.220135448642397762E+02    0.285961173275953495E+01    0.128354940588720420E-03
    0.112915029929797463E-02   -0.708136074055587142E+04    0.391535499463463452E+02    0.220033840651007573E+02    0.280036356690486832E+01    0.918011909048532023E-03
    0.179616186379689307E-02   -0.708228911393203452E+04    0.336618295017148554E+02    0.212713179661286631E+02    0.285136754552151084E+01    0.284088615145213896E-03
    0.118245941438512459E-02   -0.708145300278902323E+04    0.257006344566501852E+02    0.194623563687886296E+02    0.287872521322158592E+01    0.357865993932803429E-03
    0.148688045649101935E-02   -0.708191117029485849E+04    0.327013974738898554E+02    0.208787434957990001E+02    0.289003807610940155E+01    0.458218905061448783E-03
    0.139821649353126043E-02   -0.708178820473375254E+04    0.331846083483580969E+02    0.216702754197034793E+02    0.293391416198636179E+01    0.507280228188456122E-03
    0.137742184958136531E-02   -0.708175823680501799E+04    0.290712174677284168E+02    0.228552645730520823E+02    0.275955629855036388E+01    0.237064391653108320E-03
    0.130548103514469970E-02   -0.708165095291550188E+04    0.294359596474005230E+02    0.224913985067272790E+02    0.291621086539980112E+01    0.707319309089068666E-03
    0.158928331083196274E-02   -0.708204437608460012E+04    0.234888886821395459E+02    0.248349805333641136E+02    0.298288236515818816E+01    0.337378791113279643E-03
