    0.315600984092964829E+02    0.138347804197070801E+02    0.399171077247972850E+01   -0.163313402403732710E+00   -0.999999998999999514E+91   -0.391195633965034517E+01    1
    0.121053968956606397E+02    0.554504208795848896E+01    0.207388132649457946E+01   -0.823416390324235165E-02   -0.999999998999999514E+91   -0.393195633965034208E+01    1
    0.193776850638404170E+02    0.144773723086482704E+02    0.105828364689189343E+02   -0.171977592257232637E+00   -0.999999998999999514E+91   -0.395195633965034165E+01    1
    0.663193888922355956E+01    0.143431213706104010E+02    0.454973428435312766E+01   -0.153860828422232754E+00   -0.999999998999999514E+91   -0.397195633965034300E+01    1
    0.468394538706369268E+01   -0.236845099403906190E+00    0.305838299599334373E+01    0.807745192182322547E-01   -0.999999998999999514E+91   -0.399195633965034391E+01    1
   -0.140484862173833562E+02    0.147799414019315094E+02    0.167497918992102584E+02   -0.457706538603338924E-02   -0.999999998999999514E+91   -0.401195633965034215E+01    1
    0.191039832660613840E+02    0.249606610635810267E+01    0.799838277458339331E+01   -0.109579373730257737E+00   -0.999999998999999514E+91   -0.403195633965034173E+01    1
   -0.120899796332530265E+02    0.535508567436106020E+01   -0.925998230932506772E+00    0.764854240040388073E-01   -0.999999998999999514E+91   -0.405195633965034396E+01    1
    0.321435103923644760E+02    0.762950806938371251E+00    0.697434257885438313E+01   -0.167925797032104432E-01   -0.999999998999999514E+91   -0.407195633965034443E+01    1
    0.143880559588597539E+02    0.401133446093799417E+01    0.128679437873717273E+01   -0.266415139867171080E+00   -0.999999998999999514E+91   -0.409195633965034400E+01    1
    0.820501530992231132E+01   -0.380924306796695422E+01   -0.399550901138237258E+01   -0.618949011307551381E-01   -0.999999998999999514E+91   -0.411195633965034357E+01    1
    0.910333899630407117E+01   -0.474523954316147023E+01    0.474894237874623215E+01    0.153786428298033712E+00   -0.999999998999999514E+91   -0.413195633965034226E+01    1
    0.260442533679587314E+02   -0.103646671487770661E+02    0.633392489812571924E+01    0.241499394457602504E-01   -0.999999998999999514E+91   -0.415195633965034450E+01    1
    0.186274158337318703E+02    0.139088027322190300E+02   -0.326236703179732856E+01   -0.452492874647818510E-01   -0.999999998999999514E+91   -0.417195633965034762E+01    1
   -0.147458324890887944E+02    0.871215473512518912E+01    0.424786321037251469E+01   -0.272112225516523906E-01   -0.999999998999999514E+91   -0.419195633965034720E+01    1
   -0.960828148076574351E+00    0.757913312522647331E+01    0.279280258852992658E+01   -0.171752457544060905E+00   -0.999999998999999514E+91   -0.421195633965034677E+01    1
   -0.223445670200167186E+02    0.710125638336664444E+01    0.236215775202874889E+01    0.102118872650946990E+00   -0.999999998999999514E+91   -0.423195633965034279E+01    1
    0.179094858494286449E+02   -0.312707489696932495E+01    0.106462905013916966E+02    0.989624111247457694E-01   -0.999999998999999514E+91   -0.425195633965034059E+01    1
   -0.277615818342471528E+02    0.915955117264697805E+01    0.103274045903638694E+02    0.760594956305770536E-01   -0.999999998999999514E+91   -0.427195633965034727E+01    1
    0.221851917991955645E+02    0.111978670013262587E+02    0.557653314163156821E+01   -0.137832170800322867E+00   -0.999999998999999514E+91   -0.429195633965034329E+01    1
   -0.120593261968497352E+02    0.109897083917122949E+02    0.103357925158718160E+02   -0.526633811218836859E-01   -0.999999998999999514E+91   -0.431195633965034109E+01    1
   -0.173874713267823111E+00    0.198419473430013973E+02   -0.111313739733578494E+02    0.414004851245185004E-01   -0.999999998999999514E+91   -0.433195633965034244E+01    1
    0.177404243123414815E+02    0.186847657502986984E+02    0.847200759336734244E+01   -0.110364075023754560E+00   -0.999999998999999514E+91   -0.435195633965034201E+01    1
    0.140676702484204590E+02    0.845739579457443647E+01    0.661559309100444182E+01   -0.761302605648368769E-01   -0.999999998999999514E+91   -0.437195633965034336E+01    1
   -0.210818977510390795E+02    0.770234315070858777E+01    0.566563166528163187E+00    0.360020468032256347E-01   -0.999999998999999514E+91   -0.439195633965034649E+01    1
    0.161620266648115489E+02   -0.116054863149161491E+01    0.819311683314301398E+01    0.140815668722426207E+00   -0.999999998999999514E+91   -0.441195633965034784E+01    1
    0.123104495043525795E+02   -0.925676857684950782E+00    0.101679773462494261E+02   -0.201421962675982558E+00   -0.999999998999999514E+91   -0.443195633965034474E+01    1
    0.132661863121141792E+02    0.107259697672564336E+01    0.489060402022634566E+01   -0.266808288504112798E-01   -0.999999998999999514E+91   -0.445195633965034343E+01    1
    0.184401207651826198E+02    0.973718010679871959E+00   -0.157744141874977473E+01   -0.909188305879516795E-01   -0.999999998999999514E+91   -0.447195633965034745E+01    1
    0.160185060023099730E+02    0.707967704140593579E+01    0.140179721115876461E+02   -0.651567320269743067E-01   -0.999999999899999928E+90   -0.449195633965034435E+01    1
   -0.149366595021542743E+02   -0.884345154164226344E+01    0.555290105980222037E+01    0.539594978882231291E-01   -0.999999999799999890E+90   -0.451195633965034482E+01    1
    0.122363128773795431E+02   -0.370678798671660292E+01   -0.618412402619980384E+01    0.843976684957815915E-01   -0.999999999699999851E+90   -0.453195633965034705E+01    1
   -0.356844113815869335E+01   -0.324104531227172021E+01    0.168851344495319822E+02   -0.403393238489091199E-01   -0.999999999599999813E+90   -0.455195633965034396E+01    1
    0.180730320128509589E+02    0.178893325656120172E+01    0.131642631504081180E+02   -0.693785841501191741E-01   -0.999999999499999774E+90   -0.457195633965034354E+01    1
   -0.940613844607739580E+01    0.265480748910496693E+02    0.542767846373075624E+01   -0.180385512427703787E+00   -0.999999999399999736E+90   -0.459195633965034666E+01    1
    0.131678110078607151E+02   -0.827728818685828927E+00    0.126270977199487859E+02    0.497456042809827498E-01   -0.999999999299999697E+90   -0.461195633965034801E+01    1
    0.129367878270755590E+02   -0.126696609040218089E+01    0.379269085153722774E+01   -0.128133149408495767E+00   -0.999999999199999659E+90   -0.463195633965034759E+01    1
    0.723645649274400249E+01   -0.718902193006324630E+00    0.188138230693141786E+02    0.118930908526710011E+00   -0.999999999099999621E+90   -0.465195633965034716E+01    1
    0.226077448645456016E+02    0.455975421363642219E+01    0.285126610844122030E+01   -0.210927044194411106E+00   -0.999999998999999582E+90   -0.467195633965034407E+01    1
    0.157983059044069218E+02    0.302674989083036223E+02   -0.926549938427038988E+01    0.459524577254511249E-01   -0.146637563728116860E+06   -0.469195633965034364E+01    1
    0.172841579329454831E+01    0.154038648756315126E+02   -0.646805742349909352E+01    0.684433650742393845E-01   -0.877877482630604209E+05   -0.471195633965034677E+01    1
    0.127505434277276919E+02    0.112596196522754770E+02   -0.506302877696557907E+01    0.260423177733832625E-01   -0.820905517120859731E+05   -0.473195633965034634E+01    1
    0.290702165684924232E+02    0.587192227879317485E+01   -0.491864395349008987E+01    0.260796232719061535E-01   -0.806137577146817202E+05   -0.475195633965034325E+01    1
    0.371793314819534615E+02    0.944923621765903121E+01   -0.450540889798947219E+01    0.255677085026145660E-01   -0.762660706485102273E+05   -0.477195633965034460E+01    1
    0.510158044950950007E+01    0.947157591720388048E+00   -0.331189246646534130E+01    0.302031747656023031E-01   -0.469386907783190327E+05   -0.479195633965034506E+01    1
    0.372989721546043285E+02    0.122380549918362931E+02   -0.237478985789570629E+01    0.145140708913985089E+00   -0.451671878851529327E+05   -0.481195633965034641E+01    1
    0.232585415850623463E+02    0.217308336720891937E+01   -0.253410036014913764E+01    0.364681404187093550E-01   -0.421400409062431354E+05   -0.483195633965034776E+01    1
    0.898949435087256177E+01    0.149123012739565510E+02    0.669094327494699215E-01    0.295123302735958160E-01   -0.934214553474469903E+04   -0.485195633965034734E+01    1
    0.167679463019040149E+02    0.109190412199721401E+02    0.214961396014858863E+00    0.165955493625883493E+00   -0.644917665111544011E+04   -0.487195633965034602E+01    1
    0.120047804537095644E+02    0.121347809358648959E+02    0.428366713451146630E+00    0.621226925028090307E-01   -0.387779648346690192E+04   -0.489195633965034382E+01    1
    0.412943642391133210E+02    0.687539911936232429E-01   -0.533217697316498374E+00    0.378279214072241993E-01   -0.355334372264422245E+04   -0.491195633965034428E+01    1
    0.144109032704154014E+02    0.842509990674139608E+01    0.555149825055425872E+00    0.222002998823346738E-01   -0.129766444795000734E+04   -0.493195633965034563E+01    1
    0.130888786860892150E+02    0.120187474473814433E+02    0.794113524547648275E+00    0.117331796657024104E+00   -0.512457207754460683E+03   -0.495195633965034610E+01    1
    0.436511291655644929E+01    0.258992724210373417E+02    0.120639508815875640E+01    0.145626909623818690E+00   -0.497403754813335581E+02   -0.497195633965034567E+01    1
    0.248469454965836434E+02    0.284844841432741847E+01    0.722427429975276425E+01    0.251826920179848701E+00    0.314425612550593769E+03   -0.499195633965034435E+01    1
    0.508446969676987859E+01    0.229284969353485346E+01    0.112219397906944280E+02    0.243734437045985575E+00    0.381272093677230146E+03   -0.501195633965034304E+01    1
    0.170609518930118753E+01    0.663041326390032371E+01    0.440764033017609425E+01    0.199039005092988747E+00    0.782253048362268373E+03   -0.503195633965034617E+01    1
    0.916831716542447062E+01    0.161711987482672548E+02    0.856495935446675460E+01    0.193682932178207867E+00    0.834597916475741613E+03   -0.505195633965034840E+01    1
    0.246012806469886343E+02    0.232183328298460978E+02    0.120966595316801140E+01    0.979179493590477679E-01    0.956997750352854609E+03   -0.507195633965034709E+01    1
    0.218927991858901727E+02    0.335989737301899005E+01    0.116057657734302424E+02    0.181348819686019125E+00    0.958573054350500911E+03   -0.509195633965034755E+01    1
    0.239399012322556715E+01    0.834760831854465124E+01    0.900975574409939028E+01    0.171881142361522465E+00    0.105759216527721833E+04   -0.511195633965034979E+01    1
    0.903114227512147849E+01    0.822340050661994404E+01    0.857910943508682422E+01    0.169961654416976887E+00    0.107809924333399294E+04   -0.513195633965034936E+01    1
    0.226697728169068036E+01    0.178969277250194594E+02    0.177868917075796507E+01    0.124808156370768447E+00    0.127549831942182755E+04   -0.515195633965034716E+01    1
    0.916282552662847749E+01    0.367126613542570368E+01    0.149393869819543434E+01    0.132526011122637427E+00    0.140788246855241141E+04   -0.517195633965034318E+01    1
    0.333036654749068930E+02    0.962233106362789670E+01    0.490281580271533635E+01    0.133646339893278954E+00    0.149699824432873584E+04   -0.519195633965034276E+01    1
    0.164640418606771988E+02    0.258817336974852239E+02    0.550525975572907900E+01    0.126043483718528276E+00    0.159307319152461696E+04   -0.521195633965034766E+01    1
    0.123445328896346318E+02    0.616687771237397264E+01    0.499429174132128395E+01    0.125583552923354935E+00    0.159898710384066817E+04   -0.523195633965034546E+01    1
    0.209366396729530493E+02    0.120857419120413070E+02    0.163899281739149227E+01    0.110112651472579856E+00    0.163071171818363291E+04   -0.525195633965034858E+01    1
    0.841961024421400595E+01    0.140397635098888323E+02    0.987034991427538344E+01    0.117219562287671761E+00    0.170874556747087217E+04   -0.527195633965034727E+01    1
    0.191447048875485564E+02    0.288345347630828153E+01    0.903698465047952126E+01    0.113231903643096113E+00    0.176256446047527766E+04   -0.529195633965034684E+01    1
    0.209680002229605726E+02    0.535651609485773950E+01    0.100951033922181210E+01    0.677705874110210160E-01    0.176595630718376128E+04   -0.531195633965034553E+01    1
    0.203378834702366262E+02    0.101322897486271195E+02    0.862208434634721499E+01    0.111335788079421127E+00    0.178850689525673192E+04   -0.533195633965034510E+01    1
    0.639367937212502380E+01    0.711170686521073936E+01    0.105866047924929862E+02    0.105948639717872412E+00    0.186348793186220246E+04   -0.535195633965034645E+01    1
    0.114517915005761139E+01    0.787925621652421793E+01    0.585386673616439168E+01    0.839774052642070779E-01    0.219036280643420878E+04   -0.537195633965034780E+01    1
    0.247663647105560187E+02    0.847392083860771095E+01    0.107107392955331768E+02    0.798924612869098827E-01    0.225517423218314070E+04   -0.539195633965034649E+01    1
    0.546453126899750785E+00    0.125204036462476385E+02    0.151676298207401672E+01    0.150133217081922909E-01    0.232464999214890486E+04   -0.541195633965034428E+01    1
    0.182267916095554732E+02    0.157678132733714316E+01    0.476721102022021093E+01    0.747476018728984309E-01    0.233870578179775839E+04   -0.543195633965034563E+01    1
    0.836827186239496434E+01    0.271475938324124133E+01    0.122993560964446047E+02    0.713890340321839262E-01    0.239441859490292518E+04   -0.545195633965034521E+01    1
    0.187908538492098032E+02    0.156865397103702016E+02    0.140023919074976551E+02    0.706145116256565036E-01    0.240739949080089627E+04   -0.547195633965034389E+01    1
    0.104179647315643997E+01    0.126638642063129137E+02    0.772304261702014827E+01    0.695524579361411072E-01    0.242528111064991981E+04   -0.549195633965034791E+01    1
    0.208519105385162717E+01    0.558628354396037174E+01    0.386733858671051811E+01    0.679593795132991951E-01    0.245175173882720173E+04   -0.551195633965034570E+01    1
    0.191472438293631058E+02    0.198936251169131815E+02    0.300388894332492828E+01    0.658286556452547938E-01    0.248254366770987417E+04   -0.553195633965034705E+01    1
    0.849620956682433004E+01    0.302922948452032914E+01    0.902990439939805611E+01    0.651770686779575142E-01    0.249995316340512773E+04   -0.555195633965034929E+01    1
    0.261473571720554432E+01    0.195468888280675124E+02    0.600018995631902552E+01    0.649815275676068338E-01    0.250332063300512891E+04   -0.557195633965034887E+01    1
    0.156808344422914914E+02    0.121261535561230946E+02    0.732628713872638215E+01    0.649288084142261995E-01    0.250423871301627241E+04   -0.559195633965034755E+01    1
    0.294451338145300667E+02    0.273732260651423545E+02    0.581995767651251139E+01    0.647315913354274131E-01    0.250764769683236682E+04   -0.561195633965034801E+01    1
    0.349559870476037133E+02    0.736705063023090645E+01    0.582522572815660755E+01    0.619881757552306553E-01    0.255539677498597302E+04   -0.563195633965034670E+01    1
    0.167296443706577982E+02    0.160697535500559852E+02    0.701351382618006625E+01    0.611798830255942741E-01    0.256958635558801370E+04   -0.565195633965034716E+01    1
    0.135130446051604221E+02    0.695855764656591624E+01    0.408255041814822484E+01    0.608946925570695366E-01    0.257449701535071927E+04   -0.567195633965034851E+01    1
    0.993335149005341123E+01    0.830961680997070040E+01    0.478625222506737291E+01    0.576959336420863750E-01    0.263135530182836146E+04   -0.569195633965034720E+01    1
    0.739644455768769582E+01    0.312974338540906150E+01    0.155955697329713470E+02    0.576286821260325460E-01    0.263257828628390780E+04   -0.571195633965034943E+01    1
    0.249745822617916424E+02    0.123628359780151253E+02    0.137375286868195534E+01    0.331232327905540552E-01    0.264357359772663585E+04   -0.573195633965034812E+01    1
    0.673376615460024741E+01    0.619091658484886942E+01    0.477431526823755803E+01    0.567768641878422659E-01    0.264782248154467698E+04   -0.575195633965034769E+01    1
    0.388835327825378911E+02    0.175421705230677016E+01    0.389803831354381503E+01    0.547124843525990667E-01    0.268506235615079731E+04   -0.577195633965034816E+01    1
    0.475548020147126849E+01    0.295731101901811666E+01    0.521376141398557902E+01    0.496926439223671912E-01    0.277706974839419945E+04   -0.579195633965034773E+01    1
    0.999587301918155546E+01    0.180676512035613746E+01    0.499148637933268713E+01    0.495701637817688584E-01    0.277934031439108367E+04   -0.581195633965034908E+01    1
    0.151970007502575584E+02    0.267915372498594948E+02    0.441399613359100496E+01    0.481451437038940069E-01    0.280570157149957777E+04   -0.583195633965034954E+01    1
    0.302838097717438117E+02    0.121431611179548824E+02    0.189829665803478846E+02    0.472272054747873288E-01    0.282295132525193367E+04   -0.585195633965034823E+01    1
    0.517697792999494499E+01    0.143043611467744896E+02    0.192977994285309329E+02    0.468634378757798384E-01    0.282975730141212625E+04   -0.587195633965034691E+01    1
    0.155937454950968615E+02    0.215000842757569011E+01    0.898327436237787147E+01    0.463993644360570431E-01    0.283845328818830149E+04   -0.589195633965034649E+01    1
    0.322486848389969225E+02    0.230136414442222437E+01    0.270962303463963350E+01    0.442154287514775896E-01    0.287842850101356771E+04   -0.591195633965034695E+01    1
    0.728158639966949828E+01    0.145982463881553706E+02    0.517592334437043444E+01    0.442387444773500726E-01    0.287912003788549828E+04   -0.593195633965034741E+01    1
    0.214314215475054297E+02    0.238208008819864325E+02    0.585725670903630302E+01    0.439675890474642075E-01    0.288425866748624003E+04   -0.595195633965034698E+01    1
    0.124763813717319572E+02    0.613273464432523863E+01    0.120161990614655636E+02    0.424725183110181634E-01    0.291259949300934340E+04   -0.597195633965034833E+01    1
    0.369076617538991627E+02    0.115503309844928115E+01    0.228895257984625156E+01    0.385822844999508599E-01    0.298504497014900971E+04   -0.599195633965034702E+01    1
    0.104789913127520560E+02    0.142109989107284775E+02    0.117427896705991515E+02    0.382301016494147328E-01    0.299367797131981524E+04   -0.601195633965034926E+01    1
    0.404132875577030433E+02    0.335754678494405212E+00    0.616123550995975755E+01    0.380156293228247344E-01    0.299779843305521035E+04   -0.603195633965035061E+01    1
    0.255286939710162031E+02    0.392077891581452675E+00    0.102061823582646625E+02    0.372011020618496779E-01    0.301346226948492313E+04   -0.605195633965034840E+01    1
    0.149452968919256914E+02    0.879890393789668046E+00    0.657396994297801207E+01    0.369959365037649188E-01    0.301741135414264045E+04   -0.607195633965034798E+01    1
    0.111823195090558691E+02    0.803051491158101882E+01    0.577461517120187651E+01    0.369308989525237649E-01    0.301866441792551359E+04   -0.609195633965034844E+01    1
    0.923407481880811076E+01    0.402717307311125161E+01    0.634021303538074932E+01    0.362596821321255827E-01    0.303159365058007324E+04   -0.611195633965034713E+01    1
    0.153450162692765772E+02    0.375946661594682707E+01    0.125728957607341627E+02    0.358297831958682353E-01    0.303988128698343462E+04   -0.613195633965034759E+01    1
    0.182303056508946746E+02    0.116523273121039974E+02    0.628959195698465479E+01    0.357507069445909820E-01    0.304140741396268368E+04   -0.615195633965034894E+01    1
    0.442842455496039875E+02    0.680853824762941784E+01    0.122921528805698355E+02    0.346961713018239387E-01    0.306175607753216536E+04   -0.617195633965035029E+01    1
    0.866505732621755342E+01    0.185373939837079398E+02    0.319335341174325915E+01    0.341828393098299321E-01    0.306811774176814606E+04   -0.619195633965035164E+01    1
    0.286129156769904505E+02    0.175038155347619977E+02    0.111926710699553578E+02    0.338742241142939576E-01    0.307763061117619054E+04   -0.621195633965035210E+01    1
    0.291454086436045898E+02    0.101477069928556922E+02    0.759857305731719457E+01    0.336832129891484824E-01    0.308132093128460292E+04   -0.623195633965034990E+01    1
    0.113818073825954720E+02    0.125220362240385974E+02    0.718971229904096631E+01    0.331637478703881439E-01    0.309135820443341390E+04   -0.625195633965034769E+01    1
    0.252339131458885646E+01    0.254766172869786196E+02    0.219560381824700013E+01    0.241305084311461138E-01    0.309493937036702209E+04   -0.627195633965034904E+01    1
    0.200283432409089599E+02    0.464975021028417324E+01    0.151254162234637590E+02    0.318501842736256605E-01    0.311674084987967581E+04   -0.629195633965034951E+01    1
    0.289438039912286342E+02    0.685693459098504654E+00    0.984476965686567063E+00    0.261359779522547520E-01    0.312076914273054535E+04   -0.631195633965034819E+01    1
    0.929631837709433029E+00    0.703122510889722196E+01    0.526943339752553364E+01    0.313468836835630316E-01    0.312644232012967768E+04   -0.633195633965034865E+01    1
    0.518107176947417258E+02    0.100069153565837734E+02    0.623653394306747355E+01    0.312349534529381412E-01    0.312862745519799546E+04   -0.635195633965034823E+01    1
    0.309011474942930242E+02    0.184037643304623444E+01    0.180594590045132506E+02    0.310967708106969429E-01    0.313129487894622798E+04   -0.637195633965034602E+01    1
    0.383536332300959231E+02    0.443930019878628013E+01    0.131442876214093225E+02    0.310250099777067967E-01    0.313268072933232725E+04   -0.639195633965035004E+01    1
    0.102451820822897375E+02    0.485082511071195110E+01    0.492109249961912987E+01    0.306277906856884455E-01    0.314035043336525177E+04   -0.641195633965034961E+01    1
    0.373120580294758408E+01    0.149611247588431695E+02    0.943693075223449895E+01    0.295897643403793542E-01    0.316037550859164139E+04   -0.643195633965034830E+01    1
    0.351711191657169948E+02    0.705105186633847936E+01    0.110854886546035480E+02    0.290154453140371235E-01    0.317144093734119269E+04   -0.645195633965035142E+01    1
    0.350773001849172772E+02    0.182807380046214618E+02    0.117877653982730557E+02    0.290138287330343400E-01    0.317147206680396266E+04   -0.647195633965035011E+01    1
    0.116065415375007390E+02    0.192960241109053463E+02    0.505438212255080721E+01    0.267132274131095145E-01    0.321565128084613116E+04   -0.649195633965035057E+01    1
    0.245600613265220673E+02    0.814387294341787893E+01    0.443751289749584288E+01    0.263584512369749724E-01    0.322243249684942566E+04   -0.651195633965035370E+01    1
    0.219683766577553143E+02    0.138085954323295113E+02    0.679693363957186847E+01    0.262200911653465707E-01    0.322506632229448678E+04   -0.653195633965035416E+01    1
    0.215022617378199179E+02    0.500299954885078613E+00    0.138455567798286570E+02    0.261297622498861438E-01    0.322678969864374403E+04   -0.655195633965035018E+01    1
    0.334746798990129957E+01    0.123483716303773150E+01    0.170261585878750354E+01    0.243673549691455146E-01    0.323384813979929459E+04   -0.657195633965035064E+01    1
    0.959372977836893348E+01    0.292062547459323874E+01    0.146549731996929200E+02    0.251202126700768996E-01    0.324601130761562763E+04   -0.659195633965035022E+01    1
    0.288426843201158754E+02    0.948861966873891127E+01    0.199592474964623312E+01    0.222576555671680394E-01    0.325692043256889610E+04   -0.661195633965034890E+01    1
    0.103253639443518477E+02    0.650765048261062429E+01    0.830225248552309836E+01    0.244691156462007349E-01    0.325835520873043606E+04   -0.663195633965035203E+01    1
    0.118435664467253883E+02    0.151317995819384556E+02    0.115256176587997583E+02    0.243266537675361598E-01    0.326104988773255081E+04   -0.665195633965034894E+01    1
    0.183657210282220760E+02    0.410705898943859715E+01    0.186685796062039344E+02    0.242021377616960347E-01    0.326340322620967027E+04   -0.667195633965034851E+01    1
    0.216826408284082035E+02    0.233224725355909834E+01    0.130757300311112363E+02    0.240323203594995059E-01    0.326660980259000462E+04   -0.669195633965035075E+01    1
    0.272201045416358696E+02    0.474434486361453622E+01    0.615237326539971896E+01    0.232452661463304310E-01    0.328142493047597145E+04   -0.671195633965034943E+01    1
    0.354297250114209916E+01    0.346183466088048419E+01    0.343051035345308097E+01    0.230276299897314886E-01    0.328512837785604052E+04   -0.673195633965034901E+01    1
    0.164050437216344243E+02    0.722094266455885325E+01    0.712666020135153389E+01    0.217223620106747478E-01    0.330983507044605267E+04   -0.675195633965034947E+01    1
    0.902215009568632809E+01    0.426932122481138610E+01    0.807135949018238108E+01    0.214996207867821330E-01    0.331395823233387000E+04   -0.677195633965034993E+01    1
    0.402346711397229555E+02    0.147730439313285622E+02    0.577043866175192388E+01    0.210671958257429501E-01    0.332194340908564118E+04   -0.679195633965034951E+01    1
    0.302214379819965018E+02    0.229681470084277599E+02    0.551125826041357314E+01    0.210073581650380807E-01    0.332305302683618766E+04   -0.681195633965035174E+01    1
    0.128233637983655875E+02    0.516860143922699766E+01    0.110065767722433492E+02    0.209724173884812577E-01    0.332368139474312829E+04   -0.683195633965035309E+01    1
    0.872175886195806704E+01    0.194927045389098197E+02    0.205929828961836536E+01    0.147721588006661190E-01    0.333129516916165358E+04   -0.685195633965035089E+01    1
    0.294247142313531196E+01    0.843404080913468235E+01    0.840622633804039410E+01    0.202989025827251222E-01    0.333602316432408179E+04   -0.687195633965034780E+01    1
    0.526063654686427817E+01    0.123121204298345965E+02    0.417817538501038488E+01    0.201601410998756385E-01    0.333849268814963034E+04   -0.689195633965035004E+01    1
    0.414952675830743161E+02    0.594338772720742536E+01    0.110437730715914810E+02    0.199400905693503383E-01    0.334255874270258892E+04   -0.691195633965035228E+01    1
    0.256109011028752320E+02    0.127997900050538078E+02    0.545206044535242818E+01    0.196412335305654953E-01    0.334798932426584452E+04   -0.693195633965035185E+01    1
    0.399232368084032174E+00    0.580018016984866414E+01    0.406899887418275252E+01    0.191685613949313383E-01    0.335610136526592441E+04   -0.695195633965035054E+01    1
    0.173251708768869150E+02    0.457356162143847378E+01    0.969128035848242497E+01    0.188858615802568360E-01    0.336158635902003789E+04   -0.697195633965035100E+01    1
    0.301441854374413118E+02    0.470543052083357605E+01    0.126772907128877268E+02    0.186187665130921401E-01    0.336636242574417111E+04   -0.699195633965035235E+01    1
    0.603434911370173843E+01    0.181332492374919134E+02    0.614491386064795009E+01    0.185904085920652710E-01    0.336687185538159702E+04   -0.701195633965035281E+01    1
    0.318965317082276201E+02    0.128740617220992881E+02    0.558758576926191619E+01    0.184890746433591276E-01    0.336868248069562924E+04   -0.703195633965034972E+01    1
    0.256230623192155029E+02    0.135378395102429430E+02    0.400456528797091593E+01    0.177860466090807509E-01    0.338118174190139598E+04   -0.705195633965034840E+01    1
    0.950396512143429995E+01    0.124201299537624248E+02    0.162656212355104168E+01    0.793176955776827078E-03    0.338450414652656264E+04   -0.707195633965035153E+01    1
    0.594890427398441535E+01    0.105574128066579007E+02    0.129111415816409654E+02    0.170771212335491633E-01    0.339352792347326886E+04   -0.709195633965035288E+01    1
    0.298612328525984552E+02    0.149705944968446332E+02    0.135993571325840623E+02    0.170368566263060205E-01    0.339422748856367252E+04   -0.711195633965035245E+01    1
    0.355645380917226390E+02    0.153791063814505904E+02    0.127997332753191877E+02    0.167673941339576589E-01    0.339889508434483741E+04   -0.713195633965035203E+01    1
    0.596432302995733465E+00    0.722980776772269085E+01    0.638730437484045144E+01    0.166978306677265480E-01    0.340009566418552868E+04   -0.715195633965034983E+01    1
    0.308454405267128848E+02    0.131221842904644852E+02    0.414181960932288895E+01    0.166732137176361789E-01    0.340059021236142917E+04   -0.717195633965034851E+01    1
    0.176346166492650731E+02    0.712629811187150253E+01    0.722595430025094743E+01    0.164545567521836821E-01    0.340428265606198511E+04   -0.719195633965035075E+01    1
    0.169882500290235328E+02    0.365132234537854217E+01    0.994298474067072213E+01    0.160123762184896830E-01    0.341183662853700662E+04   -0.721195633965035299E+01    1
    0.487603652634895557E+01    0.479471894168826474E+01    0.142228414524750733E+02    0.158354930418433994E-01    0.341483785792696290E+04   -0.723195633965035256E+01    1
    0.909765415929673971E+01    0.886573493150413938E+01    0.113880992479390102E+02    0.157004752030986336E-01    0.341712055147030878E+04   -0.725195633965035302E+01    1
    0.171444940912836046E+02    0.247834727954254719E+01    0.175464594632840631E+01    0.140644456694739729E-01    0.342404425028027526E+04   -0.727195633965035437E+01    1
    0.262994303720076559E+02    0.197778020678690609E+02    0.750430300806901318E+01    0.148485736532443218E-01    0.343135188528147137E+04   -0.729195633965035395E+01    1
    0.568799291602394348E+02    0.216270525785804324E+02    0.310683938055443276E+01    0.146444433286470731E-01    0.343344157862943621E+04   -0.731195633965035352E+01    1
    0.909895324026397390E+00    0.101835255553271011E+02    0.587601094050695139E+01    0.143545181178787017E-01    0.343945967380351476E+04   -0.733195633965035043E+01    1
    0.198884210924409182E+02    0.856709648121406886E+01    0.682898827617501336E+01    0.142390463734988326E-01    0.344133954139007938E+04   -0.735195633965034823E+01    1
    0.375905286283259787E+01    0.184852247230368105E+01    0.305094529404444614E+01    0.141111668236180657E-01    0.344307462732633894E+04   -0.737195633965034958E+01    1
    0.480891308533022510E+01    0.663293285427836476E+01    0.186041069838009809E+01    0.951159171080827488E-02    0.344425715411246119E+04   -0.739195633965035004E+01    1
    0.445247172344494615E+02    0.595737723106357908E+01    0.624302591308564647E+01    0.139053228659134828E-01    0.344673438835634079E+04   -0.741195633965035050E+01    1
    0.756145754171774520E+01    0.296429157733670312E+01    0.261250432510459607E+01    0.131937793244710048E-01    0.345662854561717768E+04   -0.743195633965035007E+01    1
    0.182465267239631679E+02    0.993014814762139864E+01    0.341839246765142857E+01    0.132708084730233673E-01    0.345682030566381900E+04   -0.745195633965035054E+01    1
    0.314881712791919632E+02    0.112612489451282975E+02    0.249586360803342844E+01    0.120534801402524573E-01    0.346879402732252356E+04   -0.747195633965035100E+01    1
    0.256058064116456023E+02    0.179896688662320905E+02    0.235130480281320198E+01    0.107390275220494089E-01    0.347187279159300988E+04   -0.749195633965035235E+01    1
    0.124895903314076264E+02    0.728817946540806361E+01    0.453140106952866084E+01    0.121136378127972063E-01    0.347472070439179834E+04   -0.751195633965035281E+01    1
    0.466347487890879986E+01    0.752853602669521393E+01    0.883049542343482585E+01    0.120289326190724955E-01    0.347596502665881371E+04   -0.753195633965035150E+01    1
    0.378460220677605292E+02    0.251877108464005701E+02    0.412890439189697833E+01    0.115474771062344227E-01    0.348333949699527466E+04   -0.755195633965035285E+01    1
    0.255727702645012656E+00    0.117509482922396984E+02    0.952783752461622058E+01    0.111551339941671091E-01    0.348885622799024031E+04   -0.757195633965035242E+01    1
    0.367225594965699198E+01    0.165840123571157640E+02    0.102848648375035268E+02    0.104727089170810420E-01    0.349855809766232596E+04   -0.759195633965035110E+01    1
    0.189273260362019755E+02    0.176953132597957072E+02    0.621307631827876872E+01    0.103032920880603094E-01    0.350091805181415748E+04   -0.761195633965035423E+01    1
    0.138352390439983672E+02    0.835595064622885708E+01    0.456025450032458224E+01    0.100933790190646348E-01    0.350384197955216405E+04   -0.763195633965035558E+01    1
    0.477607342907105004E+01    0.962129172167135494E+01    0.693449924710270160E+01    0.987795370293405826E-02    0.350672871402287228E+04   -0.765195633965035427E+01    1
    0.996367894754860117E+01    0.918329233418065272E+01    0.897116571569400811E+01    0.984328207537991245E-02    0.350719565001031697E+04   -0.767195633965035118E+01    1
    0.143544489378139559E+02    0.132933376729642028E+01    0.382194820044426553E+01    0.963357623751123250E-02    0.351002387416729516E+04   -0.769195633965035253E+01    1
    0.130200389433053765E+02    0.966679918622764944E+01    0.116989823361382150E+02    0.927236984181819580E-02    0.351475172963073737E+04   -0.771195633965035210E+01    1
    0.976376745654449252E+01    0.153718779419660088E+02    0.158168074106912506E+02    0.926254790366079495E-02    0.351487929040620929E+04   -0.773195633965035167E+01    1
    0.250703653217963485E+02    0.170373992264777847E+02    0.137221289277198970E+02    0.916019521036176392E-02    0.351620354369479583E+04   -0.775195633965035391E+01    1
    0.136961387818728291E+02    0.192712200599625767E+02    0.447679292674626161E+01    0.893957465852431368E-02    0.351913976036454596E+04   -0.777195633965035348E+01    1
    0.941537319015332130E+01    0.633409643774749576E+01    0.415470808791903679E+01    0.856778662107192911E-02    0.352374393502769408E+04   -0.779195633965035306E+01    1
    0.176764024016419583E+02    0.270949352440635938E+01    0.420444250543429021E+01    0.844147176226323764E-02    0.352526267015989788E+04   -0.781195633965035174E+01    1
    0.110564374174193993E+02    0.118291168047405915E+01    0.126805520950134643E+02    0.842189230923642493E-02    0.352547391184569733E+04   -0.783195633965035132E+01    1
    0.132025505219399442E+01    0.387243861872850914E+01    0.246086055361716260E+01    0.760719166999987949E-02    0.352746724108120361E+04   -0.785195633965035533E+01    1
    0.149870675977753134E+02    0.172927850844344544E+01    0.328015003529651139E+01    0.817871832892808244E-02    0.352847051897136134E+04   -0.787195633965035579E+01    1
    0.873223440844200738E+01    0.820605070292489458E+01    0.751557667290062525E+01    0.796498744300883597E-02    0.353094961809108872E+04   -0.789195633965035537E+01    1
    0.174229806456077050E+02    0.766962375889051895E+01    0.685485011643797293E+01    0.791619111673017538E-02    0.353152240845323468E+04   -0.791195633965035583E+01    1
    0.318785966988094849E+02    0.149916728938529822E+02    0.955954860523489813E+01    0.776424582731327119E-02    0.353328815781793173E+04   -0.793195633965035185E+01    1
    0.105588987123089062E+02    0.495487190093192531E+01    0.721601439816557022E+01    0.765391443632817622E-02    0.353455584460909677E+04   -0.795195633965035142E+01    1
    0.234765842422512527E+01    0.471415966850967560E+01    0.344130161444107063E+01    0.763803375067222644E-02    0.353461127367472182E+04   -0.797195633965035189E+01    1
    0.240669260699259731E+02    0.510534864477129435E+01    0.315049658806464050E+01    0.748809251209261832E-02    0.353661226422693153E+04   -0.799195633965035235E+01    1
    0.330503332633442497E+02    0.406212005290904976E+01    0.313440025509499964E+01    0.744387783728533460E-02    0.353710719494819705E+04   -0.801195633965035192E+01    1
    0.313202832366649204E+02    0.107156163691125244E+02    0.249986359975872086E+01    0.698407013233364078E-02    0.353746639356547439E+04   -0.803195633965034972E+01    1
    0.199984593126160242E+02    0.715023088710726196E+01    0.506214771834065580E+01    0.739677061061433383E-02    0.353747670953204624E+04   -0.805195633965035107E+01    1
    0.189538700939957749E+02    0.130113274352001298E+02    0.914365129181689440E+01    0.737870324605750631E-02    0.353766036794214006E+04   -0.807195633965035420E+01    1
    0.114101591780464631E+02    0.276937601777758191E+01    0.670461232556947362E+01    0.727959700825080332E-02    0.353875845609736143E+04   -0.809195633965035555E+01    1
    0.300433935469086322E+02    0.370143681262058877E+01    0.143006387747658668E+02    0.723219130087080983E-02    0.353927936159417914E+04   -0.811195633965035512E+01    1
    0.169970377152510501E+02    0.339267823522788969E+01    0.675886298372229888E+01    0.692820354468496116E-02    0.354256163365893508E+04   -0.813195633965035292E+01    1
    0.817383182080577697E+01    0.152982500869507874E+02    0.696568699318713769E+01    0.680313948715097032E-02    0.354388164841649768E+04   -0.815195633965035249E+01    1
    0.394700315644572264E+01    0.707277383231668999E+01    0.988865029880916424E+01    0.660341588375970567E-02    0.354594877879595697E+04   -0.817195633965035206E+01    1
    0.251305314589862760E+02    0.588532622083792045E+01    0.231971428546330039E+01    0.602204303439400276E-02    0.354798985648228563E+04   -0.819195633965035341E+01    1
    0.387734320105292607E+01    0.137597106491053971E+02    0.338914535209693657E+01    0.636275038085981973E-02    0.354815596976898496E+04   -0.821195633965035476E+01    1
    0.144664616405583342E+02    0.417015728633672111E+01    0.338634232998676055E+01    0.635413123118437617E-02    0.354861719713348202E+04   -0.823195633965035434E+01    1
    0.604338606878831541E+01    0.162543323936238657E+02    0.660183081478654010E+01    0.615785255125200770E-02    0.355038945665427718E+04   -0.825195633965035569E+01    1
    0.370204101797757090E+02    0.135508347293066365E+02    0.776550438110736874E+01    0.609154768832878384E-02    0.355102618237067009E+04   -0.827195633965035348E+01    1
    0.222446440659642803E+02    0.170599851004111862E+02    0.891295534995517791E+01    0.600759499141939775E-02    0.355182699362900848E+04   -0.829195633965035483E+01    1
    0.191505158676711673E+01    0.197883210695836986E+01    0.147715544475541396E+02    0.588292722004788750E-02    0.355299941480195639E+04   -0.831195633965035618E+01    1
    0.105530191431745983E+02    0.134439130129799089E+02    0.475015788147830698E+01    0.586353675999021565E-02    0.355324211335605423E+04   -0.833195633965035576E+01    1
    0.839185219059964638E+01    0.465586371311345903E+01    0.295584606141307171E+01    0.563214612608862325E-02    0.355532611302396754E+04   -0.835195633965035533E+01    1
    0.873290862733030693E+01    0.706765919529283071E+01    0.466409411649928440E+01    0.563093201266058781E-02    0.355534489737009926E+04   -0.837195633965035313E+01    1
    0.131329054305871562E+02    0.116421597650830400E+01    0.304729109031237311E+01    0.563436901093597453E-02    0.355535203127337309E+04   -0.839195633965035270E+01    1
    0.805350812559827034E+01    0.803528179090397288E+01    0.477015585919491603E+01    0.540247462880662395E-02    0.355735932462677420E+04   -0.841195633965035228E+01    1
    0.162202433970162296E+02    0.775687946544763030E+01    0.100598322436087599E+02    0.520945970143155655E-02    0.355896853449570017E+04   -0.843195633965035363E+01    1
    0.198275224692150118E+02    0.333663142744339103E+01    0.248055851247032466E+01    0.515295130718809204E-02    0.355908430037187964E+04   -0.845195633965035320E+01    1
    0.301900943512625020E+01    0.141087920400154303E+02    0.907145794351661650E+01    0.516503184748893021E-02    0.355933992362736672E+04   -0.847195633965035455E+01    1
    0.156174052945788340E+02    0.517433487475079890E+01    0.839445571334022134E+01    0.515201072364576164E-02    0.355944822657714985E+04   -0.849195633965035412E+01    1
    0.452828494628930045E+00    0.706671012809915666E+01    0.438417306707044396E+01    0.500324792911195637E-02    0.356066180632433588E+04   -0.851195633965035547E+01    1
    0.829524001864150229E+01    0.929067952212540860E+01    0.194849434023355883E+02    0.491816329088533809E-02    0.356135084559473262E+04   -0.853195633965035505E+01    1
    0.148731466273166753E+02    0.101650874096589732E+02    0.129984047409132017E+02    0.491465562701751298E-02    0.356137876796063802E+04   -0.855195633965035285E+01    1
    0.376709723614120833E+02    0.169996842858771089E+02    0.454475194011713679E+01    0.485263840034907967E-02    0.356198822783134801E+04   -0.857195633965035242E+01    1
    0.324650882611456559E+01    0.108982927123495354E+02    0.417587112850622333E+01    0.474556860252697311E-02    0.356281950418025053E+04   -0.859195633965035377E+01    1
    0.331161478959990063E+02    0.493312515193694345E+01    0.448732799332081633E+01    0.460599855427402255E-02    0.356380261106220769E+04   -0.861195633965035512E+01    1
    0.698547738552670161E+01    0.190486707151247003E+02    0.142258101997243180E+02    0.456838500645613023E-02    0.356404322795011512E+04   -0.863195633965035647E+01    1
    0.344664488162228295E+02    0.734703474425274283E+01    0.634440919037660755E+01    0.446667319096820739E-02    0.356479239074918451E+04   -0.865195633965035782E+01    1
    0.108657582568150808E+02    0.682429792830807980E+01    0.335727731221016157E+01    0.440436018858481743E-02    0.356553342513903181E+04   -0.867195633965035384E+01    1
    0.386720009477663567E+02    0.459819033547497646E+01    0.134002433144418340E+02    0.424523022841563451E-02    0.356636075786308857E+04   -0.869195633965035341E+01    1
    0.138849534674958974E+02    0.239633501405823601E+01    0.358426780615310125E+01    0.421252725917873640E-02    0.356668232045945524E+04   -0.871195633965035476E+01    1
    0.380227162249492494E+02    0.621828541752332953E+01    0.197115120165423505E+02    0.406320925010905318E-02    0.356759163589370155E+04   -0.873195633965035611E+01    1
    0.107912756507400562E+02    0.634996713735903295E+01    0.402821952257748439E+01    0.402834610712545123E-02    0.356793985098275289E+04   -0.875195633965035569E+01    1
    0.843699041104777692E+01    0.548841931583531562E+01    0.143490105652538347E+02    0.395158912469057572E-02    0.356831918294265915E+04   -0.877195633965035526E+01    1
    0.222251300437730706E+02    0.597780940832917995E+01    0.396943130014756473E+01    0.392356416175388203E-02    0.356862534070085621E+04   -0.879195633965035483E+01    1
    0.674806385684627674E+01    0.723367942091423366E+01    0.444733842474748808E+01    0.381418167971629999E-02    0.356925162282344309E+04   -0.881195633965035441E+01    1
    0.645908363912379890E+01    0.495989438021081686E+01    0.613049228919619704E+01    0.370090291399892629E-02    0.356987791826850889E+04   -0.883195633965035398E+01    1
    0.175575329500404678E+02    0.203452727203746413E+02    0.701404701890215865E+01    0.366182871226635202E-02    0.357011015139279652E+04   -0.885195633965035533E+01    1
    0.176419020666200410E+01    0.122565224095331224E+02    0.771727720963530039E+01    0.354025368233389049E-02    0.357081618100011792E+04   -0.887195633965035491E+01    1
    0.405646653040197833E+02    0.597511205541667145E+01    0.119321696284984373E+02    0.342493849520383560E-02    0.357146233303621921E+04   -0.889195633965035626E+01    1
    0.210972521520505012E+02    0.678209460661660657E-01    0.795071480347135839E+01    0.337341080135947604E-02    0.357174342420534776E+04   -0.891195633965035761E+01    1
    0.210061600045928287E+01    0.112914631929390215E+02    0.851682375536175229E+01    0.326064092929395427E-02    0.357234172127133343E+04   -0.893195633965035896E+01    1
    0.106048039403985008E+02    0.872058156449823230E+01    0.495409856700182605E+01    0.320605872662281565E-02    0.357265560385402568E+04   -0.895195633965035675E+01    1
    0.500115086350047306E+02    0.198078154178824750E+01    0.132163831872739230E+02    0.318997029565800663E-02    0.357270459773945686E+04   -0.897195633965035633E+01    1
    0.937056230585773697E+01    0.518596809025179084E+01    0.948711705025241336E+01    0.317786328096876991E-02    0.357276584462540222E+04   -0.899195633965035590E+01    1
    0.191311801434090256E+02    0.125081614477379617E+02    0.928313043964784157E+01    0.314940268862067821E-02    0.357290874031961221E+04   -0.901195633965035547E+01    1
    0.147389034325624557E+02    0.126922736769862574E+02    0.130084517317579955E+02    0.313648636103053399E-02    0.357297307442672854E+04   -0.903195633965035682E+01    1
    0.453109343033697058E+02    0.540048555563643795E+01    0.128928471243634615E+02    0.297851650337679517E-02    0.357373450223645750E+04   -0.905195633965035817E+01    1
    0.134265450312189749E+01    0.160308315464495230E+02    0.782603900070806091E+01    0.295375200747144970E-02    0.357384986532706216E+04   -0.907195633965035952E+01    1
    0.324448954450962646E+02    0.283116762940640143E+01    0.130365930780824719E+02    0.291786141437935494E-02    0.357401419381910137E+04   -0.909195633965035555E+01    1
    0.365110791305089109E+02    0.506042288956225494E+01    0.133966847856563298E+02    0.280658695501125348E-02    0.357450875630290602E+04   -0.911195633965035512E+01    1
    0.258116575361066865E+02    0.649185758004195534E+01    0.554143889782545429E+01    0.278647910210017479E-02    0.357460340672481834E+04   -0.913195633965035647E+01    1
    0.125392188172297185E+02    0.627895242844671131E+01    0.706578919521398596E+01    0.269125435903084945E-02    0.357499613712653718E+04   -0.915195633965035960E+01    1
    0.150090144682285818E+02    0.146274613803907414E+02    0.373984626479179250E+01    0.274305713242470198E-02    0.357522379406613118E+04   -0.917195633965036095E+01    1
    0.340823488572799533E+02    0.530329145822172787E+01    0.836915735172972219E+01    0.261798831119977723E-02    0.357529132797666625E+04   -0.919195633965036052E+01    1
    0.374843128818535476E+02    0.492433414850655637E+01    0.109024331439612752E+02    0.253033609950202966E-02    0.357563074324239597E+04   -0.921195633965035832E+01    1
    0.484997196684087726E+02    0.704398493422137051E+01    0.594623711556729884E+01    0.252539111603845628E-02    0.357565328295158861E+04   -0.923195633965035434E+01    1
    0.186693219800156349E+02    0.308110222839420889E+01    0.758662136532342757E+01    0.247648401962752068E-02    0.357583162521445911E+04   -0.925195633965035391E+01    1
    0.958179704361945994E+00    0.152543462863734298E+02    0.120417535231602209E+02    0.243859520228113845E-02    0.357596927156543643E+04   -0.927195633965035526E+01    1
    0.316218539457843200E+02    0.471325529590718428E+01    0.255593720235783906E+01    0.248226303443254337E-02    0.357605772864454366E+04   -0.929195633965035661E+01    1
    0.926920299573073336E+01    0.693292814087543530E+01    0.261821814634271544E+01    0.218515753717583817E-02    0.357618023547426037E+04   -0.931195633965035974E+01    1
    0.288827213668781866E+02    0.197211733020498912E+02    0.134327938686065220E+02    0.231306480221395031E-02    0.357640435587501952E+04   -0.933195633965035576E+01    1
    0.954367034445004592E+01    0.750031381735503722E+01    0.884521817279023281E+01    0.214253430334243817E-02    0.357694246281415326E+04   -0.935195633965035533E+01    1
    0.101543507877787480E+02    0.114905374527051247E+02    0.114466832210900549E+02    0.209945825879172829E-02    0.357706856880579926E+04   -0.937195633965035491E+01    1
    0.191769909578726256E+02    0.171654572255833937E+01    0.703865778049775059E+01    0.207372594410350003E-02    0.357714212828656537E+04   -0.939195633965035448E+01    1
    0.793318746252635165E+01    0.181504616564096688E+01    0.334355510743771944E+01    0.211558514319104421E-02    0.357715533932517656E+04   -0.941195633965035405E+01    1
    0.721464868176144236E+01    0.213389985080353242E+02    0.901050843877844976E+01    0.201001265981713565E-02    0.357731770678442808E+04   -0.943195633965035363E+01    1
    0.158501406292876545E+02    0.361446228173302142E+01    0.478785279473875747E+01    0.189337481524088020E-02    0.357763591940088418E+04   -0.945195633965035498E+01    1
    0.368695306992735681E+02    0.161126324117767403E+02    0.992921156781591741E+01    0.185993963174893541E-02    0.357769633780673121E+04   -0.947195633965035810E+01    1
    0.265573635011721514E+02    0.191519673386596594E+02    0.280165726038915119E+01    0.111631570289000628E-02    0.357782150571079319E+04   -0.949195633965035945E+01    1
    0.178477912453093559E+02    0.113241602777282395E+02    0.105290546014314153E+02    0.180053432240717985E-02    0.357783244822402276E+04   -0.951195633965035725E+01    1
    0.307342422820812153E+02    0.139030511736676132E+02    0.863709210737180655E+01    0.911031788925799335E-06    0.357789664473441781E+04   -0.953195633965035860E+01    1
    0.309541399394659749E+02    0.230497536804029188E+02    0.137068733557833795E+02    0.169331068126847908E-04    0.357793370874255697E+04   -0.955195633965035817E+01    1
    0.324173119684749000E+01    0.927883698896460984E+01    0.110458804396929331E+02    0.273433578007837783E-04    0.357795742832989845E+04   -0.957195633965035775E+01    1
    0.237320070380273371E+02    0.149561459887542725E+02    0.148088167501905126E+02    0.329644475215748294E-04    0.357797010682504288E+04   -0.959195633965035732E+01    1
    0.195841565334776071E+02    0.257388598359709668E+02    0.295046020840535617E+01    0.491322373127531242E-03    0.357805882725633910E+04   -0.961195633965035867E+01    1
    0.501566683774195798E+01    0.529201086078751448E+01    0.184897882855361004E+02    0.168965325122382186E-02    0.357806530080540006E+04   -0.963195633965035825E+01    1
    0.199815653020060537E+02    0.948465417110067577E+01    0.166451459329262121E+02    0.800449644062415332E-04    0.357807277529275461E+04   -0.965195633965035960E+01    1
    0.162645185602127036E+02    0.661240004683905092E+01    0.537915419093712721E+01    0.166627468209534823E-02    0.357812256019481720E+04   -0.967195633965035739E+01    1
    0.238663624691724152E+02    0.881566405437369838E+01    0.295370920575657436E+01    0.194787292094153333E-02    0.357814038184364881E+04   -0.969195633965035697E+01    1
    0.272678164391019386E+02    0.103551394272319968E+02    0.552917689332363871E+01    0.165779002228291306E-02    0.357814039527079376E+04   -0.971195633965035654E+01    1
    0.312518791811409713E+02    0.104112155695076396E+02    0.826085853873452081E+01    0.164233276649098205E-02    0.357815625493063544E+04   -0.973195633965035789E+01    1
    0.935247960361867570E+01    0.131277098065800626E+02    0.453478290547616414E+01    0.168746946188801832E-02    0.357818651832313981E+04   -0.975195633965035746E+01    1
    0.235637495513227009E+02    0.103725461739186429E+02    0.131570147262844763E+02    0.160394959156443841E-03    0.357823353223858112E+04   -0.977195633965035526E+01    1
    0.549587139999383734E+01    0.106723647141394231E+02    0.756487528365672190E+01    0.156874485049910339E-02    0.357828764970190832E+04   -0.979195633965035661E+01    1
    0.921793985423674300E+00    0.898394189134982035E+01    0.894397893162212831E+01    0.190268579216468139E-03    0.357828870825899367E+04   -0.981195633965035796E+01    1
    0.149108589353781831E+02    0.130237058835676027E+02    0.661369549202061524E+01    0.189935899966681490E-03    0.357829035825744040E+04   -0.983195633965035753E+01    1
    0.121988642869491528E+02    0.752845433343730619E+01    0.874528437466386421E+01    0.156318862548023409E-02    0.357829674484584984E+04   -0.985195633965035888E+01    1
    0.242431417300281780E+02    0.401194393775083924E+01    0.535205339766836463E+01    0.155699820639060597E-02    0.357831445710621301E+04   -0.987195633965036023E+01    1
    0.128801321960566817E+02    0.113545961183453095E+02    0.388220457534684904E+01    0.171053417638371936E-02    0.357833932246278937E+04   -0.989195633965035981E+01    1
    0.240708732316783625E+02    0.223784953985059047E+02    0.939564081019045716E+01    0.151442716130851607E-02    0.357837612331773335E+04   -0.991195633965035761E+01    1
    0.110737433897796134E+02    0.111209853222966473E+02    0.112028255377232142E+02    0.148521521713718173E-02    0.357842101411372005E+04   -0.993195633965035718E+01    1
    0.212501163155413693E+02    0.334389981307406048E+01    0.711945340925096737E+01    0.281923321849643620E-03    0.357844262827178909E+04   -0.995195633965035853E+01    1
    0.551137039668827100E+02    0.787284788015387438E+01    0.164441140367061323E+02    0.146715998767430302E-02    0.357844777323358539E+04   -0.997195633965035810E+01    1
    0.252891109464688029E+02    0.175642118651915133E+02    0.140304491379314040E+02    0.145665372809687362E-02    0.357846299300711553E+04   -0.999195633965035945E+01    1
    0.162490619554423503E+02    0.243491950357348230E+01    0.767475462153888444E+01    0.348195243086608062E-03    0.357853921147930032E+04   -0.100119563396503626E+02    1
    0.574692887795873997E+01    0.938944965731169567E+01    0.363700874078962855E+01    0.162835234149778232E-02    0.357855988958320586E+04   -0.100319563396503622E+02    1
    0.148238500947677068E+02    0.106463101114105996E+01    0.574063115473896080E+01    0.365435776369218372E-03    0.357856335679400263E+04   -0.100519563396503600E+02    1
    0.154012683246862458E+02    0.783950941342622531E+01    0.869751428906779900E+01    0.373593641121822053E-03    0.357857307721135385E+04   -0.100719563396503577E+02    1
    0.172499418715774979E+02    0.746125006815204195E+01    0.867476225236798371E+01    0.399040463726996284E-03    0.357860527905415893E+04   -0.100919563396503591E+02    1
    0.220625993742284905E+02    0.836680915560502569E+01    0.245929255353887299E+02    0.404646757969101371E-03    0.357861211378916050E+04   -0.101119563396503640E+02    1
    0.160612893420512570E+02    0.856718434878943391E+00    0.169403970724954576E+02    0.412377394072141468E-03    0.357862143193444035E+04   -0.101319563396503618E+02    1
    0.285604828643442907E+02    0.259043332239644553E+01    0.460712725779023380E+01    0.133651599747499836E-02    0.357863842090623393E+04   -0.101519563396503578E+02    1
    0.252656466595795841E+02    0.692771240503410901E+01    0.472546786792795181E+01    0.135556082679580371E-02    0.357863850055070861E+04   -0.101719563396503592E+02    1
    0.121550805231272552E+02    0.783264809666838069E+01    0.648722345625643015E+01    0.131753227767494830E-02    0.357864168539793855E+04   -0.101919563396503605E+02    1
    0.114898530607179570E+02    0.150467610717137710E+02    0.191342897854760068E+02    0.130779362759133461E-02    0.357865063416945759E+04   -0.102119563396503601E+02    1
    0.168940824029976966E+02    0.202367985150843843E+02    0.121852225323322116E+02    0.130533318474891896E-02    0.357865329300253234E+04   -0.102319563396503597E+02    1
    0.292519174522182261E+02    0.303516511076073181E+01    0.587062513300534405E+01    0.130160577540145610E-02    0.357865933813720312E+04   -0.102519563396503592E+02    1
    0.113744030424934515E+02    0.114318445387675158E+02    0.513424085074518821E+01    0.425481610283385582E-03    0.357867192314051636E+04   -0.102719563396503624E+02    1
    0.163420938883197451E+02    0.199964260343821962E+02    0.113242976176717978E+02    0.459904599673209655E-03    0.357867517669305244E+04   -0.102919563396503619E+02    1
    0.222706391182467378E+02    0.777631462939576679E+01    0.801688916331275081E+01    0.470337030845323616E-03    0.357868624676267837E+04   -0.103119563396503597E+02    1
    0.128646031207494183E+01    0.769835258495471830E+01    0.151830342920727457E+02    0.472476824993275837E-03    0.357868837703698910E+04   -0.103319563396503593E+02    1
    0.233480082646612424E+02    0.446843088789953136E+01    0.120893584059652923E+02    0.491808258839570266E-03    0.357870784852058887E+04   -0.103519563396503589E+02    1
    0.145001687024080965E+02    0.110766876060190267E+01    0.548709098897835545E+01    0.492485487621648760E-03    0.357871020451293180E+04   -0.103719563396503585E+02    1
    0.950325359758610766E+01    0.191068664491512017E+02    0.727437070582273115E+01    0.124367900098506026E-02    0.357871612177682755E+04   -0.103919563396503580E+02    1
    0.195646543924682170E+01    0.638487948033909980E+01    0.377400546911429835E+01    0.141582688204341988E-02    0.357871991681378177E+04   -0.104119563396503576E+02    1
    0.137168947099035190E+02    0.699311140213954996E+01    0.811746837333417837E+01    0.544329052190594808E-03    0.357875577988357236E+04   -0.104319563396503590E+02    1
    0.200383793987071819E+02    0.940701272224477059E+01    0.849233049446183941E+01    0.545277686513107041E-03    0.357875655188166775E+04   -0.104519563396503603E+02    1
    0.237572664837309731E+02    0.447521116179999279E+01    0.111130393633534403E+02    0.555100312294534194E-03    0.357876462249971655E+04   -0.104719563396503599E+02    1
    0.228441096939819985E+02    0.389775802730204468E+01    0.595220044924906588E+01    0.116458389064537067E-02    0.357878339276485667E+04   -0.104919563396503612E+02    1
    0.102646952409745253E+02    0.487717316539606482E+01    0.458655004343057993E+01    0.533741722770448863E-03    0.357878958440553242E+04   -0.105119563396503608E+02    1
    0.155462894573650701E+02    0.169747469073587496E+02    0.582823733931120724E+01    0.116487143757434226E-02    0.357879387362616762E+04   -0.105319563396503586E+02    1
    0.234641369119023580E+02    0.994745737452152667E+01    0.564905879273790479E+01    0.115997242422948574E-02    0.357879492752073475E+04   -0.105519563396503617E+02    1
    0.128236170655669213E+02    0.568835216371589603E+01    0.461213238266573455E+01    0.120415671245424540E-02    0.357879516572007469E+04   -0.105719563396503577E+02    1
    0.178659282339399326E+02    0.926351218435859991E+00    0.135258754904788745E+02    0.114002375717845578E-02    0.357879848002117842E+04   -0.105919563396503609E+02    1
    0.203437710290314584E+02    0.134557265139662476E+02    0.885894174317844474E+01    0.604098379867984252E-03    0.357880130755024447E+04   -0.106119563396503622E+02    1
    0.336138854157705058E+01    0.753689677416622406E+01    0.655408783769540726E+01    0.604603570960272115E-03    0.357880333501279301E+04   -0.106319563396503600E+02    1
    0.415509866533911243E+01    0.667571236040430716E+01    0.121052144504333263E+02    0.610412240257875074E-03    0.357880554069808159E+04   -0.106519563396503596E+02    1
    0.169846693422246133E+02    0.813140472940010284E+01    0.781273250284153864E+01    0.620595709115735143E-03    0.357881233222018682E+04   -0.106719563396503592E+02    1
    0.177135145355394918E+02    0.121193302281009352E+02    0.154740687976007560E+02    0.111870580744175821E-02    0.357881236412831049E+04   -0.106919563396503587E+02    1
    0.206087985694897355E+02    0.753093851774251544E+01    0.583039463749443154E+01    0.112551474863353341E-02    0.357881368436911634E+04   -0.107119563396503583E+02    1
    0.157791145647147992E+02    0.739326218512288236E+01    0.111908414030800660E+02    0.626257235023936366E-03    0.357881577690220593E+04   -0.107319563396503597E+02    1
    0.672888306259876323E+01    0.125253320233666727E+02    0.744013992674459068E+01    0.111263132857687946E-02    0.357881659039663873E+04   -0.107519563396503610E+02    1
    0.241390224370360755E+02    0.395829788769213797E+01    0.120726604537978943E+02    0.630779723044598301E-03    0.357881857735681069E+04   -0.107719563396503588E+02    1
    0.237429272249032621E+02    0.810963616771937978E+01    0.200843340181738164E+02    0.641010459081694118E-03    0.357882471496520338E+04   -0.107919563396503584E+02    1
    0.280066847153889817E+02    0.125561745017713378E+02    0.107195229642020955E+02    0.109274193543430461E-02    0.357882776738408438E+04   -0.108119563396503615E+02    1
    0.124745230126078717E+02    0.130888727664556654E+02    0.557955102385619561E+01    0.111675985222233843E-02    0.357883003220834280E+04   -0.108319563396503646E+02    1
    0.277936158333679266E+02    0.513190175924342018E+01    0.103122771905901001E+02    0.107546637006753929E-02    0.357883709577267473E+04   -0.108519563396503624E+02    1
    0.174619116212634466E+02    0.210077528620534970E+00    0.120488022420021448E+02    0.670935230129040064E-03    0.357884109490108267E+04   -0.108719563396503620E+02    1
    0.265516987378751352E+02    0.753908545259406271E+01    0.802995533346642354E+01    0.693251353790817586E-03    0.357885186897788481E+04   -0.108919563396503634E+02    1
    0.205016093820708392E+02    0.685777083086721273E+01    0.143690351601840778E+02    0.103245123358025994E-02    0.357885711625325075E+04   -0.109119563396503629E+02    1
    0.127726030172100167E+02    0.111405498978672721E+02    0.140391887445248180E+02    0.713635456204176656E-03    0.357886042469717586E+04   -0.109319563396503607E+02    1
    0.213727217296783678E+00    0.122609524397319944E+02    0.915643428338722565E+01    0.102223485116289918E-02    0.357886122004722029E+04   -0.109519563396503621E+02    1
    0.518150016190344065E+01    0.209337729436873721E+01    0.126665267708828928E+02    0.723717625979394211E-03    0.357886429755610106E+04   -0.109719563396503617E+02    1
    0.161036484379189631E+02    0.707689045869439681E+01    0.910417589719058462E+01    0.101360948155534243E-02    0.357886444990449809E+04   -0.109919563396503612E+02    1
    0.217488876156722810E+01    0.325448281845413590E+01    0.555275934261082860E+01    0.102272847921410772E-02    0.357886595336307846E+04   -0.110119563396503608E+02    1
    0.293770818233206015E+02    0.592392990383045337E+01    0.321787836911458047E+01    0.152415740167272324E-02    0.357886665602575658E+04   -0.110319563396503604E+02    1
    0.378920998598257963E+01    0.861565177743170096E+01    0.167673661214268606E+02    0.100276401752568377E-02    0.357886825485295276E+04   -0.110519563396503617E+02    1
    0.291563420499744304E+02    0.424146154525166796E+01    0.877038322876508047E+01    0.736290847191737891E-03    0.357886876911772515E+04   -0.110719563396503613E+02    1
    0.251108539513508191E+02    0.585723005182598477E+01    0.731508078975333831E+01    0.738784548965625270E-03    0.357886984329892175E+04   -0.110919563396503609E+02    1
    0.135847107121507378E+02    0.101792019901459057E+02    0.600964157655738607E+01    0.101337784014875806E-02    0.357887011442921039E+04   -0.111119563396503622E+02    1
    0.803721046475331313E+01    0.219208152501319598E+01    0.476291025185908712E+01    0.704491005690427961E-03    0.357887064671840972E+04   -0.111319563396503654E+02    1
    0.218438512900937951E+02    0.979804087922151190E+01    0.638251952522275356E+01    0.735904741173118437E-03    0.357887117480370716E+04   -0.111519563396503649E+02    1
    0.250626070526544211E+02    0.389546011205716924E+01    0.140443427156951373E+02    0.745226541974527198E-03    0.357887168016674559E+04   -0.111719563396503645E+02    1
    0.146414184853495399E+01    0.833365964923668301E+01    0.811305763478562625E+01    0.750620946275223130E-03    0.357887344943123753E+04   -0.111919563396503658E+02    1
    0.174721571631413859E+02    0.128168612214224584E+02    0.131596488760410733E+02    0.982182527374374052E-03    0.357887468734000140E+04   -0.112119563396503654E+02    1
    0.209757415562978551E+02    0.143448921400758245E+01    0.839965980790353939E+01    0.966649336096298342E-03    0.357887884826710115E+04   -0.112319563396503614E+02    1
    0.250428259265964712E+02    0.111193321121935185E+02    0.127584032185912370E+02    0.959605702000493853E-03    0.357888052485540175E+04   -0.112519563396503610E+02    1
    0.226744599663388939E+02    0.335846492566287447E+01    0.775688296203559879E+01    0.959844026485468394E-03    0.357888053084360081E+04   -0.112719563396503606E+02    1
    0.294215672821104945E+02    0.100077977293169091E+02    0.127556450362783380E+02    0.781025840788562332E-03    0.357888132009492574E+04   -0.112919563396503602E+02    1
    0.411657110397692776E+02    0.111795943030552571E+02    0.769476452616397211E+01    0.946933584909331535E-03    0.357888346088600474E+04   -0.113119563396503633E+02    1
    0.123810944559807812E+02    0.547115509491960772E+01    0.154037887348062359E+02    0.795210869691310909E-03    0.357888422771361957E+04   -0.113319563396503629E+02    1
    0.590366955398022153E+01    0.115094333867797456E+02    0.198412702048519805E+02    0.804082074277114641E-03    0.357888578371525182E+04   -0.113519563396503624E+02    1
    0.310136961652040775E+02    0.160506489707983810E+02    0.541219808652510093E+01    0.711634557678339757E-03    0.357888620888245441E+04   -0.113719563396503602E+02    1
    0.181401541270029121E+02    0.551682084764815173E+01    0.134231573276712712E+02    0.929465049633713351E-03    0.357888632431302494E+04   -0.113919563396503616E+02    1
    0.187195463416769101E+02    0.664335037426310837E+01    0.187517173967560993E+02    0.808143554878889246E-03    0.357888642879093140E+04   -0.114119563396503612E+02    1
    0.205000801041545913E+02    0.924650274606211831E+01    0.438088773504179407E+01    0.565408950653534075E-03    0.357888651024032742E+04   -0.114319563396503625E+02    1
    0.446694750421370301E+02    0.759151787900299979E+01    0.718894630646064137E+01    0.930408416252891720E-03    0.357888657255432872E+04   -0.114519563396503639E+02    1
    0.334792386367588222E+02    0.135602017793515870E+02    0.917385744975469919E+01    0.923907262013322350E-03    0.357888715957341674E+04   -0.114719563396503617E+02    1
    0.235951621675368841E+02    0.160426730124694821E+02    0.997803481378955759E+01    0.919170057411253238E-03    0.357888778537350345E+04   -0.114919563396503612E+02    1
    0.142733062615887469E+02    0.992861560471808957E+01    0.147664824246025521E+02    0.917256723565443646E-03    0.357888802272349085E+04   -0.115119563396503626E+02    1
    0.264150276207189840E+02    0.145804296549912245E+02    0.111776183292015610E+02    0.915349296159999066E-03    0.357888825448600846E+04   -0.115319563396503639E+02    1
    0.180436907045640247E+02    0.143085173384372553E+02    0.107991292578373148E+02    0.821778740345475902E-03    0.357888828637522283E+04   -0.115519563396503635E+02    1
    0.115344043038326429E+02    0.811640171243979047E+01    0.115100376747115511E+02    0.908327860985612238E-03    0.357888902695508705E+04   -0.115719563396503631E+02    1
    0.181166701717266925E+02    0.220371714102550982E+02    0.883756612717107615E+01    0.831533634603037839E-03    0.357888937337115249E+04   -0.115919563396503627E+02    1
    0.330583271172868223E+02    0.103368304121606442E+02    0.126609997899232134E+02    0.834497756574665347E-03    0.357888958929347064E+04   -0.116119563396503622E+02    1
    0.973991771689535213E+01    0.744861352368746132E+01    0.591747538086050717E+01    0.798743259653375386E-03    0.357888994840829855E+04   -0.116319563396503636E+02    1
    0.137556420494712270E+02    0.726461780459200313E+01    0.127130833439093678E+02    0.897450749975843304E-03    0.357888997792579949E+04   -0.116519563396503649E+02    1
    0.284343393651824705E+02    0.869199845180381558E+01    0.148223764307197889E+02    0.850926406547927814E-03    0.357889066234260054E+04   -0.116719563396503663E+02    1
    0.156359397328645180E+02    0.413291516380587876E+01    0.209748476190138788E+02    0.860918031925329147E-03    0.357889097882548185E+04   -0.116919563396503641E+02    1
    0.154453574137500063E+02    0.185905025555109233E+02    0.694654172654959368E+01    0.832331302917734255E-03    0.357889106734611460E+04   -0.117119563396503636E+02    1
    0.102965108610714680E+02    0.593362833518353039E+01    0.750065210408324923E+01    0.870519475603829477E-03    0.357889123525539662E+04   -0.117319563396503650E+02    1
    0.260005924742481405E+02    0.956859664711152291E+01    0.501472457187325027E+01    0.102520962466444692E-02    0.357889405389882222E+04   -0.117519563396503663E+02    1
    0.301374279614930920E+02    0.539506808623080492E+01    0.494106762664688226E+01    0.989749503084736467E-03    0.357889448835024587E+04   -0.117719563396503641E+02    1
    0.224761944075398645E+02    0.441173273673266486E+01    0.321790056998815599E+01    0.281051852120703036E-03    0.357889551121728937E+04   -0.117919563396503619E+02    1
    0.370208552877462722E+02    0.133566685817749580E+02    0.604328110550007658E+01    0.873111262578821299E-03    0.357889746956359295E+04   -0.118119563396503633E+02    1
    0.137908777157167766E+02    0.122951862812731889E+02    0.575440511069046323E+01    0.925249516676582544E-03    0.357889800148118366E+04   -0.118319563396503664E+02    1
    0.363701337610840767E+02    0.826291492048660992E+01    0.561786042676558584E+01    0.836655478427434773E-03    0.357889887643402153E+04   -0.118519563396503660E+02    1
    0.100716849225729899E+02    0.171821317437091139E+02    0.588819739975065737E+01    0.904803153459789612E-03    0.357890164723379394E+04   -0.118719563396503673E+02    1
    0.905332948372163138E+01    0.200801041334755368E+02    0.587621043923941766E+01    0.813719774269379154E-03    0.357890212779471904E+04   -0.118919563396503651E+02    1
    0.266677047196721801E+02    0.983300473836111166E+01    0.427745482377634811E+01    0.118771664884060983E-02    0.357890306764430397E+04   -0.119119563396503629E+02    1
    0.156658152818655996E+02    0.210132538069871488E+01    0.439622875255282608E+01    0.966957476726974796E-03    0.357890415281835931E+04   -0.119319563396503643E+02    1
    0.105575298024337929E+02    0.870401721627643177E+00    0.406151799075975983E+01    0.925662874189621138E-03    0.357890732318993832E+04   -0.119519563396503639E+02    1
    0.183418750621101658E+02    0.163137044787352572E+02    0.495408990171631558E+01    0.106006385622304990E-02    0.357891071475720582E+04   -0.119719563396503634E+02    1
    0.149871339987290781E+02    0.139334058859193028E+02    0.477789714955464007E+01    0.660635840525257596E-03    0.357891710143597220E+04   -0.119919563396503648E+02    1
    0.465709136333686544E+02    0.100241891563299301E+02    0.484031449995926089E+01    0.735320435494908175E-03    0.357891759270647617E+04   -0.120119563396503644E+02    1
    0.151035239610830150E+02    0.206809853160077317E+01    0.250445828143515126E+01    0.212431989450994566E-03    0.357892800226688450E+04   -0.120319563396503657E+02    1
    0.108337656764675394E+02    0.937753725008312777E+01    0.466825962251501281E+01    0.725238526171681757E-03    0.357893394075513470E+04   -0.120519563396503653E+02    1
    0.384041390221348493E+02    0.118131474785886237E+02    0.270255862386620160E+01    0.932907832830173929E-03    0.357894025147279899E+04   -0.120719563396503631E+02    1
    0.371348290804821168E+01    0.121423619233466322E+02    0.472971288950233237E+01    0.714752979023550519E-03    0.357894574308881874E+04   -0.120919563396503627E+02    1
    0.154872539921965036E+02    0.211374841283780635E+01    0.383443235595877985E+01    0.759851691756198086E-03    0.357895089677924398E+04   -0.121119563396503640E+02    1
    0.139345903038339713E+02    0.710775861745174264E+01    0.429996808080883763E+01    0.704389615944398927E-03    0.357896027108565522E+04   -0.121319563396503671E+02    1
    0.292913957016132649E+02    0.536941169705610211E+01    0.407698534014836955E+01    0.103672858390510504E-02    0.357896869263635381E+04   -0.121519563396503685E+02    1
    0.339019148064610576E+02    0.370551067888160190E+01    0.282780266174120509E+01    0.149093157961545982E-02    0.357897341788457243E+04   -0.121719563396503698E+02    1
    0.111241765315654817E+02    0.446843840269152004E+01    0.385001083116179288E+01    0.108141142889215790E-02    0.357898234509122221E+04   -0.121919563396503694E+02    1
    0.255394762250719225E+02    0.391763991045580307E+01    0.379484734891407705E+01    0.105969525264691363E-02    0.357898603803328160E+04   -0.122119563396503654E+02    1
    0.112684717101938752E+02    0.865909167689718018E+01    0.427614501782603273E+01    0.101873144194674758E-02    0.357899250551988507E+04   -0.122319563396503632E+02    1
    0.277175778822355952E+02    0.213401589171577228E+02    0.478958600260842537E+01    0.819882965999559066E-03    0.357900387539870417E+04   -0.122519563396503628E+02    1
    0.425720532324969270E+01    0.198933297027544320E+02    0.471402477579860602E+01    0.829197701418125238E-03    0.357902791807268432E+04   -0.122719563396503641E+02    1
    0.263182976059488105E+01    0.114306278322005461E+02    0.434306317505058459E+01    0.942843133225880481E-03    0.357904043284068439E+04   -0.122919563396503637E+02    1
    0.750859794662041580E+01    0.209085148577434978E+02    0.462993403478877408E+01    0.757816891171407200E-03    0.357904090217010207E+04   -0.123119563396503633E+02    1
    0.182700230409381170E+02    0.708788755787768210E+01    0.384396957920848337E+01    0.612952082507025025E-03    0.357904380238178737E+04   -0.123319563396503646E+02    1
    0.963667666402735001E+01    0.130980274137556290E+02    0.434863953683671678E+01    0.748290094651190511E-03    0.357904660203213234E+04   -0.123519563396503660E+02    1
    0.102064239679606423E+02    0.112345989703440701E+02    0.423589308923895302E+01    0.738637132290904247E-03    0.357905343514676042E+04   -0.123719563396503656E+02    1
    0.355817297799777137E+02    0.657886356657497284E+01    0.345394789779591616E+01    0.416295460711669455E-03    0.357905717184381456E+04   -0.123919563396503669E+02    1
    0.474912638058173808E+01    0.151437738145090819E+02    0.444913607783482590E+01    0.870847410166861961E-03    0.357906159095498924E+04   -0.124119563396503665E+02    1
    0.358475057798642354E+02    0.912684072627115128E+01    0.394511413039617187E+01    0.655633540174426106E-03    0.357907706549991281E+04   -0.124319563396503661E+02    1
    0.164737305053978602E+02    0.297546404336089143E+01    0.299220878902137066E+01    0.419530716509976774E-03    0.357908165066673246E+04   -0.124519563396503656E+02    1
    0.660042087069940919E+02    0.133611139577057116E+02    0.354693936828122913E+01    0.145366617364264079E-02    0.357908245331856915E+04   -0.124719563396503652E+02    1
    0.268368301161802130E+02    0.474433157992651022E+01    0.366524726731114381E+01    0.993797912568502792E-03    0.357908565481541700E+04   -0.124919563396503630E+02    1
    0.233412811696798457E+02    0.120113691083117136E+01    0.250374574314064091E+01    0.123089294614726072E-02    0.357908938773262980E+04   -0.125119563396503644E+02    1
    0.331807895201390135E+01    0.112944080003688043E+02    0.418309593638589750E+01    0.818914828531613556E-03    0.357909477521689223E+04   -0.125319563396503675E+02    1
    0.189549834636628489E+01    0.503189970944320653E+01    0.352270524781697780E+01    0.667720676396505331E-03    0.357910895280612885E+04   -0.125519563396503688E+02    1
    0.911950561928074066E+01    0.684875247897136852E+01    0.364670443688396873E+01    0.113342506289989793E-02    0.357911361557481723E+04   -0.125719563396503684E+02    1
    0.198830468273811647E+02    0.179613917598600388E+02    0.299430944969013924E+01    0.125451818624411956E-02    0.357911785701908093E+04   -0.125919563396503662E+02    1
    0.126899660083585175E+01    0.888002873803871040E+01    0.350692206591602851E+01    0.106710295088316681E-02    0.357912404813939656E+04   -0.126119563396503658E+02    1
    0.450481450803286165E+00    0.149978785993143795E+02    0.404184752174213102E+01    0.835259817627838786E-03    0.357912637014191250E+04   -0.126319563396503654E+02    1
    0.299582061852346477E+02    0.733045536828957189E+01    0.359266209178598261E+01    0.542858903233133048E-03    0.357912853588493726E+04   -0.126519563396503649E+02    1
    0.269653746574823856E+02    0.589770128351912781E+00    0.204979402921321974E+01    0.537180480413782056E-03    0.357912970682523473E+04   -0.126719563396503698E+02    1
    0.261308611364280807E+01    0.684239548930773012E+01    0.378361960690266219E+01    0.817356479678192985E-03    0.357913404099257286E+04   -0.126919563396503712E+02    1
    0.177695031830419765E+02    0.541904669812311024E+01    0.362752358140785480E+01    0.742714607998379295E-03    0.357913796101370326E+04   -0.127119563396503672E+02    1
    0.146988683889882825E+02    0.451698174352755544E+01    0.356988594267875126E+01    0.851471409967363355E-03    0.357913886729888145E+04   -0.127319563396503650E+02    1
    0.235867678998670414E+02    0.564353221374429914E+01    0.367794533843803606E+01    0.842202874329474500E-03    0.357914038453491139E+04   -0.127519563396503681E+02    1
    0.201394128173680329E+02    0.715689649343639278E+01    0.343302693746821497E+01    0.126155175201414548E-02    0.357914356100031773E+04   -0.127719563396503695E+02    1
    0.103426432165636495E+02    0.590892951786060916E+01    0.263700711362519691E+01    0.655098601466152283E-03    0.357916240976791323E+04   -0.127919563396503690E+02    1
    0.194818807417850302E+02    0.170877246255286330E+02    0.392910167915384445E+01    0.121753984882396653E-02    0.357917201798021824E+04   -0.128119563396503651E+02    1
    0.139837118559098919E+02    0.758543942476273081E+01    0.376329869911154535E+01    0.899482370872085272E-03    0.357917567686290249E+04   -0.128319563396503664E+02    1
    0.118701587942242615E+02    0.490202212122084813E+01    0.327859067860702735E+01    0.117875886997171339E-02    0.357917718865008601E+04   -0.128519563396503695E+02    1
    0.444474391005855285E+01    0.982794390889579184E+01    0.372254418913482077E+01    0.111869422781840774E-02    0.357917805650974378E+04   -0.128719563396503673E+02    1
    0.993568270482812110E+01    0.315711839473266886E+01    0.302410777005154330E+01    0.526000472457514075E-03    0.357917882719643558E+04   -0.128919563396503669E+02    1
    0.796183576449578112E+01    0.743229732856009306E+01    0.374174332341162152E+01    0.922694405431182061E-03    0.357917999563634248E+04   -0.129119563396503683E+02    1
    0.109335787168277445E+02    0.854742134867705339E+00    0.232529108951198715E+01    0.979936481026877880E-03    0.357918741631580770E+04   -0.129319563396503678E+02    1
    0.253586841389264706E+02    0.109075942019096175E+02    0.390271348316815914E+01    0.951360933068930333E-03    0.357918967709804338E+04   -0.129519563396503656E+02    1
