    0.113315925203544978E+02    0.109424722361599862E+02    0.207157598171684896E+02    0.272784992646867659E-02    0.356954176516347343E+04
    0.200928196087029995E+02    0.255907280007275828E+01    0.203686127676630990E+01    0.214107444819457626E-02    0.357068954746055078E+04
    0.256628028166177558E+02    0.792866189620911754E+01    0.786369266701863179E+01    0.237315153685492422E-02    0.357080748563509405E+04
    0.187876567021510290E+02    0.537133821845941384E+00    0.141627984568296590E+02    0.232929895980013438E-02    0.357094566986558038E+04
    0.119708361911753034E+02    0.761317369815096967E+01    0.947382655665182583E+01    0.232322365413316573E-02    0.357096452509402934E+04
    0.329319049877682843E+02    0.539565179154077157E+01    0.994459061230571351E+01    0.231817577288688905E-02    0.357098011989577844E+04
    0.466016229603097099E+01    0.143292380424419497E+01    0.442902305031998367E+01    0.214900195197549127E-02    0.357149598036870611E+04
    0.553130224991693975E+01    0.189158203756581145E+02    0.780526812548057514E+01    0.210916594791796903E-02    0.357157884080154508E+04
    0.847669949418921931E+01    0.367742045727707012E+01    0.446001203524061829E+01    0.211682043234778490E-02    0.357161609189969477E+04
    0.240648298224332109E+02    0.507592807422088033E+01    0.148257954825378206E+02    0.203793712478955941E-02    0.357176058638544509E+04
    0.157254213083238525E+02    0.216844896014267263E+02    0.155779731008996549E+02    0.202303455495393648E-02    0.357179731734264442E+04
    0.300098170878483117E+02    0.199451493871581924E+02    0.129241893273834876E+02    0.193198763840407182E-02    0.357201107727055023E+04
    0.150840445888669343E+02    0.979998283888758337E+01    0.164093329847252605E+02    0.191154187615762703E-02    0.357205654969401621E+04
    0.150840445888669343E+02    0.979998283888758337E+01    0.164093329847252605E+02    0.191154187615762703E-02    0.357205654969401621E+04
    0.291216345723697785E+02    0.669590016731949333E+01    0.127848990790068004E+02    0.122501037466344817E-03    0.357211835075639556E+04
    0.291216345723697785E+02    0.669590016731949333E+01    0.127848990790068004E+02    0.122501037466344817E-03    0.357211835075639556E+04
    0.360330220152438674E+01    0.518572949328791388E+01    0.993729438374300145E+01    0.185329879596367103E-02    0.357218096291838901E+04
    0.360330220152438674E+01    0.518572949328791388E+01    0.993729438374300145E+01    0.185329879596367103E-02    0.357218096291838901E+04
    0.761445128790986736E+01    0.226305154386764187E+02    0.946148577270772151E+01    0.184523770347248600E-02    0.357219760493948252E+04
    0.761445128790986736E+01    0.226305154386764187E+02    0.946148577270772151E+01    0.184523770347248600E-02    0.357219760493948252E+04
    0.129129832883512030E+02    0.215744535690750272E+01    0.995271133550435394E+01    0.183951546413495129E-02    0.357220928841209479E+04
    0.129129832883512030E+02    0.215744535690750272E+01    0.995271133550435394E+01    0.183951546413495129E-02    0.357220928841209479E+04
    0.119858470745080883E+02    0.139904987379703982E+02    0.735986602245201382E+01    0.181918571329397214E-02    0.357225114123820822E+04
    0.119858470745080883E+02    0.139904987379703982E+02    0.735986602245201382E+01    0.181918571329397214E-02    0.357225114123820822E+04
    0.821040373126819034E+01    0.470099383059095466E+01    0.522620770422176673E+01    0.181967601836156108E-02    0.357226702642709643E+04
    0.821040373126819034E+01    0.470099383059095466E+01    0.522620770422176673E+01    0.181967601836156108E-02    0.357226702642709643E+04
    0.137108883696325794E+02    0.746104869544880778E+01    0.760123376733232536E+01    0.190051924974122145E-03    0.357226848147504643E+04
    0.286487745850938325E+02    0.169516507438690347E+02    0.795600434767915488E+01    0.180063272950017417E-02    0.357228719018676111E+04
    0.286487745850938325E+02    0.169516507438690347E+02    0.795600434767915488E+01    0.180063272950017417E-02    0.357228719018676111E+04
    0.160453370606724022E+02    0.122383634751774188E+02    0.169610323206360611E+02    0.223104726563332079E-03    0.357233681488135153E+04
    0.160453370606724022E+02    0.122383634751774188E+02    0.169610323206360611E+02    0.223104726563332079E-03    0.357233681488135153E+04
    0.270878153423766364E+02    0.638888506559607805E+01    0.463117765989293684E+01    0.180532939951196869E-02    0.357234762851224241E+04
    0.270878153423766364E+02    0.638888506559607805E+01    0.463117765989293684E+01    0.180532939951196869E-02    0.357234762851224241E+04
    0.561380712408157212E+01    0.180935203907405651E+02    0.101042577055074609E+02    0.244984047977224364E-03    0.357238056204779605E+04
    0.561380712408157212E+01    0.180935203907405651E+02    0.101042577055074609E+02    0.244984047977224364E-03    0.357238056204779605E+04
    0.283483915403470093E+02    0.161581845201928616E+02    0.102205747092902772E+02    0.172919222953260782E-02    0.357242052705405058E+04
    0.283483915403470093E+02    0.161581845201928616E+02    0.102205747092902772E+02    0.172919222953260782E-02    0.357242052705405058E+04
    0.208971793342663332E+02    0.524979062916442363E+01    0.107360204984029899E+02    0.266844090022642141E-03    0.357242292161220576E+04
    0.208971793342663332E+02    0.524979062916442363E+01    0.107360204984029899E+02    0.266844090022642141E-03    0.357242292161220576E+04
    0.201781433229187606E+02    0.115581911996090394E+02    0.398875415783117093E+01    0.101282617727758116E-03    0.357251835072932772E+04
    0.201781433229187606E+02    0.115581911996090394E+02    0.398875415783117093E+01    0.101282617727758116E-03    0.357251835072932772E+04
    0.239043273436230095E+02    0.454262946262088008E+01    0.102067305546739675E+02    0.165799155791036086E-02    0.357254209515717412E+04
    0.239043273436230095E+02    0.454262946262088008E+01    0.102067305546739675E+02    0.165799155791036086E-02    0.357254209515717412E+04
    0.185642000648510184E+02    0.959964156243918154E+01    0.485763793165107138E+01    0.302203598919931465E-03    0.357256162227184632E+04
    0.185642000648510184E+02    0.959964156243918154E+01    0.485763793165107138E+01    0.302203598919931465E-03    0.357256162227184632E+04
    0.185642000648510184E+02    0.959964156243918154E+01    0.485763793165107138E+01    0.302203598919931465E-03    0.357256162227184632E+04
    0.133959810076701213E+02    0.547736648477631771E+01    0.108650301842355415E+02    0.346425940406876100E-03    0.357256593276414424E+04
    0.133959810076701213E+02    0.547736648477631771E+01    0.108650301842355415E+02    0.346425940406876100E-03    0.357256593276414424E+04
    0.535403470051345565E+02    0.120810586129976336E+02    0.168076643310575697E+02    0.349658079214320520E-03    0.357257137035312917E+04
    0.535403470051345565E+02    0.120810586129976336E+02    0.168076643310575697E+02    0.349658079214320520E-03    0.357257137035312917E+04
    0.130187549831876446E+02    0.160950130437389483E+01    0.993188093936934813E+01    0.351428920052780040E-03    0.357257433823355768E+04
    0.130187549831876446E+02    0.160950130437389483E+01    0.993188093936934813E+01    0.351428920052780040E-03    0.357257433823355768E+04
    0.103349128492098501E+02    0.704602239391381158E+01    0.157810297416669592E+02    0.162993133615263247E-02    0.357258679523613682E+04
    0.103349128492098501E+02    0.704602239391381158E+01    0.157810297416669592E+02    0.162993133615263247E-02    0.357258679523613682E+04
    0.155708358353334066E+02    0.579811163496557302E+01    0.533816558086568271E+01    0.353136527386129547E-03    0.357259489168352684E+04
    0.155708358353334066E+02    0.579811163496557302E+01    0.533816558086568271E+01    0.353136527386129547E-03    0.357259489168352684E+04
    0.540706395233423720E+01    0.246883300462805337E+02    0.447150806849324400E+01    0.183225068905161709E-02    0.357259717693352923E+04
    0.540706395233423720E+01    0.246883300462805337E+02    0.447150806849324400E+01    0.183225068905161709E-02    0.357259717693352923E+04
    0.219594361471501820E+01    0.821935899251694124E+01    0.143458309461348215E+02    0.162272438851261214E-02    0.357259798190714446E+04
    0.219594361471501820E+01    0.821935899251694124E+01    0.143458309461348215E+02    0.162272438851261214E-02    0.357259798190714446E+04
    0.432029923325718102E+02    0.221543471645085610E+01    0.115460825851554070E+02    0.370672969254899707E-03    0.357260602578457110E+04
    0.432029923325718102E+02    0.221543471645085610E+01    0.115460825851554070E+02    0.370672969254899707E-03    0.357260602578457110E+04
    0.139858228103197035E+01    0.905131003248578203E+01    0.750199222314751868E+01    0.160465746897604051E-02    0.357262601776794418E+04
    0.139858228103197035E+01    0.905131003248578203E+01    0.750199222314751868E+01    0.160465746897604051E-02    0.357262601776794418E+04
    0.337243598675959291E+02    0.942728034939982074E+01    0.164824315987784296E+02    0.160024197215536930E-02    0.357263210437416092E+04
    0.337243598675959291E+02    0.942728034939982074E+01    0.164824315987784296E+02    0.160024197215536930E-02    0.357263210437416092E+04
    0.146270669049691051E+02    0.843621717623618395E+01    0.145267075277873410E+02    0.158574765749564190E-02    0.357265347957315862E+04
    0.146270669049691051E+02    0.843621717623618395E+01    0.145267075277873410E+02    0.158574765749564190E-02    0.357265347957315862E+04
    0.169481612718515340E+01    0.881850983258852494E+01    0.105761267794627294E+02    0.403363987261878918E-03    0.357265752663930016E+04
    0.169481612718515340E+01    0.881850983258852494E+01    0.105761267794627294E+02    0.403363987261878918E-03    0.357265752663930016E+04
    0.195663815060553432E+02    0.201550397806688464E+01    0.194513007354177816E+02    0.158292300159406990E-02    0.357265758817359983E+04
    0.195663815060553432E+02    0.201550397806688464E+01    0.194513007354177816E+02    0.158292300159406990E-02    0.357265758817359983E+04
    0.161101752021711206E+02    0.194862385293884550E+02    0.118428064723457140E+02    0.405365846912635486E-03    0.357266058378708021E+04
    0.161101752021711206E+02    0.194862385293884550E+02    0.118428064723457140E+02    0.405365846912635486E-03    0.357266058378708021E+04
    0.174017132248690487E+02    0.166862881477790950E+02    0.889067627881379074E+01    0.405778197171469124E-03    0.357266126453750985E+04
    0.295312836843693916E+01    0.981990745419532729E+01    0.173011565985078306E+02    0.420340640716458571E-03    0.357268311488535983E+04
    0.295312836843693916E+01    0.981990745419532729E+01    0.173011565985078306E+02    0.420340640716458571E-03    0.357268311488535983E+04
    0.275618500108939841E+02    0.214776729233055477E+02    0.126496991516021211E+02    0.153323607428422579E-02    0.357272681095527969E+04
    0.275618500108939841E+02    0.214776729233055477E+02    0.126496991516021211E+02    0.153323607428422579E-02    0.357272681095527969E+04
    0.325824682166142310E+02    0.722149631009188298E+01    0.556922557331892953E+01    0.153781946945968223E-02    0.357273370703297223E+04
    0.325824682166142310E+02    0.722149631009188298E+01    0.556922557331892953E+01    0.153781946945968223E-02    0.357273370703297223E+04
    0.111698450489102115E+02    0.142224984174009847E+02    0.990592404921357961E+01    0.152730305142094068E-02    0.357273469651801770E+04
    0.264101845289809631E+02    0.130183327601695176E+01    0.132536721127350940E+02    0.150369720259807159E-02    0.357276521873480851E+04
    0.264101845289809631E+02    0.130183327601695176E+01    0.132536721127350940E+02    0.150369720259807159E-02    0.357276521873480851E+04
    0.149672289587924752E+02    0.601771930717042913E+01    0.151020119425203312E+02    0.480815742051706862E-03    0.357276789283507605E+04
    0.125025044157957161E+02    0.119267715756637145E+02    0.973317680436174726E+01    0.500548682229234876E-03    0.357279341731142631E+04
    0.125025044157957161E+02    0.119267715756637145E+02    0.973317680436174726E+01    0.500548682229234876E-03    0.357279341731142631E+04
    0.255536564998749753E+02    0.792432050731166626E+01    0.918444046563102212E+01    0.505689122259341244E-03    0.357279989760978970E+04
    0.255536564998749753E+02    0.792432050731166626E+01    0.918444046563102212E+01    0.505689122259341244E-03    0.357279989760978970E+04
    0.365523918534298744E+02    0.144228352891350440E+02    0.101717407927882064E+02    0.519271613864171703E-03    0.357281665206664638E+04
    0.365523918534298744E+02    0.144228352891350440E+02    0.101717407927882064E+02    0.519271613864171703E-03    0.357281665206664638E+04
    0.206825401801309923E+02    0.144973016420776570E+02    0.792438797488958357E+01    0.520903930600959218E-03    0.357281891911806724E+04
    0.206825401801309923E+02    0.144973016420776570E+02    0.792438797488958357E+01    0.520903930600959218E-03    0.357281891911806724E+04
    0.444090474812663558E+02    0.105272494799941523E+02    0.468593377175847081E+01    0.458138883492057586E-03    0.357284348166678319E+04
    0.444090474812663558E+02    0.105272494799941523E+02    0.468593377175847081E+01    0.458138883492057586E-03    0.357284348166678319E+04
    0.291311736824683365E+02    0.395392316657192744E+01    0.118983028910934259E+02    0.143300887679164400E-02    0.357284876479847480E+04
    0.640910662502342809E+01    0.146461616709946085E+02    0.220390684401630672E+02    0.142750469285436547E-02    0.357285477255651858E+04
    0.640910662502342809E+01    0.146461616709946085E+02    0.220390684401630672E+02    0.142750469285436547E-02    0.357285477255651858E+04
    0.153206935457084032E+02    0.134184834589243795E+01    0.120962447280093564E+02    0.142387971071236121E-02    0.357285868981412932E+04
    0.153206935457084032E+02    0.134184834589243795E+01    0.120962447280093564E+02    0.142387971071236121E-02    0.357285868981412932E+04
    0.192283034109467472E+02    0.897130662689738045E+01    0.256421304440537590E+01    0.172633558240149016E-02    0.357287269440729506E+04
    0.192283034109467472E+02    0.897130662689738045E+01    0.256421304440537590E+01    0.172633558240149016E-02    0.357287269440729506E+04
    0.980774859432902524E+01    0.163589476477291740E+02    0.427666884074781883E+01    0.164872493203779445E-02    0.357291213718154177E+04
    0.190243606070328681E+02    0.674867190676859607E+01    0.141337767754862824E+02    0.607441130743093666E-03    0.357291343584837250E+04
    0.190243606070328681E+02    0.674867190676859607E+01    0.141337767754862824E+02    0.607441130743093666E-03    0.357291343584837250E+04
    0.308477136258545173E+02    0.143368170405972748E+02    0.177255642646417897E+02    0.136651844342941097E-02    0.357291649824328033E+04
    0.153178283704249090E+02    0.347116281054929576E+01    0.691639281744252354E+01    0.612801711084556746E-03    0.357291915092411091E+04
    0.225711273246128101E+02    0.474774890450290155E+01    0.609551507013101546E+01    0.610221441288587903E-03    0.357291939290924256E+04
    0.185918625398118635E+02    0.135736267282644203E+02    0.108229810712158105E+02    0.136282125853245516E-02    0.357291995487434269E+04
    0.109456969067698271E+02    0.110067134417575900E+02    0.109316834905974858E+02    0.635102749978505316E-03    0.357293952793175231E+04
    0.180345165883988869E+02    0.920141080600410710E+01    0.164868834201096170E+02    0.132900489579151774E-02    0.357295003520351565E+04
    0.180345165883988869E+02    0.920141080600410710E+01    0.164868834201096170E+02    0.132900489579151774E-02    0.357295003520351565E+04
    0.224699984011325640E+02    0.138540394883048457E+01    0.114447410410181902E+02    0.131508786379249884E-02    0.357296161428543473E+04
    0.195605008950158208E+02    0.217815947139828054E+02    0.816799513276477107E+01    0.676263880985811510E-03    0.357297487179735526E+04
    0.956971896575377556E+01    0.114919865024543402E+02    0.825810319698838313E+01    0.691761181793078359E-03    0.357298677738411698E+04
    0.308280549632321765E+02    0.118739299709296109E+02    0.144652562488610172E+02    0.128067998382581710E-02    0.357298822995737373E+04
    0.140538868756823874E+02    0.705747650430084761E+01    0.132482569732560158E+02    0.698978529629321575E-03    0.357299204108901176E+04
    0.140538868756823874E+02    0.705747650430084761E+01    0.132482569732560158E+02    0.698978529629321575E-03    0.357299204108901176E+04
    0.202596856311743068E+00    0.190752920159758110E+01    0.686031688144162999E+01    0.704204014002295792E-03    0.357299625955084321E+04
    0.358858782401657450E+02    0.178341533955219367E+01    0.131402133732930402E+02    0.705506980515822456E-03    0.357299680287073170E+04
    0.134797312720150053E+02    0.429523081710756216E+01    0.662978613907508496E+01    0.705684366327328973E-03    0.357299801752859730E+04
    0.256359719278033751E+02    0.297941709709477598E+01    0.401337940136905669E+01    0.136641204093126880E-02    0.357302469794920944E+04
    0.381145393051062786E+01    0.538865025868445002E+01    0.102643172945097199E+02    0.749103250003292902E-03    0.357302573951293380E+04
    0.217218927394292294E+02    0.132213740417630845E+02    0.149555954955455128E+02    0.122367865743596132E-02    0.357302598828429291E+04
    0.158732723391430834E+02    0.132288269817540183E+02    0.901206920576785464E+01    0.121539899994587124E-02    0.357303084549073810E+04
    0.292181923269316073E+02    0.165427718347032631E+02    0.698764396138030719E+01    0.120825053753332787E-02    0.357303678799714089E+04
    0.455633689964114623E+02    0.166188177987210715E+02    0.663284885811632741E+01    0.764729996455798533E-03    0.357303872967296866E+04
    0.455633689964114623E+02    0.166188177987210715E+02    0.663284885811632741E+01    0.764729996455798533E-03    0.357303872967296866E+04
    0.105490861221873136E+02    0.624250339662853637E+01    0.520642723566052723E+01    0.123819892896735425E-02    0.357304163022473494E+04
    0.105490861221873136E+02    0.624250339662853637E+01    0.520642723566052723E+01    0.123819892896735425E-02    0.357304163022473494E+04
    0.342643607211844312E+02    0.863186425229088172E+00    0.104221836813916369E+02    0.784754687766454385E-03    0.357304571236634274E+04
    0.356683602687997663E+02    0.755463395442959751E+01    0.124955847543620759E+02    0.116858113857098815E-02    0.357305492763402708E+04
    0.213897483423070796E+02    0.139853182834709511E+01    0.133529691962216557E+02    0.831615130420252247E-03    0.357306694815467199E+04
    0.352444587310732800E+02    0.435017354387784039E+01    0.153374911834312080E+02    0.113649657279580804E-02    0.357306833458894471E+04
    0.170807768299770544E+02    0.212835986294246204E+01    0.669442364266188061E+01    0.837908138091578159E-03    0.357306983135061000E+04
    0.237582725744747307E+02    0.159415527155008752E+01    0.128018603347676674E+02    0.843384892583576469E-03    0.357307139009432467E+04
    0.228191713722973297E+02    0.297247538038112324E+00    0.766446588005892515E+01    0.844695612537969473E-03    0.357307187233015338E+04
    0.625749415696356870E+01    0.940659919055118188E+01    0.104352954903849842E+02    0.844933348032402345E-03    0.357307194963445454E+04
    0.162688324979021033E+02    0.147294530512686368E+02    0.614871340184308135E+01    0.114915631507843700E-02    0.357307251508005265E+04
    0.302957561087727072E+02    0.537487558530522946E+01    0.117358150640281558E+02    0.848286232860340998E-03    0.357307313463724040E+04
    0.222520818736713117E+02    0.658016228895116129E+00    0.562009960270288378E+01    0.112620659348701456E-02    0.357307320845069898E+04
    0.480119578632065114E+00    0.570926552319171243E+01    0.683952714177685639E+01    0.112578927982641842E-02    0.357307344006654239E+04
    0.295047401472245099E+02    0.165398408760516133E+02    0.146491251025922864E+02    0.111679296604355778E-02    0.357307530521503122E+04
    0.136989950668492320E+02    0.959221012150720931E+01    0.546188365794938946E+01    0.802024851065414896E-03    0.357307714395956737E+04
    0.108699277013822115E+02    0.107018659848264033E+02    0.125004487527935773E+02    0.109973711357644419E-02    0.357308056087530804E+04
    0.104207169925031717E+02    0.426335064226634053E+01    0.910403913874411330E+01    0.871893612327665456E-03    0.357308068056482534E+04
    0.504221926972986534E+01    0.312212674189479733E+01    0.216720062010104471E+02    0.872813486140969989E-03    0.357308093587724761E+04
    0.394768447335655193E+01    0.629967412508661972E+01    0.130511795782884743E+02    0.109707044284199778E-02    0.357308131716066418E+04
    0.114116947077069852E+02    0.218541074965337234E+01    0.890499847441467551E+01    0.109422877368960982E-02    0.357308211054603908E+04
    0.273604204180264432E+00    0.823591805947308586E+01    0.135753497295967289E+02    0.107593522023992317E-02    0.357308668470833527E+04
    0.121250270942034675E+02    0.888181858865906904E+01    0.126594001856294796E+02    0.107166762571708242E-02    0.357308763329925659E+04
    0.306878214156404852E+02    0.100118366513650709E+02    0.958225395528203450E+01    0.907106621916363431E-03    0.357308926399203028E+04
    0.112633931768252431E+02    0.960986456927944133E+01    0.147318768945050778E+02    0.910018378266550312E-03    0.357308982420593566E+04
    0.162756577996481298E+02    0.286523297884622998E+02    0.610143594489218266E+01    0.840374385168780619E-03    0.357308996137879876E+04
    0.120615448756931958E+02    0.896537714690360588E+01    0.114100944623153921E+02    0.914372328732380828E-03    0.357309063324839281E+04
    0.203203950620360239E+02    0.553634802994203223E+01    0.781228566097763988E+01    0.105499206571458854E-02    0.357309103941556532E+04
    0.100244483922169305E+02    0.190110146197411396E+02    0.129221237843476882E+02    0.105067301315126720E-02    0.357309163689008801E+04
    0.174614626062847762E+02    0.286477482076868428E+01    0.244028724684905782E+02    0.920725392060632065E-03    0.357309172642510748E+04
    0.187882653081404669E+02    0.134368256649336981E+02    0.840258207594562379E+01    0.104448119169503516E-02    0.357309271310569238E+04
    0.137338739926553295E+02    0.106562105622051320E+02    0.129953694548288556E+02    0.102951912256326987E-02    0.357309455397220427E+04
    0.306666655526504872E+01    0.111388483959125182E+02    0.689990148219306398E+01    0.935043304519415312E-03    0.357309575915068035E+04
    0.171383022917537104E+02    0.675184317344576179E+00    0.560636034939041750E+01    0.102427099303819928E-02    0.357309630087920686E+04
    0.996985366845267862E+01    0.749064421763831056E+01    0.155371848098543026E+02    0.999643900109005272E-03    0.357309675785879244E+04
    0.130924296375657470E+02    0.109953295020715398E+02    0.736417976112986228E+01    0.959387401116962475E-03    0.357309683731809400E+04
    0.295329859410250037E+02    0.223738014487744614E+02    0.412761940968744145E+01    0.167752319843414216E-02    0.357310776009098754E+04
    0.163206159164029323E+02    0.165800713963031114E+02    0.391796860607552500E+01    0.258873740764896648E-03    0.357311832127552771E+04
    0.794674365199383725E+01    0.127843613211684968E+02    0.414871641822632675E+01    0.148538955820076875E-02    0.357314601107343879E+04
    0.244974761701456600E+02    0.149929225601338985E+02    0.520888508301046116E+01    0.925122933681760823E-03    0.357314827759389118E+04
    0.578725102897104371E+01    0.856807099143719419E+01    0.450802460448160858E+01    0.987129059344580683E-03    0.357322871031849354E+04
    0.340774715347184980E+02    0.813359590608561334E+00    0.312663209568497846E+01    0.863667985058232286E-03    0.357323965411611971E+04
    0.103655665147071439E+02    0.182752337062060661E+02    0.327126561567777951E+01    0.199384884186464733E-02    0.357333098420627812E+04
    0.643774714958374688E+02    0.221784385268382032E+02    0.457854613050640236E+01    0.100754861054045590E-02    0.357335919853590258E+04
    0.129183914182951902E+02    0.744513611443606482E+01    0.394843510280206944E+01    0.938552510717193412E-03    0.357340526382309599E+04
    0.141120725841589927E+02    0.186856706603517075E+02    0.429260748719406049E+01    0.724944064505176310E-03    0.357341350966997379E+04
    0.279469803533457721E+02    0.214122478117357069E+02    0.445530133998500766E+01    0.896303593611294004E-03    0.357341586171477502E+04
    0.169704217082143813E+02    0.282942278033554828E+02    0.444991540388744156E+01    0.719868454813342613E-03    0.357345233781424940E+04
    0.106565046037923867E+02    0.665401920988335061E+01    0.364074016037528159E+01    0.128181783128404787E-02    0.357346062959726896E+04
    0.600735489494566188E+01    0.145715686577601247E+02    0.341645330459728003E+01    0.132970649778374386E-03    0.357349017756804915E+04
    0.255172597289585390E+01    0.131933538640645978E+02    0.307451179253823303E+01    0.121313765417215870E-02    0.357349954367646023E+04
    0.241673725439861897E+01    0.513115510189205715E+01    0.288823092509711454E+01    0.134596581114462084E-02    0.357351513922436516E+04
    0.147016826363200792E+02    0.118123129164851211E+02    0.355491121015027733E+01    0.350168883287402515E-03    0.357352859348743095E+04
    0.440931037641289549E+02    0.525658570508093614E+01    0.339920818281689741E+01    0.125631893181283108E-02    0.357357162970679565E+04
    0.177296951530002929E+02    0.132094399846531445E+02    0.385433662339547078E+01    0.118972259840828239E-02    0.357365777622539827E+04
    0.620810980071265384E+01    0.933708415821687687E+01    0.286808695882295916E+01    0.150263236299403528E-02    0.357369069458744616E+04
    0.322158052321136736E+02    0.132089695038705521E+02    0.383600495241301154E+01    0.837530472298185762E-03    0.357370441139246486E+04
    0.276880672691379193E+01    0.218090689362780985E+02    0.365910902965764961E+01    0.154680424366464460E-02    0.357371480079134108E+04
    0.696940806004126934E+01    0.634358580246096793E+01    0.293791068215286311E+01    0.323852556698412536E-03    0.357379133735816231E+04
    0.334294405060820452E+02    0.301296350948877834E+01    0.290779167206967637E+01    0.783996285323635290E-03    0.357384046171265982E+04
    0.213504790738108454E+02    0.472378354712007198E+01    0.252154742519728714E+01    0.220714914580327597E-03    0.357385792585577383E+04
    0.100114468522166558E+02    0.114111492528799516E+02    0.296183733624981338E+01    0.163751786544806760E-02    0.357387605591539432E+04
    0.294240030585883403E+02    0.685719809683387815E+01    0.273894781399008647E+01    0.167445194881840316E-02    0.357393244825510283E+04
    0.467695167713279432E+02    0.964689162246438414E+01    0.309469179148512774E+01    0.249485630957526922E-03    0.357395468473561232E+04
    0.320570189502676328E+01    0.105335325850634476E+02    0.314636085121442566E+01    0.110594716935920366E-02    0.357404912589916148E+04
    0.318008586385269396E+02    0.145156907362965626E+02    0.316567785559335046E+01    0.148972282157379312E-03    0.357404964889443181E+04
    0.188536871482930195E+02    0.572469168748597745E+01    0.267687234223358450E+01    0.348173623125530140E-03    0.357412358256098287E+04
    0.192171925161105754E+02    0.442860549159459715E+01    0.292145279302772831E+01    0.932027009792584914E-03    0.357412803596412869E+04
    0.309409024229500531E+02    0.148569564644327574E+02    0.318042339241552430E+01    0.932972335311999315E-03    0.357484434879344099E+04
    0.481208392118138448E+02    0.992771991862497494E+01    0.275028254328558885E+01    0.153555897327177417E-02    0.357432158724126475E+04
    0.961104143564850055E+01    0.126856022162955409E+02    0.317099151427493853E+01    0.127423857702379422E-02    0.357441081805757494E+04
    0.268642844114749124E+02    0.898763046126187071E+01    0.293627023726204994E+01    0.725246476022601248E-03    0.357465409411829387E+04
    0.326527969491873549E+02    0.105039680044092911E+02    0.278532556999978498E+01    0.504502226779364373E-03    0.357462816856994505E+04
    0.503464739217893182E+02    0.148575495987372275E+02    0.290140813783770879E+01    0.404535089615305331E-03    0.357472138434787030E+04
    0.205731208518118791E+02    0.179224536790949713E+02    0.296671092557807015E+01    0.522094127568189376E-03    0.357466156296723057E+04
    0.179658255485114360E+02    0.968178197618163061E+01    0.306127101594454087E+01    0.426984064409160775E-03    0.357425464633897627E+04
    0.458261132324204041E+02    0.817512190807051553E+01    0.295650937452961671E+01    0.708987365990961394E-03    0.357457023359343475E+04
    0.166035369988571730E+02    0.100062242376569426E+02    0.306402565874411170E+01    0.128308777393814494E-02    0.357443234815495452E+04
    0.149384622195097005E+02    0.111683995828448914E+02    0.282078343609675208E+01    0.466394664628078451E-03    0.357436399908186922E+04
