   -0.298295272577951565E+02    0.416521235387945055E+01   -0.385538635154689313E+01   -0.123796772279827452E+00   -0.999999998999999514E+91   -0.391195633965034517E+01    1
    0.170482801175302523E+01    0.712559437760489800E+00   -0.326155798707472844E+01   -0.663930822709401375E-01   -0.999999998999999514E+91   -0.393195633965034208E+01    1
    0.719483431650335969E+01    0.238535114724410349E+02   -0.263797353132195145E+01   -0.694703589899163532E-01   -0.999999998999999514E+91   -0.395195633965034165E+01    1
   -0.261835231452431358E+02    0.674532760820122235E+01    0.873730511786083852E+00    0.926434296973350363E-01   -0.999999998999999514E+91   -0.397195633965034300E+01    1
   -0.987271803669760040E+01    0.732332591333997573E+01    0.160844315085267162E+02   -0.668544453739761402E-01   -0.999999998999999514E+91   -0.399195633965034391E+01    1
    0.148900326788308739E+02   -0.251294018919178797E+00    0.236133619015866403E+01    0.263125927697287314E-01   -0.999999998999999514E+91   -0.401195633965034215E+01    1
    0.364997416300589883E+01    0.458133279082574951E+01    0.119522050888770686E+02   -0.220967640790092588E-01   -0.999999998999999514E+91   -0.403195633965034173E+01    1
   -0.575421030561744651E+01    0.507799341678662497E+01    0.839067127122616263E+01    0.591898115222097149E-01   -0.999999998999999514E+91   -0.405195633965034396E+01    1
    0.424873525516009138E+02    0.554640080051197959E+01   -0.828375058474994042E+00   -0.734476081527161151E-01   -0.999999998999999514E+91   -0.407195633965034443E+01    1
    0.788309066610356890E+01   -0.121560417002401913E+02    0.104133484791070909E+02    0.409375274108105952E-01   -0.999999998999999514E+91   -0.409195633965034400E+01    1
   -0.847438997198363353E+00    0.140017376144140009E+02    0.747818470525825063E-01    0.126044084589088085E+00   -0.999999998999999514E+91   -0.411195633965034357E+01    1
    0.236770634535513125E+01    0.108989982071810019E+02   -0.332357406975086267E+01   -0.174626754306547893E+00   -0.999999998999999514E+91   -0.413195633965034226E+01    1
    0.246294035041085628E+02   -0.296883268973786940E+01    0.439614554109470745E+01    0.664030117374198176E-01   -0.999999998999999514E+91   -0.415195633965034450E+01    1
   -0.226233518834554346E+02    0.171831190696534186E+00    0.119196978254875994E+02    0.127904063424836810E-01   -0.999999998999999514E+91   -0.417195633965034762E+01    1
    0.460045593000168562E+01    0.177276268911416821E+02    0.523810037570656384E+01   -0.135366739799904823E+00   -0.999999998999999514E+91   -0.419195633965034720E+01    1
   -0.205714046827600114E+02    0.137967309190745659E+02    0.105383181089911737E+02    0.490465034541923833E-01   -0.999999998999999514E+91   -0.421195633965034677E+01    1
   -0.108197995224454377E+02    0.147187053454619541E+02   -0.429015807849424302E+01    0.133197186174150051E+00   -0.999999998999999514E+91   -0.423195633965034279E+01    1
    0.114354210919350230E+01    0.147152432303383716E+02    0.797217807617229290E+01   -0.609690093097939381E-01   -0.999999998999999514E+91   -0.425195633965034059E+01    1
    0.309655319500096482E+01    0.335645171996859215E+01    0.111720729353564394E+02   -0.256760997687000246E-01   -0.999999998999999514E+91   -0.427195633965034727E+01    1
    0.151401280579090169E+02   -0.886818240058617135E+01    0.630319343033099244E+01    0.158180600921080994E+00   -0.999999998999999514E+91   -0.429195633965034329E+01    1
   -0.685662359983977332E+01   -0.104411075986561972E+02   -0.204723519190955994E+01   -0.183367292970750190E+00   -0.999999998999999514E+91   -0.431195633965034109E+01    1
    0.458660608311045337E+02    0.173001762260340541E+02   -0.544282762520249985E+01   -0.404394483021871878E-01   -0.999999998999999514E+91   -0.433195633965034244E+01    1
   -0.118981747562173528E+02    0.984433152035348868E-01    0.446492123588683310E+01   -0.671507905067060124E-01   -0.999999998999999514E+91   -0.435195633965034201E+01    1
   -0.104063750191973394E+02    0.142139969714741348E+02    0.369963977567012048E+01   -0.958304925133561109E-01   -0.999999999899999928E+90   -0.437195633965034336E+01    1
    0.267365000454141466E+00   -0.101498785793133255E+02    0.719512772427712655E+01    0.488289641891625908E-01   -0.999999999799999890E+90   -0.439195633965034649E+01    1
    0.408353306997052528E+02   -0.108068591911646816E+01    0.563634039488884575E+01    0.845839153899762275E-01   -0.999999999699999851E+90   -0.441195633965034784E+01    1
    0.105648139857959809E+02    0.118396049056165538E+02    0.748282783822838482E+01   -0.179308089641934377E-02   -0.999999999599999813E+90   -0.443195633965034474E+01    1
   -0.890271295009151409E+01    0.139622233766525632E+02    0.176791329564665523E+01    0.490849009069546510E-01   -0.999999999499999774E+90   -0.445195633965034343E+01    1
    0.117428365177214857E+02    0.200656375215112774E+02    0.101011513892213856E+02   -0.508660926981327824E-02   -0.999999999399999736E+90   -0.447195633965034745E+01    1
    0.201491343638534133E+02    0.116607939217684589E+02   -0.408100134045310003E+01   -0.104130488649579162E+00   -0.999999999299999697E+90   -0.449195633965034435E+01    1
    0.168278190297977090E+02    0.181198164567413826E+02   -0.674466084916542030E+00   -0.103428534411762738E+00   -0.999999999199999659E+90   -0.451195633965034482E+01    1
    0.210127333865220507E+02    0.144365611852009454E+02    0.138155131459294989E+01   -0.155570879418681113E+00   -0.999999999099999621E+90   -0.453195633965034705E+01    1
    0.297747303681223769E+02    0.521704949604316148E+01    0.162203068647757931E+02   -0.221916922052942694E+00   -0.999999998999999582E+90   -0.455195633965034396E+01    1
    0.220640957214920164E+02    0.164227640692988430E+02   -0.134051494112212914E+02    0.125357644262759638E-01   -0.207857887407422531E+06   -0.457195633965034354E+01    1
    0.162256876075077834E+02    0.594037062129953419E+01   -0.531410855771030821E+01    0.121908911344389054E+00   -0.848773384786271490E+05   -0.459195633965034666E+01    1
    0.957118603745447771E+01    0.804304132785295423E+01   -0.507615572140064675E+01    0.300871430736336168E-01   -0.801401876927331614E+05   -0.461195633965034801E+01    1
    0.965428211849349260E+01    0.123989902584107252E+02   -0.489358974508000610E+01    0.104335808694824925E-01   -0.788263641791273112E+05   -0.463195633965034759E+01    1
    0.944109491332068984E+01    0.463721391034054253E+01   -0.370681109382487417E+01    0.780461607127318630E-01   -0.592087703618059895E+05   -0.465195633965034716E+01    1
    0.305296423432785673E+02    0.180113870171087775E+02   -0.243681235997880830E+01    0.528737264178888375E-01   -0.470299485325568457E+05   -0.467195633965034407E+01    1
    0.342324667379878065E+02    0.722623338867767462E+01   -0.229587489996394911E+01    0.305249165415910351E-01   -0.424577004280791080E+05   -0.469195633965034364E+01    1
    0.211635514530000748E+02    0.946755695237623129E+01   -0.133586649108016964E+01    0.846719245774180673E-01   -0.285947033349117883E+05   -0.471195633965034677E+01    1
    0.324213717817714908E+01    0.384045366733064597E+01   -0.143501776062385922E+01    0.404586744480355497E-02   -0.248623075994616811E+05   -0.473195633965034634E+01    1
    0.261234983491954011E+02    0.212468385982803056E+02   -0.606609818625718056E+00    0.946568979109095182E-01   -0.202302800855848654E+05   -0.475195633965034325E+01    1
    0.556693571246736063E+01    0.136559644342282560E+02    0.175765541647023404E+00    0.272925773862252863E-01   -0.768061766659330988E+04   -0.477195633965034460E+01    1
    0.903429584293733612E+01    0.491548840228452466E+01    0.165047461333776013E-01    0.261539764012193553E-01   -0.697183232267479434E+04   -0.479195633965034506E+01    1
    0.113075076775082035E+02    0.317023204838166839E+01   -0.429066753589175676E-01    0.155118123295825555E+00   -0.668451525720925656E+04   -0.481195633965034641E+01    1
    0.247462535319358850E+02    0.243895402490546864E+01   -0.754433853973033308E-01    0.168865882748145596E+00   -0.647828445591521449E+04   -0.483195633965034776E+01    1
    0.203637494415708460E+02    0.863773828674215949E+01    0.233706035902052633E+00    0.183438524685092308E+00   -0.558562266038862981E+04   -0.485195633965034734E+01    1
    0.226971955804107104E+02    0.136616161649715906E+00   -0.480545662047411781E+00    0.100043239607269727E+00   -0.455967577316843108E+04   -0.487195633965034602E+01    1
    0.161294465954741852E+02    0.159916607254301457E+02    0.174731957119544425E+02    0.183032975105822171E+00    0.936354072095376523E+03   -0.489195633965034382E+01    1
    0.203075383890880534E+01    0.136214252241529863E+02    0.574394979099665193E+01    0.173929398024690651E+00    0.103105685315442042E+04   -0.491195633965034428E+01    1
    0.956531643199685178E+01    0.498557567385766731E+01    0.149700421939302419E+01    0.156660914078645380E+00    0.109648461029719761E+04   -0.493195633965034563E+01    1
    0.321999936543123724E+02    0.178743744868744443E+02    0.881176713736139661E+01    0.159111123905062962E+00    0.119238046552849346E+04   -0.495195633965034610E+01    1
    0.240342986710021300E+02    0.845991186584660326E-01    0.757424967988734554E+01    0.148828668968445765E+00    0.130997221431223579E+04   -0.497195633965034567E+01    1
    0.297929996669428618E+02    0.117386459400677072E+02    0.231497426424685848E+02    0.148028110736878660E+00    0.131933493750905154E+04   -0.499195633965034435E+01    1
    0.289364011704952162E+02    0.316933708435914641E+01    0.929625621512850131E+01    0.138215974150142168E+00    0.143665859132394576E+04   -0.501195633965034304E+01    1
    0.154718072019388622E+02    0.135986892171913887E+01    0.213986286582870688E+01    0.134735823842475094E+00    0.147490078919846496E+04   -0.503195633965034617E+01    1
    0.102879090207453281E+02    0.263957610117842467E+01    0.101314391205087659E+02    0.130521347088344120E+00    0.153214846050555275E+04   -0.505195633965034840E+01    1
    0.123140722837053005E+02    0.100982038075507319E+00    0.174736981498842674E+02    0.123255414317816878E+00    0.162531965024317356E+04   -0.507195633965034709E+01    1
    0.438096524485099614E+01    0.107599805674975872E+02    0.152336563721857630E+02    0.116975077848242862E+00    0.170833753002481376E+04   -0.509195633965034755E+01    1
    0.136928386102851949E+02    0.139240592397899317E+02    0.804925686078646230E+01    0.110103721752424971E+00    0.180195479537188271E+04   -0.511195633965034979E+01    1
    0.151527172087679567E+02    0.810911804245469092E+01    0.305775406329712540E+01    0.107070558024738069E+00    0.184220589430928544E+04   -0.513195633965034936E+01    1
    0.401920065414083254E+02    0.140485067335069935E+00    0.180315449056927832E+02    0.103050056302830387E+00    0.190125095643069062E+04   -0.515195633965034716E+01    1
    0.122176498843345467E+02    0.100626276012111333E+02    0.946146261981608028E+01    0.994302048870689542E-01    0.195352405593932531E+04   -0.517195633965034318E+01    1
    0.648452297539918288E+01    0.150746548832111422E+02    0.128188109256973348E+01    0.428042302724889398E-01    0.198234954706149688E+04   -0.519195633965034276E+01    1
    0.126330585804435280E+01    0.386312119463755010E+01    0.116531010997931581E+02    0.927166595748475236E-01    0.205294089148629337E+04   -0.521195633965034766E+01    1
    0.814328433316169509E+01    0.864522011287088077E+01    0.136049033861584334E+01    0.670279026145968876E-01    0.205681176632058487E+04   -0.523195633965034546E+01    1
    0.132536579480225427E+02    0.471655104126419022E+01    0.500896935710260927E+01    0.885979052087457336E-01    0.211557556221523146E+04   -0.525195633965034858E+01    1
    0.549057137079136837E+02    0.889368307864818064E+01    0.131760734921548632E+02    0.850797047440753351E-01    0.217010568357766988E+04   -0.527195633965034727E+01    1
    0.140684552088780386E+02    0.142128242804085207E+02    0.891658569679039559E+01    0.810379082540523543E-01    0.223394307773495348E+04   -0.529195633965034684E+01    1
    0.817933335525240857E+01    0.118522907281887946E+01    0.539446588350947742E+01    0.799693912221897257E-01    0.225103650557373930E+04   -0.531195633965034553E+01    1
    0.179053230093149303E+02    0.189677761034571901E+00    0.795586328082533978E+01    0.778610958311219958E-01    0.228503426646121079E+04   -0.533195633965034510E+01    1
    0.870992818385595946E+01    0.131684801039256705E+02    0.184697877339409411E+01    0.663370276993043156E-01    0.233819526984385811E+04   -0.535195633965034645E+01    1
    0.204761357196428690E+02    0.122823140728243274E+02    0.174881699882291564E+02    0.737262959981046240E-01    0.235276363902706817E+04   -0.537195633965034780E+01    1
    0.168339174649723304E+02    0.782272177136948699E+01    0.117085041938744663E+02    0.692374598970721677E-01    0.242789541854377512E+04   -0.539195633965034649E+01    1
    0.252370252114597093E+02    0.135120989465379004E+01    0.792598979651794977E+01    0.687168377237558220E-01    0.243671842225913770E+04   -0.541195633965034428E+01    1
    0.207339715090231671E+02    0.100461487911814906E+02    0.467276692829648788E+01    0.674822911886474169E-01    0.245772942216215779E+04   -0.543195633965034563E+01    1
    0.356155304785350282E+02    0.853131449599291614E+01    0.104911044089477912E+02    0.636551706302069947E-01    0.252368770668168690E+04   -0.545195633965034521E+01    1
    0.141580202494288283E+02    0.733079216370802200E-01    0.111925048634324948E+02    0.626345730786247168E-01    0.254148500997779047E+04   -0.547195633965034389E+01    1
    0.159592564268842310E+02    0.147007601122739491E+02    0.449798836641293587E+01    0.616399100529659641E-01    0.255889707614963208E+04   -0.549195633965034791E+01    1
    0.109524408324400611E+02    0.263003943210914981E+01    0.124593116827832695E+02    0.610371969618921859E-01    0.256951595576422369E+04   -0.551195633965034570E+01    1
    0.818757215787264592E+01    0.106594204251865960E+02    0.125715284872335715E+02    0.587730592836113591E-01    0.260961296212733441E+04   -0.553195633965034705E+01    1
    0.377642951619164009E+02    0.187942796160502041E+02    0.505299287192627222E+01    0.581984625228948102E-01    0.261987244132714659E+04   -0.555195633965034929E+01    1
    0.577883960109316774E+01    0.518677222684511552E+01    0.962264936033139229E+01    0.579711723787620647E-01    0.262391623314626668E+04   -0.557195633965034887E+01    1
    0.951457432398769676E+01    0.423902061076619319E+01    0.960730363903118345E+01    0.576999617926493083E-01    0.262876584061877656E+04   -0.559195633965034755E+01    1
    0.457525651737237027E+02    0.134179031162142195E+02    0.131296309111371805E+02    0.571220745384214759E-01    0.263911942865194123E+04   -0.561195633965034801E+01    1
    0.128419553584087733E+02    0.222359673541982978E+02    0.105652646520520630E+02    0.563599137283748997E-01    0.265281638306491823E+04   -0.563195633965034670E+01    1
    0.583543311593397274E+01    0.835983262145841977E+01    0.409602576303229515E+01    0.553328163483806160E-01    0.267120606818499618E+04   -0.565195633965034716E+01    1
    0.189701762456534588E+02    0.541438582004478963E+01    0.352072634620113334E+01    0.552821349789781799E-01    0.267204632649019368E+04   -0.567195633965034851E+01    1
    0.650908590820340294E+01    0.936965283586187425E+01    0.121392436377134700E+02    0.533588278874572997E-01    0.270720657007971658E+04   -0.569195633965034720E+01    1
    0.160450914991318072E+02    0.225347463869191200E+01    0.674351207750102866E+01    0.527420215283018537E-01    0.271847430835906562E+04   -0.571195633965034943E+01    1
    0.327165733183335945E+02    0.109880073595866961E+02    0.274712894038855415E+01    0.520941907966146547E-01    0.272552043744381990E+04   -0.573195633965034812E+01    1
    0.390367594943425615E+02    0.917837430271809041E+01    0.236198905069473497E+01    0.478330044611460364E-01    0.279618669961281284E+04   -0.575195633965034769E+01    1
    0.150627052194079543E+02    0.110934388229930008E+02    0.707401084253415569E+01    0.475865708549511046E-01    0.281378536469965456E+04   -0.577195633965034816E+01    1
    0.103320609192525801E+02    0.124761920093419327E+02    0.226290309994577887E+01    0.442383732750820588E-01    0.284113120644868650E+04   -0.579195633965034773E+01    1
    0.294213186310644801E+02    0.527738865844724536E+01    0.743692124741786564E+01    0.461170222539071806E-01    0.284130454281815582E+04   -0.581195633965034908E+01    1
    0.134144458091897185E+02    0.195689313186024583E+01    0.131675811110531740E+02    0.449078652129388037E-01    0.286405590527448021E+04   -0.583195633965034954E+01    1
    0.197796246741422053E+02    0.180561027855778420E+02    0.380408895818391102E+01    0.437276812390279893E-01    0.288617555265459487E+04   -0.585195633965034823E+01    1
    0.212236512037397276E+02    0.439329479295722969E+00    0.462670039864309146E+01    0.421382386432786818E-01    0.291651085957009309E+04   -0.587195633965034691E+01    1
    0.731161533729910396E+01    0.707368609321217967E+01    0.564065718544974892E+01    0.420604027833180460E-01    0.291799302958018416E+04   -0.589195633965034649E+01    1
    0.616491807952681015E+01    0.859516514107363960E+01    0.504247302400958475E+01    0.418607744351246272E-01    0.292179067124040284E+04   -0.591195633965034695E+01    1
    0.107611361840231616E+02    0.414525289821333409E+00    0.135868230584723442E+02    0.416624247846429166E-01    0.292556564979985433E+04   -0.593195633965034741E+01    1
    0.142943313743266565E+02    0.390339452389247521E+01    0.100037456250462320E+02    0.410007352441789999E-01    0.293817858191156211E+04   -0.595195633965034698E+01    1
    0.561767853334982625E+01    0.210449771724914569E+02    0.101280577052011473E+02    0.407922575547809904E-01    0.294215712692532725E+04   -0.597195633965034833E+01    1
    0.256695813770062813E+02    0.649231328336083546E+01    0.160174376189682697E+02    0.406468820124068347E-01    0.294493270694916282E+04   -0.599195633965034702E+01    1
    0.182825891097328252E+02    0.765120537105509868E+01    0.113842056195874797E+01    0.467412396336220996E-02    0.295275765026765112E+04   -0.601195633965034926E+01    1
    0.124210234494903631E+02    0.145466868604680446E+02    0.700806566273378451E+01    0.390173892175508519E-01    0.297611178251051660E+04   -0.603195633965035061E+01    1
    0.267182354440627847E+02    0.146639654027073618E+02    0.101427917075482696E+02    0.389219250379581327E-01    0.297794115593776223E+04   -0.605195633965034840E+01    1
    0.180152854987469908E+02    0.943149504746637390E+01    0.122011020089966546E+02    0.385430351785527661E-01    0.298520857932590434E+04   -0.607195633965034798E+01    1
    0.277149250521572554E+01    0.356912249394499259E+01    0.120400540992917069E+02    0.381765116260313064E-01    0.299224409866271890E+04   -0.609195633965034844E+01    1
    0.470608880914194216E+02    0.134175277162212723E+02    0.930235310080541744E+01    0.368594271847661331E-01    0.301756469593231122E+04   -0.611195633965034713E+01    1
    0.437207467265223499E+02    0.318330567992856572E+01    0.854709015580950116E+01    0.367863538427187844E-01    0.301897111786695496E+04   -0.613195633965034759E+01    1
    0.125406550215275221E+02    0.132301569149852778E+02    0.439257562411934277E+01    0.364109435471006021E-01    0.302621792451151123E+04   -0.615195633965034894E+01    1
    0.324514009014322191E+01    0.816431416617358074E+01    0.200579516354882426E+01    0.320701700563250994E-01    0.302908352288345577E+04   -0.617195633965035029E+01    1
    0.197125273806203616E+01    0.170109163830220922E+02    0.288251614668592193E+01    0.350414632704490747E-01    0.303471187919055410E+04   -0.619195633965035164E+01    1
    0.455789775607390446E+01    0.315239611074276249E+01    0.281663835418074004E+01    0.350276237775468055E-01    0.305083197819348243E+04   -0.621195633965035210E+01    1
    0.137591918165322475E+02    0.202255601075836999E+01    0.478934545687663604E+01    0.345612669931208011E-01    0.306186223660179076E+04   -0.623195633965034990E+01    1
    0.163387470252740652E+01    0.184370143896149052E+01    0.777898565347880933E+01    0.335954890565870051E-01    0.308049831642717345E+04   -0.625195633965034769E+01    1
    0.113485582430094585E+02    0.761472687343775956E+01    0.102198993281300297E+02    0.330335513773252418E-01    0.309134693772677838E+04   -0.627195633965034904E+01    1
    0.197377781748176702E+02    0.560987735500998053E+01    0.159298322226332552E+02    0.329721228710937245E-01    0.309253290610354998E+04   -0.629195633965034951E+01    1
    0.580917867811819999E+01    0.113774199796475237E+02    0.720115634097292912E+01    0.311932799098620234E-01    0.312686855496249973E+04   -0.631195633965034819E+01    1
    0.173767978450816614E+02    0.257270694400506805E+02    0.425710257832623640E+01    0.307473925267548603E-01    0.313556302202433244E+04   -0.633195633965034865E+01    1
    0.642940542199590759E+01    0.710182267020323632E+01    0.128435140435786259E+02    0.298787251075243385E-01    0.315221025428158282E+04   -0.635195633965034823E+01    1
    0.176004849192763899E+02    0.914991720342552384E+00    0.720358249380794025E+01    0.296998411071955834E-01    0.315565522178537094E+04   -0.637195633965034602E+01    1
    0.199025394583937398E+02    0.901543816302629253E+01    0.125988528604958550E+01    0.127497286025593124E-02    0.315661082091290064E+04   -0.639195633965035004E+01    1
    0.181149806382633116E+02    0.125761760371387687E+02    0.120443674840272514E+02    0.294619802504310704E-01    0.316023419243021726E+04   -0.641195633965034961E+01    1
    0.360577321943792981E+02    0.837937420018936230E+01    0.785332374922697252E+01    0.294097938588908786E-01    0.316123866640928190E+04   -0.643195633965034830E+01    1
    0.251816378044782034E+02    0.111688898574203730E+02    0.192288879925270635E+02    0.289354243090539157E-01    0.317036321158803275E+04   -0.645195633965035142E+01    1
    0.313842056973544459E+02    0.101540946027415444E+02    0.158461814995551435E+02    0.283143883519772002E-01    0.318229410217700115E+04   -0.647195633965035011E+01    1
    0.108634757869115504E+02    0.101414722933493806E+02    0.196822370638654620E+01    0.243141303118389711E-01    0.319493945540149707E+04   -0.649195633965035057E+01    1
    0.177637505329121979E+02    0.596886450340133390E+01    0.508913608246030957E+01    0.275685501561381656E-01    0.319660759248743761E+04   -0.651195633965035370E+01    1
    0.202834176952582617E+02    0.905976572166289174E+01    0.594548529448433438E+01    0.263363382417145138E-01    0.322014963676191428E+04   -0.653195633965035416E+01    1
    0.258754940818480694E+01    0.138952974722626532E+02    0.133871634394413128E+02    0.261758823299381750E-01    0.322320330842430303E+04   -0.655195633965035018E+01    1
    0.175408933886179597E+02    0.215107918870342107E+01    0.136448443090162570E+02    0.244940835198099970E-01    0.325511095268262716E+04   -0.657195633965035064E+01    1
    0.206708632950785223E+02    0.103862516667109563E+02    0.647431000604095352E+01    0.239095761867592314E-01    0.326613047933577127E+04   -0.659195633965035022E+01    1
    0.539295001461704615E+02    0.103730055683388578E+02    0.671813179586644615E+01    0.238778697125648781E-01    0.326672615736599346E+04   -0.661195633965034890E+01    1
    0.295960498611065788E+02    0.391122928189518682E+01    0.114194739959069889E+02    0.234377648298154315E-01    0.327499003301053699E+04   -0.663195633965035203E+01    1
    0.239292266746128419E+02    0.705889595176384521E+01    0.892442884448434981E+01    0.227320600568030849E-01    0.328818651340570341E+04   -0.665195633965034894E+01    1
    0.119042892261464068E+02    0.432746778326267290E-01    0.103185464920149048E+02    0.224166224753287527E-01    0.329406070186714533E+04   -0.667195633965034851E+01    1
    0.755125184462293753E+01    0.143027130712140291E+02    0.995749917900100456E+01    0.223233604611511732E-01    0.329579441263149965E+04   -0.669195633965035075E+01    1
    0.258406572820398139E+02    0.436851801506863158E+01    0.241866357946525712E+01    0.219966958222397695E-01    0.329867515551765700E+04   -0.671195633965034943E+01    1
    0.876576040832637737E+01    0.558176836499528406E+01    0.911652913837647283E+01    0.221271350376689262E-01    0.329943747845084636E+04   -0.673195633965034901E+01    1
    0.260563048227036163E+02    0.628543162456540916E+01    0.872993250775045482E+01    0.215396608955124719E-01    0.331030457152651525E+04   -0.675195633965034947E+01    1
    0.198282057203210798E+02    0.743575284469703401E+01    0.226443832620966212E+01    0.205938375054673765E-01    0.331568275011271635E+04   -0.677195633965034993E+01    1
    0.153971871366961963E+02    0.131940480492715881E+02    0.142459015735954253E+02    0.199064726926350410E-01    0.334016192635757034E+04   -0.679195633965034951E+01    1
    0.275473531195286370E+02    0.130060635833711675E+02    0.139834874431385678E+02    0.197730962503644622E-01    0.334257461761598461E+04   -0.681195633965035174E+01    1
    0.147707959416461243E+02    0.224644803497325007E+02    0.801628590090934523E+01    0.195133141562758017E-01    0.334726198199725513E+04   -0.683195633965035309E+01    1
    0.190668429984381795E+02    0.983983297186823336E+01    0.192893865622603116E+02    0.194847947695859815E-01    0.334777526515278623E+04   -0.685195633965035089E+01    1
    0.255722121353040777E+02    0.535086131443143831E+01    0.214295644514351391E+01    0.183023691011417917E-01    0.335801761881214043E+04   -0.687195633965034780E+01    1
    0.745479761267734364E+01    0.145445647655183308E+02    0.419070762342648884E+01    0.186597758432472532E-01    0.336264195112858397E+04   -0.689195633965035004E+01    1
    0.125090979417546055E+02    0.582816951375424175E+01    0.149811957298583174E+02    0.185352519585687062E-01    0.336475439396096681E+04   -0.691195633965035228E+01    1
    0.193108380012013967E+02    0.761950261636927806E+01    0.192341602250493509E+02    0.181577232915176232E-01    0.337143658754093121E+04   -0.693195633965035185E+01    1
    0.175801182038040089E+02    0.486032193759777087E+01    0.101291305007862853E+02    0.179357860497231549E-01    0.337534536466506597E+04   -0.695195633965035054E+01    1
    0.934868369427798385E+01    0.748511795289011950E+01    0.892171227913951981E+01    0.176919245729165280E-01    0.337962303895897139E+04   -0.697195633965035100E+01    1
    0.614203778627636297E+02    0.167575596264520357E+02    0.522768963318510327E+01    0.172139251076449118E-01    0.338799041943069824E+04   -0.699195633965035235E+01    1
    0.665357210580742198E+01    0.126785049428221122E+02    0.235060102479696242E+01    0.156759291765144748E-01    0.338940580307841901E+04   -0.701195633965035281E+01    1
    0.128759461062175333E+02    0.127017253154452803E+01    0.127185124762371231E+02    0.166979341194946791E-01    0.339685985101866663E+04   -0.703195633965034972E+01    1
    0.247909346583773171E+02    0.781332935454202016E+01    0.424231499275507673E+01    0.165537780870017304E-01    0.339942408764186075E+04   -0.705195633965034840E+01    1
    0.439119035895949938E+01    0.169093981535485547E+02    0.984114184033384376E+01    0.165223051023777566E-01    0.339987013917849936E+04   -0.707195633965035153E+01    1
    0.416933086768375247E+02    0.807783610900551352E+01    0.425632433309566771E+01    0.162930368925800310E-01    0.340388118279454193E+04   -0.709195633965035288E+01    1
    0.610302290086914923E+01    0.182097967336093021E+02    0.116631685406831522E+02    0.158775800844493629E-01    0.341082256678630347E+04   -0.711195633965035245E+01    1
    0.128151815208118940E+02    0.475741436200416334E+01    0.340396512654157490E+01    0.157938046508100151E-01    0.341233437938990664E+04   -0.713195633965035203E+01    1
    0.131207089178097647E+02    0.597161638430882213E+00    0.208472160305272469E+01    0.155668005055437705E-01    0.341500268092535498E+04   -0.715195633965034983E+01    1
    0.187882734049166764E+02    0.131851403422546767E+02    0.812068218535594966E+01    0.155821400074676545E-01    0.341578755114132673E+04   -0.717195633965034851E+01    1
    0.229283595274366228E+02    0.693526588908214947E+01    0.635306004976585115E+01    0.155177550780221506E-01    0.341686673678957504E+04   -0.719195633965035075E+01    1
    0.104659250675410540E+02    0.914623931005365165E+01    0.329161444294577832E+01    0.151766597811285407E-01    0.342256444186780845E+04   -0.721195633965035299E+01    1
    0.428496198204550538E+02    0.437948064938914516E+01    0.168719751513668363E+02    0.151061705087165692E-01    0.342371029222103789E+04   -0.723195633965035256E+01    1
    0.127985095193640817E+02    0.108094801863923777E+02    0.377876461575550948E+01    0.150639955873135920E-01    0.342461583746704855E+04   -0.725195633965035302E+01    1
    0.306540291446352686E+01    0.213536181890781007E+01    0.900037767483951967E+01    0.143809164607862725E-01    0.343559142902248550E+04   -0.727195633965035437E+01    1
    0.252321121291557304E+02    0.131751243583641653E+00    0.692720718008276126E+01    0.143396812978675518E-01    0.343625965023302524E+04   -0.729195633965035395E+01    1
    0.821968436290939053E+01    0.600378811755872732E+01    0.539604147884915708E+01    0.133505404366972263E-01    0.345204616408376569E+04   -0.731195633965035352E+01    1
    0.118075584217021259E+02    0.167095601913287695E+02    0.887223483677603930E+01    0.132362908922289864E-01    0.345382487382980798E+04   -0.733195633965035043E+01    1
    0.229941718386743759E+02    0.261664172758954772E+01    0.906376592986105578E+01    0.131466286860432869E-01    0.345522411705360810E+04   -0.735195633965034823E+01    1
    0.134286992107579444E+02    0.921715463021312686E+01    0.395031185946943353E+01    0.128406494751329998E-01    0.346015100244057066E+04   -0.737195633965034958E+01    1
    0.338602392692804344E+02    0.340171543802976117E+01    0.154588663636242138E+02    0.124964209595921066E-01    0.346523532223844268E+04   -0.739195633965035004E+01    1
    0.227009695086453149E+02    0.861047160685271251E+01    0.693777503314060873E+01    0.123084841070079769E-01    0.346808361878093910E+04   -0.741195633965035050E+01    1
    0.463173356712316959E+02    0.225877349581786433E+02    0.148045424094246947E+02    0.115463042474273359E-01    0.347940344970003116E+04   -0.743195633965035007E+01    1
    0.230392157307515575E+02    0.144422277286967731E+02    0.404709149814101998E+01    0.108256586185051986E-01    0.349004443215132596E+04   -0.745195633965035054E+01    1
    0.187685972957377629E+02    0.623555015250921052E+01    0.564181073798940602E+01    0.102889900986385622E-01    0.349721561879467117E+04   -0.747195633965035100E+01    1
    0.193688079832445084E+02    0.468371674844826558E+01    0.118258050984362484E+02    0.102740991829235635E-01    0.349741153841510368E+04   -0.749195633965035235E+01    1
    0.140308693438405712E+02    0.190440951230576481E+02    0.162245998738448165E+02    0.102695476100449490E-01    0.349747380209608491E+04   -0.751195633965035281E+01    1
    0.231363993157333070E+02    0.130776489932956999E+02    0.182979384355500629E+01    0.145892354653018134E-02    0.349999075761961558E+04   -0.753195633965035150E+01    1
    0.163044669129723729E+02    0.889040787514339570E+01    0.116538324457374802E+02    0.976198757157806588E-02    0.350431305923356285E+04   -0.755195633965035285E+01    1
    0.218300282212288153E+02    0.137254341475654495E+01    0.113271236205362591E+02    0.975059925441666003E-02    0.350446409976047107E+04   -0.757195633965035242E+01    1
    0.353559060543840431E+01    0.984872105681759535E+01    0.197222532164229101E+02    0.961811406151573227E-02    0.350621322602138207E+04   -0.759195633965035110E+01    1
    0.327595983893257969E+01    0.691354621773310285E+01    0.685249580602351127E+01    0.942603397563835169E-02    0.350872362627031998E+04   -0.761195633965035423E+01    1
    0.266351170627119984E+02    0.306987051285610946E+02    0.765266343344783273E+01    0.905036140146134489E-02    0.351353816908106819E+04   -0.763195633965035558E+01    1
    0.361055983135591845E+02    0.700217506817229562E+01    0.716163004865991759E+01    0.895051887985706153E-02    0.351479605967510997E+04   -0.765195633965035427E+01    1
    0.144039519295973673E+01    0.305743794355503828E+01    0.574721424859901919E+01    0.894126895165055918E-02    0.351491450980486388E+04   -0.767195633965035118E+01    1
    0.450895231654292701E+02    0.550742431181665815E+01    0.111186064126191688E+02    0.886182025108666997E-02    0.351590568958088625E+04   -0.769195633965035253E+01    1
    0.133221161438453546E+02    0.166537227424167789E+01    0.103581028641282984E+02    0.857152448033985173E-02    0.351948737712101683E+04   -0.771195633965035210E+01    1
    0.116421791122258398E+02    0.156238841687708829E+01    0.565838946334664961E+01    0.853998761480032759E-02    0.351987368804585913E+04   -0.773195633965035167E+01    1
    0.160272010961927478E+02    0.497652571779366593E+01    0.134146290340634664E+02    0.806866631068770337E-02    0.352549784473052750E+04   -0.775195633965035391E+01    1
    0.276794790619437023E+02    0.123701177956044717E+02    0.617990760850084708E+01    0.806677017337116206E-02    0.352552595294588627E+04   -0.777195633965035348E+01    1
    0.705720610459001652E+01    0.119990762025509881E+02    0.121505452970817807E+02    0.805544898753536923E-02    0.352565240116413770E+04   -0.779195633965035306E+01    1
    0.156173863509990021E+02    0.258052882275282904E+02    0.243866648043640000E+01    0.566981004239188596E-02    0.352686379452836900E+04   -0.781195633965035174E+01    1
    0.421258845693878712E+02    0.726426497304959273E+01    0.100146213996636391E+02    0.791320291323586306E-02    0.352730434822213738E+04   -0.783195633965035132E+01    1
    0.190380114250442780E+02    0.330197659395178711E+01    0.109519241179417239E+02    0.785034478367520848E-02    0.352802762729849019E+04   -0.785195633965035533E+01    1
    0.246244588413500161E+02    0.197927342163264584E+02    0.956525012761323623E+01    0.770255923517534566E-02    0.352971171149086149E+04   -0.787195633965035579E+01    1
    0.402197040024766128E+01    0.176210205772626693E-01    0.124360247847875804E+02    0.747801754772640936E-02    0.353222550297111320E+04   -0.789195633965035537E+01    1
    0.332446121282925162E+02    0.416448988542110055E+01    0.426103884143001288E+01    0.721209553455134239E-02    0.353520456971146905E+04   -0.791195633965035583E+01    1
    0.186744060805244594E+02    0.124760064308096013E+02    0.105499208670908438E+02    0.704500660601918398E-02    0.353691502578790733E+04   -0.793195633965035185E+01    1
    0.253537748788011612E+02    0.422273281132617573E+01    0.596857315153290191E+01    0.638803503325154412E-02    0.354361329099979685E+04   -0.795195633965035142E+01    1
    0.176586969664204041E+01    0.106068614777400771E+02    0.237774561364903070E+01    0.311463369657396074E-02    0.354420415749142194E+04   -0.797195633965035189E+01    1
    0.356747224000064023E+02    0.380127156104790309E+01    0.161824288313252040E+02    0.612383740973950971E-02    0.354615163931888037E+04   -0.799195633965035235E+01    1
    0.166734784413972648E+02    0.436427267899697746E+01    0.106075964428928344E+02    0.612238209561681568E-02    0.354616539056164856E+04   -0.801195633965035192E+01    1
    0.157884121178703491E+02    0.555078601583443376E+01    0.143561124902091670E+02    0.611553107375594450E-02    0.354623008611010573E+04   -0.803195633965034972E+01    1
    0.298228033063422444E+02    0.183619942187656982E+02    0.173411933895667794E+02    0.597723816769609936E-02    0.354752287091571088E+04   -0.805195633965035107E+01    1
    0.198503081905912211E+02    0.639123332248826159E+01    0.111978949692774670E+02    0.588831953753750359E-02    0.354834073039990380E+04   -0.807195633965035420E+01    1
    0.188630755290981327E+02    0.120278951517667245E+02    0.501596435176104549E+01    0.589416885654829581E-02    0.354834306465751069E+04   -0.809195633965035555E+01    1
    0.234035899655170212E+02    0.135531170160898622E+02    0.124925295472902231E+02    0.571861355360450858E-02    0.354987213743697339E+04   -0.811195633965035512E+01    1
    0.204051914872303222E+02    0.788575869855695544E+01    0.236730806347360190E+01    0.520638101596130470E-02    0.355105517864906687E+04   -0.813195633965035292E+01    1
    0.300344034367920898E+02    0.181971569404120075E+02    0.418633381034271235E+01    0.557068607173809467E-02    0.355155191290207767E+04   -0.815195633965035249E+01    1
    0.281316422526924548E+01    0.178870846390183118E+02    0.548127103655085701E+01    0.549014133147250789E-02    0.355190762016354256E+04   -0.817195633965035206E+01    1
    0.162014829934309823E+01    0.122406678256304442E+02    0.149359036285561935E+02    0.546620066946368159E-02    0.355207667244700042E+04   -0.819195633965035341E+01    1
    0.239678952074579588E+01    0.131705624051566605E+01    0.100991665322195203E+02    0.546617432558072804E-02    0.355207689836285863E+04   -0.821195633965035476E+01    1
    0.777146420943330973E+01    0.125947676577796166E+02    0.138957002167331467E+02    0.542804386285764690E-02    0.355240216260292163E+04   -0.823195633965035434E+01    1
    0.149328613547869367E+02    0.240642861617237935E+01    0.750576688651653789E+01    0.517643138413338699E-02    0.355449636513340010E+04   -0.825195633965035569E+01    1
    0.161252962278616252E+02    0.948613579798060869E+01    0.700825894318104048E+01    0.502316919941639059E-02    0.355572756418408426E+04   -0.827195633965035348E+01    1
    0.495042006474293039E+01    0.110193826915741546E+02    0.294143653134282701E+01    0.493164564909060257E-02    0.355617343360880204E+04   -0.829195633965035483E+01    1
    0.624530862012103505E+01    0.165652963809721996E+02    0.716794421167533091E+01    0.471614631967715026E-02    0.355808624883094308E+04   -0.831195633965035618E+01    1
    0.401597222305904964E+02    0.143889610183559107E+02    0.554378916116759335E+01    0.456578444493550319E-02    0.355921158442407796E+04   -0.833195633965035576E+01    1
    0.147616862664833519E+02    0.278000003065203423E+02    0.649770325142557414E+01    0.454599498552500821E-02    0.355933721396986402E+04   -0.835195633965035533E+01    1
    0.982624062931204278E+01    0.156239068261079694E+00    0.886928763045189683E+01    0.449202200264926278E-02    0.355971416256363955E+04   -0.837195633965035313E+01    1
    0.338331389694337830E+02    0.162883458847989040E+02    0.842348744863620347E+01    0.447861809901057596E-02    0.355980919675404948E+04   -0.839195633965035270E+01    1
    0.121096314457437497E+02    0.183642985108942511E+02    0.867274577447882677E+01    0.435765914563665015E-02    0.356065271157961342E+04   -0.841195633965035228E+01    1
    0.689484479718742627E+01    0.175945921911626009E+02    0.583287605767480510E+01    0.423621976578783359E-02    0.356149505100921851E+04   -0.843195633965035363E+01    1
    0.260462206482488341E+02    0.956255444101114449E+01    0.460871538232987188E+01    0.412950979476548949E-02    0.356227878799257178E+04   -0.845195633965035320E+01    1
    0.289657299326203965E+01    0.996709566191188578E+01    0.996569199902761405E+01    0.400230187949718492E-02    0.356299184601765774E+04   -0.847195633965035455E+01    1
    0.836202765462293485E+01    0.278637799269090713E+01    0.396199362685549605E+01    0.395426333565974432E-02    0.356339059392316631E+04   -0.849195633965035412E+01    1
    0.424282879622464826E+01    0.910991268251115294E+01    0.625557929737218998E+01    0.370441368456640588E-02    0.356479239890509780E+04   -0.851195633965035547E+01    1
    0.102983999593369546E+02    0.408073369430952670E+01    0.640659135131681534E+01    0.367690888666054360E-02    0.356494712662972324E+04   -0.853195633965035505E+01    1
    0.532066761423212675E+01    0.148297231184357692E+02    0.359105107315742922E+01    0.378349088043655008E-02    0.356507341274502505E+04   -0.855195633965035285E+01    1
    0.111187258007650751E+02    0.146058833784490361E-02    0.293117845731983673E+01    0.356171947698682946E-02    0.356559299369715791E+04   -0.857195633965035242E+01    1
    0.244303452125405656E+02    0.197988722397769976E+02    0.327203390295572571E+01    0.366755073276977444E-02    0.356645009235627731E+04   -0.859195633965035377E+01    1
    0.123094935298388641E+02    0.717405253522550268E+01    0.398546563890444050E+01    0.342269364175997641E-02    0.356658763695111884E+04   -0.861195633965035512E+01    1
    0.133488170163053876E+02    0.211272578065184504E+02    0.131385716100063235E+02    0.333160439852615191E-02    0.356681338933909228E+04   -0.863195633965035647E+01    1
    0.895342873532398897E+01    0.104199214482430413E+02    0.109949671382312815E+02    0.333006170412143395E-02    0.356682124560922875E+04   -0.865195633965035782E+01    1
    0.318513544977216583E+02    0.153675505719805461E+02    0.948320233943341684E+01    0.327411301748802312E-02    0.356710317071225563E+04   -0.867195633965035384E+01    1
    0.608150452652106388E+01    0.150522379594550930E+02    0.112067609700552744E+02    0.313296277838784375E-02    0.356778829941817912E+04   -0.869195633965035341E+01    1
    0.253019422434086287E+02    0.287511850183922002E+01    0.991040898862192066E+01    0.308789123733718132E-02    0.356799912586995197E+04   -0.871195633965035476E+01    1
    0.133536532536287265E+02    0.138343783655477441E+02    0.963200582233216629E+01    0.303171283574853569E-02    0.356825646917971153E+04   -0.873195633965035611E+01    1
    0.363892794870307590E+01    0.567034087778872209E+01    0.390132376041717244E+01    0.297741969503597390E-02    0.356872167922721928E+04   -0.875195633965035569E+01    1
    0.677046676433390981E+01    0.535402557350806330E+01    0.807229190585625744E+01    0.275215970473470213E-02    0.356944574264678522E+04   -0.877195633965035526E+01    1
    0.113315925203544978E+02    0.109424722361599862E+02    0.207157598171684896E+02    0.272784992646867659E-02    0.356954176516347343E+04   -0.879195633965035483E+01    1
    0.537787058036698440E+02    0.359666030896119793E+01    0.139992071636624793E+02    0.267079404846385900E-02    0.356976267615633697E+04   -0.881195633965035441E+01    1
    0.170112850623071594E+02    0.429577982091198152E+01    0.344101801614532521E+01    0.276640920198640379E-02    0.356978951175917064E+04   -0.883195633965035398E+01    1
    0.478984673443756481E+01    0.164207822197884781E+02    0.708551473909333218E+01    0.264895670074552026E-02    0.356984731932929844E+04   -0.885195633965035533E+01    1
    0.178164846663889946E+02    0.531101827613348654E+01    0.594010277561065614E+01    0.264420875639899888E-02    0.356986808487940016E+04   -0.887195633965035491E+01    1
    0.288851916206178316E+02    0.223834864598890348E+02    0.725418993899016051E+01    0.261988560255577542E-02    0.356995576147581687E+04   -0.889195633965035626E+01    1
    0.247188799097991279E+02    0.879767700146810228E+01    0.582102450102665792E+01    0.257953851680938233E-02    0.357011195297017639E+04   -0.891195633965035761E+01    1
    0.290495159792674773E+01    0.559850204632006232E+01    0.103484715643625087E+02    0.248346906997930260E-02    0.357044145852172460E+04   -0.893195633965035896E+01    1
    0.200928196087029995E+02    0.255907280007275828E+01    0.203686127676630990E+01    0.214107444819457626E-02    0.357068954746055078E+04   -0.895195633965035675E+01    1
    0.256628028166177558E+02    0.792866189620911754E+01    0.786369266701863179E+01    0.237315153685492422E-02    0.357080748563509405E+04   -0.897195633965035633E+01    1
    0.187876567021510290E+02    0.537133821845941384E+00    0.141627984568296590E+02    0.232929895980013438E-02    0.357094566986558038E+04   -0.899195633965035590E+01    1
    0.119708361911753034E+02    0.761317369815096967E+01    0.947382655665182583E+01    0.232322365413316573E-02    0.357096452509402934E+04   -0.901195633965035547E+01    1
    0.329319049877682843E+02    0.539565179154077157E+01    0.994459061230571351E+01    0.231817577288688905E-02    0.357098011989577844E+04   -0.903195633965035682E+01    1
    0.529272441792124937E+01    0.352988162094377316E+02    0.764073576296835810E+01    0.228915846239017293E-02    0.357107011440181577E+04   -0.905195633965035817E+01    1
    0.466016229603097099E+01    0.143292380424419497E+01    0.442902305031998367E+01    0.214900195197549127E-02    0.357149598036870611E+04   -0.907195633965035952E+01    1
    0.553130224991693975E+01    0.189158203756581145E+02    0.780526812548057514E+01    0.210916594791796903E-02    0.357157884080154508E+04   -0.909195633965035555E+01    1
    0.847669949418921931E+01    0.367742045727707012E+01    0.446001203524061829E+01    0.211682043234778490E-02    0.357161609189969477E+04   -0.911195633965035512E+01    1
    0.240648298224332109E+02    0.507592807422088033E+01    0.148257954825378206E+02    0.203793712478955941E-02    0.357176058638544509E+04   -0.913195633965035647E+01    1
    0.157254213083238525E+02    0.216844896014267263E+02    0.155779731008996549E+02    0.202303455495393648E-02    0.357179731734264442E+04   -0.915195633965035960E+01    1
    0.300098170878483117E+02    0.199451493871581924E+02    0.129241893273834876E+02    0.193198763840407182E-02    0.357201107727055023E+04   -0.917195633965036095E+01    1
    0.150840445888669343E+02    0.979998283888758337E+01    0.164093329847252605E+02    0.191154187615762703E-02    0.357205654969401621E+04   -0.919195633965036052E+01    1
    0.291216345723697785E+02    0.669590016731949333E+01    0.127848990790068004E+02    0.122501037466344817E-03    0.357211835075639556E+04   -0.921195633965035832E+01    1
    0.360330220152438674E+01    0.518572949328791388E+01    0.993729438374300145E+01    0.185329879596367103E-02    0.357218096291838901E+04   -0.923195633965035434E+01    1
    0.761445128790986736E+01    0.226305154386764187E+02    0.946148577270772151E+01    0.184523770347248600E-02    0.357219760493948252E+04   -0.925195633965035391E+01    1
    0.129129832883512030E+02    0.215744535690750272E+01    0.995271133550435394E+01    0.183951546413495129E-02    0.357220928841209479E+04   -0.927195633965035526E+01    1
    0.119858470745080883E+02    0.139904987379703982E+02    0.735986602245201382E+01    0.181918571329397214E-02    0.357225114123820822E+04   -0.929195633965035661E+01    1
    0.821040373126819034E+01    0.470099383059095466E+01    0.522620770422176673E+01    0.181967601836156108E-02    0.357226702642709643E+04   -0.931195633965035974E+01    1
    0.137108883696325794E+02    0.746104869544880778E+01    0.760123376733232536E+01    0.190051924974122145E-03    0.357226848147504643E+04   -0.933195633965035576E+01    1
    0.286487745850938325E+02    0.169516507438690347E+02    0.795600434767915488E+01    0.180063272950017417E-02    0.357228719018676111E+04   -0.935195633965035533E+01    1
    0.160453370606724022E+02    0.122383634751774188E+02    0.169610323206360611E+02    0.223104726563332079E-03    0.357233681488135153E+04   -0.937195633965035491E+01    1
    0.270878153423766364E+02    0.638888506559607805E+01    0.463117765989293684E+01    0.180532939951196869E-02    0.357234762851224241E+04   -0.939195633965035448E+01    1
    0.561380712408157212E+01    0.180935203907405651E+02    0.101042577055074609E+02    0.244984047977224364E-03    0.357238056204779605E+04   -0.941195633965035405E+01    1
    0.283483915403470093E+02    0.161581845201928616E+02    0.102205747092902772E+02    0.172919222953260782E-02    0.357242052705405058E+04   -0.943195633965035363E+01    1
    0.208971793342663332E+02    0.524979062916442363E+01    0.107360204984029899E+02    0.266844090022642141E-03    0.357242292161220576E+04   -0.945195633965035498E+01    1
    0.201781433229187606E+02    0.115581911996090394E+02    0.398875415783117093E+01    0.101282617727758116E-03    0.357251835072932772E+04   -0.947195633965035810E+01    1
    0.239043273436230095E+02    0.454262946262088008E+01    0.102067305546739675E+02    0.165799155791036086E-02    0.357254209515717412E+04   -0.949195633965035945E+01    1
    0.185642000648510184E+02    0.959964156243918154E+01    0.485763793165107138E+01    0.302203598919931465E-03    0.357256162227184632E+04   -0.951195633965035725E+01    1
    0.133959810076701213E+02    0.547736648477631771E+01    0.108650301842355415E+02    0.346425940406876100E-03    0.357256593276414424E+04   -0.953195633965035860E+01    1
    0.535403470051345565E+02    0.120810586129976336E+02    0.168076643310575697E+02    0.349658079214320520E-03    0.357257137035312917E+04   -0.955195633965035817E+01    1
    0.130187549831876446E+02    0.160950130437389483E+01    0.993188093936934813E+01    0.351428920052780040E-03    0.357257433823355768E+04   -0.957195633965035775E+01    1
    0.103349128492098501E+02    0.704602239391381158E+01    0.157810297416669592E+02    0.162993133615263247E-02    0.357258679523613682E+04   -0.959195633965035732E+01    1
    0.155708358353334066E+02    0.579811163496557302E+01    0.533816558086568271E+01    0.353136527386129547E-03    0.357259489168352684E+04   -0.961195633965035867E+01    1
    0.540706395233423720E+01    0.246883300462805337E+02    0.447150806849324400E+01    0.183225068905161709E-02    0.357259717693352923E+04   -0.963195633965035825E+01    1
    0.219594361471501820E+01    0.821935899251694124E+01    0.143458309461348215E+02    0.162272438851261214E-02    0.357259798190714446E+04   -0.965195633965035960E+01    1
    0.432029923325718102E+02    0.221543471645085610E+01    0.115460825851554070E+02    0.370672969254899707E-03    0.357260602578457110E+04   -0.967195633965035739E+01    1
    0.139858228103197035E+01    0.905131003248578203E+01    0.750199222314751868E+01    0.160465746897604051E-02    0.357262601776794418E+04   -0.969195633965035697E+01    1
    0.337243598675959291E+02    0.942728034939982074E+01    0.164824315987784296E+02    0.160024197215536930E-02    0.357263210437416092E+04   -0.971195633965035654E+01    1
    0.146270669049691051E+02    0.843621717623618395E+01    0.145267075277873410E+02    0.158574765749564190E-02    0.357265347957315862E+04   -0.973195633965035789E+01    1
    0.169481612718515340E+01    0.881850983258852494E+01    0.105761267794627294E+02    0.403363987261878918E-03    0.357265752663930016E+04   -0.975195633965035746E+01    1
    0.195663815060553432E+02    0.201550397806688464E+01    0.194513007354177816E+02    0.158292300159406990E-02    0.357265758817359983E+04   -0.977195633965035526E+01    1
    0.161101752021711206E+02    0.194862385293884550E+02    0.118428064723457140E+02    0.405365846912635486E-03    0.357266058378708021E+04   -0.979195633965035661E+01    1
    0.174017132248690487E+02    0.166862881477790950E+02    0.889067627881379074E+01    0.405778197171469124E-03    0.357266126453750985E+04   -0.981195633965035796E+01    1
    0.295312836843693916E+01    0.981990745419532729E+01    0.173011565985078306E+02    0.420340640716458571E-03    0.357268311488535983E+04   -0.983195633965035753E+01    1
    0.275618500108939841E+02    0.214776729233055477E+02    0.126496991516021211E+02    0.153323607428422579E-02    0.357272681095527969E+04   -0.985195633965035888E+01    1
    0.325824682166142310E+02    0.722149631009188298E+01    0.556922557331892953E+01    0.153781946945968223E-02    0.357273370703297223E+04   -0.987195633965036023E+01    1
    0.111698450489102115E+02    0.142224984174009847E+02    0.990592404921357961E+01    0.152730305142094068E-02    0.357273469651801770E+04   -0.989195633965035981E+01    1
    0.264101845289809631E+02    0.130183327601695176E+01    0.132536721127350940E+02    0.150369720259807159E-02    0.357276521873480851E+04   -0.991195633965035761E+01    1
    0.149672289587924752E+02    0.601771930717042913E+01    0.151020119425203312E+02    0.480815742051706862E-03    0.357276789283507605E+04   -0.993195633965035718E+01    1
    0.125025044157957161E+02    0.119267715756637145E+02    0.973317680436174726E+01    0.500548682229234876E-03    0.357279341731142631E+04   -0.995195633965035853E+01    1
    0.255536564998749753E+02    0.792432050731166626E+01    0.918444046563102212E+01    0.505689122259341244E-03    0.357279989760978970E+04   -0.997195633965035810E+01    1
    0.365523918534298744E+02    0.144228352891350440E+02    0.101717407927882064E+02    0.519271613864171703E-03    0.357281665206664638E+04   -0.999195633965035945E+01    1
    0.206825401801309923E+02    0.144973016420776570E+02    0.792438797488958357E+01    0.520903930600959218E-03    0.357281891911806724E+04   -0.100119563396503626E+02    1
    0.444090474812663558E+02    0.105272494799941523E+02    0.468593377175847081E+01    0.458138883492057586E-03    0.357284348166678319E+04   -0.100319563396503622E+02    1
    0.291311736824683365E+02    0.395392316657192744E+01    0.118983028910934259E+02    0.143300887679164400E-02    0.357284876479847480E+04   -0.100519563396503600E+02    1
    0.640910662502342809E+01    0.146461616709946085E+02    0.220390684401630672E+02    0.142750469285436547E-02    0.357285477255651858E+04   -0.100719563396503577E+02    1
    0.153206935457084032E+02    0.134184834589243795E+01    0.120962447280093564E+02    0.142387971071236121E-02    0.357285868981412932E+04   -0.100919563396503591E+02    1
    0.192283034109467472E+02    0.897130662689738045E+01    0.256421304440537590E+01    0.172633558240149016E-02    0.357287269440729506E+04   -0.101119563396503640E+02    1
    0.980774859432902524E+01    0.163589476477291740E+02    0.427666884074781883E+01    0.164872493203779445E-02    0.357291213718154177E+04   -0.101319563396503618E+02    1
    0.190243606070328681E+02    0.674867190676859607E+01    0.141337767754862824E+02    0.607441130743093666E-03    0.357291343584837250E+04   -0.101519563396503578E+02    1
    0.308477136258545173E+02    0.143368170405972748E+02    0.177255642646417897E+02    0.136651844342941097E-02    0.357291649824328033E+04   -0.101719563396503592E+02    1
    0.153178283704249090E+02    0.347116281054929576E+01    0.691639281744252354E+01    0.612801711084556746E-03    0.357291915092411091E+04   -0.101919563396503605E+02    1
    0.225711273246128101E+02    0.474774890450290155E+01    0.609551507013101546E+01    0.610221441288587903E-03    0.357291939290924256E+04   -0.102119563396503601E+02    1
    0.185918625398118635E+02    0.135736267282644203E+02    0.108229810712158105E+02    0.136282125853245516E-02    0.357291995487434269E+04   -0.102319563396503597E+02    1
    0.109456969067698271E+02    0.110067134417575900E+02    0.109316834905974858E+02    0.635102749978505316E-03    0.357293952793175231E+04   -0.102519563396503592E+02    1
    0.180345165883988869E+02    0.920141080600410710E+01    0.164868834201096170E+02    0.132900489579151774E-02    0.357295003520351565E+04   -0.102719563396503624E+02    1
    0.224699984011325640E+02    0.138540394883048457E+01    0.114447410410181902E+02    0.131508786379249884E-02    0.357296161428543473E+04   -0.102919563396503619E+02    1
    0.195605008950158208E+02    0.217815947139828054E+02    0.816799513276477107E+01    0.676263880985811510E-03    0.357297487179735526E+04   -0.103119563396503597E+02    1
    0.956971896575377556E+01    0.114919865024543402E+02    0.825810319698838313E+01    0.691761181793078359E-03    0.357298677738411698E+04   -0.103319563396503593E+02    1
    0.308280549632321765E+02    0.118739299709296109E+02    0.144652562488610172E+02    0.128067998382581710E-02    0.357298822995737373E+04   -0.103519563396503589E+02    1
    0.140538868756823874E+02    0.705747650430084761E+01    0.132482569732560158E+02    0.698978529629321575E-03    0.357299204108901176E+04   -0.103719563396503585E+02    1
    0.202596856311743068E+00    0.190752920159758110E+01    0.686031688144162999E+01    0.704204014002295792E-03    0.357299625955084321E+04   -0.103919563396503580E+02    1
    0.358858782401657450E+02    0.178341533955219367E+01    0.131402133732930402E+02    0.705506980515822456E-03    0.357299680287073170E+04   -0.104119563396503576E+02    1
    0.134797312720150053E+02    0.429523081710756216E+01    0.662978613907508496E+01    0.705684366327328973E-03    0.357299801752859730E+04   -0.104319563396503590E+02    1
    0.256359719278033751E+02    0.297941709709477598E+01    0.401337940136905669E+01    0.136641204093126880E-02    0.357302469794920944E+04   -0.104519563396503603E+02    1
    0.381145393051062786E+01    0.538865025868445002E+01    0.102643172945097199E+02    0.749103250003292902E-03    0.357302573951293380E+04   -0.104719563396503599E+02    1
    0.217218927394292294E+02    0.132213740417630845E+02    0.149555954955455128E+02    0.122367865743596132E-02    0.357302598828429291E+04   -0.104919563396503612E+02    1
    0.158732723391430834E+02    0.132288269817540183E+02    0.901206920576785464E+01    0.121539899994587124E-02    0.357303084549073810E+04   -0.105119563396503608E+02    1
    0.292181923269316073E+02    0.165427718347032631E+02    0.698764396138030719E+01    0.120825053753332787E-02    0.357303678799714089E+04   -0.105319563396503586E+02    1
    0.455633689964114623E+02    0.166188177987210715E+02    0.663284885811632741E+01    0.764729996455798533E-03    0.357303872967296866E+04   -0.105519563396503617E+02    1
    0.105490861221873136E+02    0.624250339662853637E+01    0.520642723566052723E+01    0.123819892896735425E-02    0.357304163022473494E+04   -0.105719563396503577E+02    1
    0.342643607211844312E+02    0.863186425229088172E+00    0.104221836813916369E+02    0.784754687766454385E-03    0.357304571236634274E+04   -0.105919563396503609E+02    1
    0.356683602687997663E+02    0.755463395442959751E+01    0.124955847543620759E+02    0.116858113857098815E-02    0.357305492763402708E+04   -0.106119563396503622E+02    1
    0.213897483423070796E+02    0.139853182834709511E+01    0.133529691962216557E+02    0.831615130420252247E-03    0.357306694815467199E+04   -0.106319563396503600E+02    1
    0.352444587310732800E+02    0.435017354387784039E+01    0.153374911834312080E+02    0.113649657279580804E-02    0.357306833458894471E+04   -0.106519563396503596E+02    1
    0.170807768299770544E+02    0.212835986294246204E+01    0.669442364266188061E+01    0.837908138091578159E-03    0.357306983135061000E+04   -0.106719563396503592E+02    1
    0.237582725744747307E+02    0.159415527155008752E+01    0.128018603347676674E+02    0.843384892583576469E-03    0.357307139009432467E+04   -0.106919563396503587E+02    1
    0.228191713722973297E+02    0.297247538038112324E+00    0.766446588005892515E+01    0.844695612537969473E-03    0.357307187233015338E+04   -0.107119563396503583E+02    1
    0.625749415696356870E+01    0.940659919055118188E+01    0.104352954903849842E+02    0.844933348032402345E-03    0.357307194963445454E+04   -0.107319563396503597E+02    1
    0.162688324979021033E+02    0.147294530512686368E+02    0.614871340184308135E+01    0.114915631507843700E-02    0.357307251508005265E+04   -0.107519563396503610E+02    1
    0.302957561087727072E+02    0.537487558530522946E+01    0.117358150640281558E+02    0.848286232860340998E-03    0.357307313463724040E+04   -0.107719563396503588E+02    1
    0.222520818736713117E+02    0.658016228895116129E+00    0.562009960270288378E+01    0.112620659348701456E-02    0.357307320845069898E+04   -0.107919563396503584E+02    1
    0.480119578632065114E+00    0.570926552319171243E+01    0.683952714177685639E+01    0.112578927982641842E-02    0.357307344006654239E+04   -0.108119563396503615E+02    1
    0.295047401472245099E+02    0.165398408760516133E+02    0.146491251025922864E+02    0.111679296604355778E-02    0.357307530521503122E+04   -0.108319563396503646E+02    1
    0.136989950668492320E+02    0.959221012150720931E+01    0.546188365794938946E+01    0.802024851065414896E-03    0.357307714395956737E+04   -0.108519563396503624E+02    1
    0.108699277013822115E+02    0.107018659848264033E+02    0.125004487527935773E+02    0.109973711357644419E-02    0.357308056087530804E+04   -0.108719563396503620E+02    1
    0.194697668334638934E+02    0.645863386492035119E+00    0.911315093173277724E+01    0.109942080770351848E-02    0.357308065276138223E+04   -0.108919563396503634E+02    1
    0.104207169925031717E+02    0.426335064226634053E+01    0.910403913874411330E+01    0.871893612327665456E-03    0.357308068056482534E+04   -0.109119563396503629E+02    1
    0.504221926972986534E+01    0.312212674189479733E+01    0.216720062010104471E+02    0.872813486140969989E-03    0.357308093587724761E+04   -0.109319563396503607E+02    1
    0.394768447335655193E+01    0.629967412508661972E+01    0.130511795782884743E+02    0.109707044284199778E-02    0.357308131716066418E+04   -0.109519563396503621E+02    1
    0.114116947077069852E+02    0.218541074965337234E+01    0.890499847441467551E+01    0.109422877368960982E-02    0.357308211054603908E+04   -0.109719563396503617E+02    1
    0.273604204180264432E+00    0.823591805947308586E+01    0.135753497295967289E+02    0.107593522023992317E-02    0.357308668470833527E+04   -0.109919563396503612E+02    1
    0.469949850796693802E+01    0.100332846896379664E+02    0.186052950565372939E+02    0.898032027924257955E-03    0.357308734740906402E+04   -0.110119563396503608E+02    1
    0.121250270942034675E+02    0.888181858865906904E+01    0.126594001856294796E+02    0.107166762571708242E-02    0.357308763329925659E+04   -0.110319563396503604E+02    1
    0.306878214156404852E+02    0.100118366513650709E+02    0.958225395528203450E+01    0.907106621916363431E-03    0.357308926399203028E+04   -0.110519563396503617E+02    1
    0.112633931768252431E+02    0.960986456927944133E+01    0.147318768945050778E+02    0.910018378266550312E-03    0.357308982420593566E+04   -0.110719563396503613E+02    1
    0.162756577996481298E+02    0.286523297884622998E+02    0.610143594489218266E+01    0.840374385168780619E-03    0.357308996137879876E+04   -0.110919563396503609E+02    1
    0.120615448756931958E+02    0.896537714690360588E+01    0.114100944623153921E+02    0.914372328732380828E-03    0.357309063324839281E+04   -0.111119563396503622E+02    1
    0.203203950620360239E+02    0.553634802994203223E+01    0.781228566097763988E+01    0.105499206571458854E-02    0.357309103941556532E+04   -0.111319563396503654E+02    1
    0.100244483922169305E+02    0.190110146197411396E+02    0.129221237843476882E+02    0.105067301315126720E-02    0.357309163689008801E+04   -0.111519563396503649E+02    1
    0.174614626062847762E+02    0.286477482076868428E+01    0.244028724684905782E+02    0.920725392060632065E-03    0.357309172642510748E+04   -0.111719563396503645E+02    1
    0.270741357384543093E+02    0.156488865379235165E+01    0.503725400102470822E+01    0.884667818197848888E-03    0.357309228752115905E+04   -0.111919563396503658E+02    1
    0.187882653081404669E+02    0.134368256649336981E+02    0.840258207594562379E+01    0.104448119169503516E-02    0.357309271310569238E+04   -0.112119563396503654E+02    1
    0.137338739926553295E+02    0.106562105622051320E+02    0.129953694548288556E+02    0.102951912256326987E-02    0.357309455397220427E+04   -0.112319563396503614E+02    1
    0.634550565025966318E+01    0.833692573863576669E+01    0.925279087240760845E+01    0.949175006762571424E-03    0.357309537659849229E+04   -0.112519563396503610E+02    1
    0.306666655526504872E+01    0.111388483959125182E+02    0.689990148219306398E+01    0.935043304519415312E-03    0.357309575915068035E+04   -0.112719563396503606E+02    1
    0.271496330338889180E+02    0.349175942399991346E+01    0.710824811233337961E+01    0.101420155219471373E-02    0.357309629261203008E+04   -0.112919563396503602E+02    1
    0.171383022917537104E+02    0.675184317344576179E+00    0.560636034939041750E+01    0.102427099303819928E-02    0.357309630087920686E+04   -0.113119563396503633E+02    1
    0.504750530031686129E+01    0.784522242039926532E+01    0.150858526931658616E+02    0.100733962838160272E-02    0.357309640506697178E+04   -0.113319563396503629E+02    1
    0.996985366845267862E+01    0.749064421763831056E+01    0.155371848098543026E+02    0.999643900109005272E-03    0.357309675785879244E+04   -0.113519563396503624E+02    1
    0.130924296375657470E+02    0.109953295020715398E+02    0.736417976112986228E+01    0.959387401116962475E-03    0.357309683731809400E+04   -0.113719563396503602E+02    1
    0.424263800587242557E+02    0.442709877797920548E+01    0.974090526146238034E+01    0.994504894832768434E-03    0.357309691269848827E+04   -0.113919563396503616E+02    1
    0.272819052774437143E+01    0.367629757559497872E+01    0.495610894978417704E+01    0.109716446078752345E-02    0.357310658580017207E+04   -0.114119563396503612E+02    1
    0.295329859410250037E+02    0.223738014487744614E+02    0.412761940968744145E+01    0.167752319843414216E-02    0.357310776009098754E+04   -0.114319563396503625E+02    1
    0.119640557461027512E+02    0.439172767442454148E+01    0.510106724779064358E+01    0.957713061007536490E-03    0.357311718589596512E+04   -0.114519563396503639E+02    1
    0.163206159164029323E+02    0.165800713963031114E+02    0.391796860607552500E+01    0.258873740764896648E-03    0.357311832127552771E+04   -0.114719563396503617E+02    1
    0.921176707686447038E+01    0.141437794650678690E+02    0.475138695267540001E+01    0.127041040002846741E-02    0.357312737083087904E+04   -0.114919563396503612E+02    1
    0.848231198942725584E+00    0.104145776440911479E+02    0.365660751433072928E+01    0.156868417418264215E-02    0.357313209928089236E+04   -0.115119563396503626E+02    1
    0.167373925241769577E+02    0.624898501507849424E+01    0.482882593137262006E+01    0.897482731331911490E-03    0.357313683308894997E+04   -0.115319563396503639E+02    1
    0.214518030343758568E+02    0.567388381569044942E+01    0.345762472569515111E+01    0.340101502861998341E-03    0.357314160075155269E+04   -0.115519563396503635E+02    1
    0.794674365199383725E+01    0.127843613211684968E+02    0.414871641822632675E+01    0.148538955820076875E-02    0.357314601107343879E+04   -0.115719563396503631E+02    1
    0.244974761701456600E+02    0.149929225601338985E+02    0.520888508301046116E+01    0.925122933681760823E-03    0.357314827759389118E+04   -0.115919563396503627E+02    1
    0.876828176899434375E+01    0.825399803412047461E+01    0.492364121338225669E+01    0.934306935126744901E-03    0.357315056900114087E+04   -0.116119563396503622E+02    1
    0.284672021550074206E+02    0.162371195808696918E+02    0.465006080855343207E+01    0.710419038749144412E-03    0.357317597166118958E+04   -0.116319563396503636E+02    1
    0.578725102897104371E+01    0.856807099143719419E+01    0.450802460448160858E+01    0.987129059344580683E-03    0.357322871031849354E+04   -0.116519563396503649E+02    1
    0.178095614388143133E+02    0.135302018668789596E+02    0.466124136935673761E+01    0.106936016575927316E-02    0.357323325762525474E+04   -0.116719563396503663E+02    1
    0.340774715347184980E+02    0.813359590608561334E+00    0.312663209568497846E+01    0.863667985058232286E-03    0.357323965411611971E+04   -0.116919563396503641E+02    1
    0.209575045456024682E+02    0.668925640960654455E+01    0.259315529041858728E+01    0.185504385416693186E-02    0.357324936856528984E+04   -0.117119563396503636E+02    1
    0.420726805109745925E+02    0.917282450392640669E+00    0.294077638276378117E+01    0.729087656905511982E-03    0.357326908345915035E+04   -0.117319563396503650E+02    1
    0.205645981863957150E+01    0.162619353094110011E+02    0.399961401500100644E+01    0.413166056016071523E-03    0.357328553622617528E+04   -0.117519563396503663E+02    1
    0.103655665147071439E+02    0.182752337062060661E+02    0.327126561567777951E+01    0.199384884186464733E-02    0.357333098420627812E+04   -0.117719563396503641E+02    1
    0.322899482691404316E+02    0.842995379074241669E+01    0.414091245933029839E+01    0.987930355587797633E-03    0.357333466308167135E+04   -0.117919563396503619E+02    1
    0.643774714958374688E+02    0.221784385268382032E+02    0.457854613050640236E+01    0.100754861054045590E-02    0.357335919853590258E+04   -0.118119563396503633E+02    1
    0.129183914182951902E+02    0.744513611443606482E+01    0.394843510280206944E+01    0.938552510717193412E-03    0.357340526382309599E+04   -0.118319563396503664E+02    1
    0.659418092544643919E+01    0.579674267050295544E+01    0.349354550590290236E+01    0.140093529947334051E-02    0.357340725583559379E+04   -0.118519563396503660E+02    1
    0.141120725841589927E+02    0.186856706603517075E+02    0.429260748719406049E+01    0.724944064505176310E-03    0.357341350966997379E+04   -0.118719563396503673E+02    1
    0.279469803533457721E+02    0.214122478117357069E+02    0.445530133998500766E+01    0.896303593611294004E-03    0.357341586171477502E+04   -0.118919563396503651E+02    1
    0.357276020251942441E+02    0.121150123685606559E+01    0.242984069502350675E+01    0.151783045331849642E-02    0.357342477614062864E+04   -0.119119563396503629E+02    1
    0.149577756903849757E+02    0.104407496849257200E+02    0.332067777606803860E+01    0.177242673722119307E-02    0.357342998109760083E+04   -0.119319563396503643E+02    1
    0.169704217082143813E+02    0.282942278033554828E+02    0.444991540388744156E+01    0.719868454813342613E-03    0.357345233781424940E+04   -0.119519563396503639E+02    1
    0.643019550549503993E+01    0.146740619311299678E+02    0.294922495911131666E+01    0.153910854701145823E-02    0.357345780103466859E+04   -0.119719563396503634E+02    1
    0.106565046037923867E+02    0.665401920988335061E+01    0.364074016037528159E+01    0.128181783128404787E-02    0.357346062959726896E+04   -0.119919563396503648E+02    1
    0.600735489494566188E+01    0.145715686577601247E+02    0.341645330459728003E+01    0.132970649778374386E-03    0.357349017756804915E+04   -0.120119563396503644E+02    1
    0.255172597289585390E+01    0.131933538640645978E+02    0.307451179253823303E+01    0.121313765417215870E-02    0.357349954367646023E+04   -0.120319563396503657E+02    1
    0.241673725439861897E+01    0.513115510189205715E+01    0.288823092509711454E+01    0.134596581114462084E-02    0.357351513922436516E+04   -0.120519563396503653E+02    1
    0.147016826363200792E+02    0.118123129164851211E+02    0.355491121015027733E+01    0.350168883287402515E-03    0.357352859348743095E+04   -0.120719563396503631E+02    1
    0.154713457173247662E+02    0.112541149121204072E+02    0.392442237524703597E+01    0.106690700280915197E-02    0.357356201627261453E+04   -0.120919563396503627E+02    1
    0.440931037641289549E+02    0.525658570508093614E+01    0.339920818281689741E+01    0.125631893181283108E-02    0.357357162970679565E+04   -0.121119563396503640E+02    1
    0.222307964873730626E+02    0.832480094119885372E+01    0.248480540303740627E+01    0.889961202472168682E-03    0.357357266288686787E+04   -0.121319563396503671E+02    1
    0.320419905480873410E+02    0.255858726181335294E+01    0.210541580264497741E+01    0.419621180080367515E-03    0.357357935530776194E+04   -0.121519563396503685E+02    1
    0.792695279585954893E+01    0.343097787662369980E+01    0.313740035783797877E+01    0.674020498144308356E-03    0.357359478932916772E+04   -0.121719563396503698E+02    1
    0.106923157682892747E+02    0.155529780796335242E+02    0.351440617649687992E+01    0.170486700487831573E-02    0.357359699846699186E+04   -0.121919563396503694E+02    1
    0.109826908548349973E+02    0.178425771217415274E+01    0.240468965074835195E+01    0.141797176600609760E-02    0.357365310337778101E+04   -0.122119563396503654E+02    1
    0.177296951530002929E+02    0.132094399846531445E+02    0.385433662339547078E+01    0.118972259840828239E-02    0.357365777622539827E+04   -0.122319563396503632E+02    1
    0.735978030949663697E+01    0.146171756590264614E+02    0.381665054696529804E+01    0.132173249023893142E-02    0.357367011252439897E+04   -0.122519563396503628E+02    1
    0.122045249331574190E+02    0.157727776381415534E+02    0.381542063001382159E+01    0.136692021704207852E-02    0.357367861988594814E+04   -0.122719563396503641E+02    1
    0.620810980071265384E+01    0.933708415821687687E+01    0.286808695882295916E+01    0.150263236299403528E-02    0.357369069458744616E+04   -0.122919563396503637E+02    1
    0.123856676709754225E+02    0.155756971604125383E+02    0.329444042285198258E+01    0.844220075751811634E-04    0.357370274422880175E+04   -0.123119563396503633E+02    1
    0.322158052321136736E+02    0.132089695038705521E+02    0.383600495241301154E+01    0.837530472298185762E-03    0.357370441139246486E+04   -0.123319563396503646E+02    1
    0.276880672691379193E+01    0.218090689362780985E+02    0.365910902965764961E+01    0.154680424366464460E-02    0.357371480079134108E+04   -0.123519563396503660E+02    1
    0.127277578860382796E+02    0.179142164765481695E+02    0.395326087257376013E+01    0.735837374991548700E-03    0.357372230319976552E+04   -0.123719563396503656E+02    1
    0.384639011314999735E+02    0.244170720646384254E+01    0.214297119886622367E+01    0.132345990019532272E-02    0.357374432493371660E+04   -0.123919563396503669E+02    1
    0.129948104096443764E+02    0.105604407087165022E+02    0.299515351712193700E+01    0.175972998307142399E-02    0.357374714691186637E+04   -0.124119563396503665E+02    1
    0.309659177530552938E+02    0.137114788958191713E+02    0.373719159447413407E+01    0.685317712608538975E-03    0.357376560843598418E+04   -0.124319563396503661E+02    1
    0.185858677265082264E+02    0.135242681326732335E+02    0.319628498989699450E+01    0.178867193970723296E-02    0.357378792988614805E+04   -0.124519563396503656E+02    1
    0.696940806004126934E+01    0.634358580246096793E+01    0.293791068215286311E+01    0.323852556698412536E-03    0.357379133735816231E+04   -0.124719563396503652E+02    1
    0.272160302919500054E+02    0.167013045474099115E+02    0.329380757607003227E+01    0.182696022030805162E-02    0.357380163409124361E+04   -0.124919563396503630E+02    1
    0.375363881465873561E+02    0.108918887979418848E+02    0.343536347055505287E+01    0.145599929501600720E-02    0.357381912866456969E+04   -0.125119563396503644E+02    1
    0.472746116548668169E+02    0.822263523838277877E+01    0.350054046315792133E+01    0.947305548510358943E-03    0.357382070222803577E+04   -0.125319563396503675E+02    1
    0.307662557264813685E+02    0.174135127119827651E+02    0.378945197080496632E+01    0.130976773434446489E-02    0.357382499789746453E+04   -0.125519563396503688E+02    1
    0.237124136543729023E+02    0.254734867863496319E+02    0.400948338221941913E+01    0.667835256779348522E-03    0.357383234128912409E+04   -0.125719563396503684E+02    1
    0.334294405060820452E+02    0.301296350948877834E+01    0.290779167206967637E+01    0.783996285323635290E-03    0.357384046171265982E+04   -0.125919563396503662E+02    1
    0.213504790738108454E+02    0.472378354712007198E+01    0.252154742519728714E+01    0.220714914580327597E-03    0.357385792585577383E+04   -0.126119563396503658E+02    1
    0.281186391157052213E+02    0.680322833648376601E+01    0.332242572787484658E+01    0.118742666150681471E-02    0.357385848444575822E+04   -0.126319563396503654E+02    1
    0.100114468522166558E+02    0.114111492528799516E+02    0.296183733624981338E+01    0.163751786544806760E-02    0.357387605591539432E+04   -0.126519563396503649E+02    1
    0.280817438998990738E+02    0.444040372301645547E+01    0.312091176487600563E+01    0.976905792843537051E-03    0.357388128324349509E+04   -0.126719563396503698E+02    1
    0.436244370313852770E+01    0.733514091104755028E+01    0.328308961881236261E+01    0.698765683854665233E-03    0.357388474956428217E+04   -0.126919563396503712E+02    1
    0.118676351555771902E+02    0.116358785685815995E+02    0.322766517402173392E+01    0.263596250045653076E-03    0.357388960712888002E+04   -0.127119563396503672E+02    1
    0.812972939944807038E+01    0.903454122039860330E+01    0.348532772467293661E+01    0.967768146372823511E-03    0.357390756451718516E+04   -0.127319563396503650E+02    1
    0.993790640031406269E+01    0.127426878280399301E+02    0.366271848910047559E+01    0.107554312289252860E-02    0.357390966833618313E+04   -0.127519563396503681E+02    1
    0.356859624360891701E+02    0.438971246344220223E+01    0.286264373975988740E+01    0.143800036807122632E-02    0.357391468307064042E+04   -0.127719563396503695E+02    1
    0.155940647436271362E+02    0.657382181851330571E+01    0.323512934595962154E+01    0.121611252564109151E-02    0.357392524846900142E+04   -0.127919563396503690E+02    1
    0.294240030585883403E+02    0.685719809683387815E+01    0.273894781399008647E+01    0.167445194881840316E-02    0.357393244825510283E+04   -0.128119563396503651E+02    1
    0.817746865607692008E+01    0.490983924496032920E+01    0.280377517569573032E+01    0.138783419575239011E-02    0.357393342544039751E+04   -0.128319563396503664E+02    1
    0.791582814090788123E+01    0.515308437483892590E+01    0.308511214679675172E+01    0.115990546478056400E-02    0.357393654867413170E+04   -0.128519563396503695E+02    1
    0.307118631139389819E+02    0.873692259852233377E+01    0.261802203249952870E+01    0.204035440475030996E-03    0.357393661075750515E+04   -0.128719563396503673E+02    1
    0.179756165961226912E+02    0.644601475293547388E+01    0.247212179525719122E+01    0.776025159809256172E-03    0.357394101556774149E+04   -0.128919563396503669E+02    1
    0.176222955367230583E+02    0.668841971084480313E+01    0.327861030663227426E+01    0.859118350173883241E-03    0.357395340499386566E+04   -0.129119563396503683E+02    1
    0.467695167713279432E+02    0.964689162246438414E+01    0.309469179148512774E+01    0.249485630957526922E-03    0.357395468473561232E+04   -0.129319563396503678E+02    1
    0.593622986701598343E+01    0.201086799242386860E+02    0.384400570259653440E+01    0.776841603953512538E-03    0.357396993487453346E+04   -0.129519563396503656E+02    1
    0.339724333886055732E+02    0.424281758961761746E+01    0.298999741483510162E+01    0.110466528508865831E-02    0.357398851323310555E+04   -0.129719563396503670E+02    1
    0.488173856690574226E+01    0.739662338684374987E+01    0.280906025470380216E+01    0.737119334653631251E-03    0.357400475813841786E+04   -0.129919563396503666E+02    1
    0.350970131062446740E+02    0.869798852387405219E+01    0.251531994597610975E+01    0.906815633290411049E-03    0.357400689465784944E+04   -0.130119563396503661E+02    1
    0.194370603414957301E+02    0.130759926114818228E+02    0.347549590856340496E+01    0.136235082792361727E-02    0.357401304053952390E+04   -0.130319563396503657E+02    1
    0.190585472364014130E+01    0.165780094071778521E+02    0.342617546242560689E+01    0.836526031457387673E-03    0.357402230331259943E+04   -0.130519563396503653E+02    1
    0.170644167519335994E+02    0.174322940552658281E+02    0.364684261177150315E+01    0.600791055353547959E-03    0.357403228776537435E+04   -0.130719563396503666E+02    1
    0.964468955011867202E+01    0.517205316859939401E+01    0.272972040860053244E+01    0.135579143532607669E-02    0.357403829889640201E+04   -0.130919563396503680E+02    1
    0.320570189502676328E+01    0.105335325850634476E+02    0.314636085121442566E+01    0.110594716935920366E-02    0.357404912589916148E+04   -0.131119563396503676E+02    1
    0.318008586385269396E+02    0.145156907362965626E+02    0.316567785559335046E+01    0.148972282157379312E-03    0.357404964889443181E+04   -0.131319563396503689E+02    1
    0.995518226481298640E+01    0.274547821825757987E+01    0.259695078805009727E+01    0.101832405024056792E-02    0.357405794751607846E+04   -0.131519563396503685E+02    1
    0.337136109887089432E+02    0.139397338530549977E+02    0.277198178948557228E+01    0.206853220915295503E-03    0.357405814719319096E+04   -0.131719563396503681E+02    1
    0.719158961830855681E+01    0.933992155405783109E+01    0.299292080830667029E+01    0.138414724397859130E-02    0.357410848066270046E+04   -0.131919563396503676E+02    1
    0.251328323177183464E+02    0.131422848394964991E+02    0.332232485199327687E+01    0.410628869562306830E-03    0.357411100987955797E+04   -0.132119563396503690E+02    1
    0.516732305837346217E+01    0.566115108122757249E+01    0.281975488779141381E+01    0.846351831064226946E-03    0.357411141925197171E+04   -0.132319563396503685E+02    1
    0.188536871482930195E+02    0.572469168748597745E+01    0.267687234223358450E+01    0.348173623125530140E-03    0.357412358256098287E+04   -0.132519563396503663E+02    1
    0.192171925161105754E+02    0.442860549159459715E+01    0.292145279302772831E+01    0.932027009792584914E-03    0.357412803596412869E+04   -0.132719563396503695E+02    1
    0.261625544368463494E+02    0.569961422190867495E+01    0.304593604948060248E+01    0.857795465248983174E-03    0.357415589409591394E+04   -0.132919563396503690E+02    1
    0.147672414413403530E+02    0.159471642525639830E+02    0.317850566031150228E+01    0.163702598787352415E-02    0.357416609953414536E+04   -0.133119563396503704E+02    1
    0.264574744868307548E+02    0.108623027868940092E+02    0.314543003591474513E+01    0.367310753464055069E-03    0.357417033991280550E+04   -0.133319563396503717E+02    1
    0.135148327579538314E+02    0.147840713917495847E+02    0.282209615681343751E+01    0.850987684783274453E-03    0.357417515514430761E+04   -0.133519563396503695E+02    1
    0.801389731904018632E+01    0.547469999026523446E+01    0.283193826924356085E+01    0.669255641303290530E-03    0.357418152555614779E+04   -0.133719563396503673E+02    1
    0.183678288361555246E+02    0.325723329829866071E+01    0.238003533196452910E+01    0.704286529157895167E-03    0.357419430138221742E+04   -0.133919563396503687E+02    1
    0.376414128242155286E+02    0.189918241752986781E+02    0.350021021518965592E+01    0.436279093786471998E-03    0.357419777941461598E+04   -0.134119563396503700E+02    1
    0.228130192466146013E+02    0.120126116987489500E+02    0.343975070589934484E+01    0.931978936700821915E-03    0.357420082915218245E+04   -0.134319563396503696E+02    1
    0.211260505520109731E+02    0.541289315759851153E+01    0.268527913856646983E+01    0.139467478155081868E-02    0.357421019173760487E+04   -0.134519563396503674E+02    1
    0.154708400222111351E+02    0.895939253131146884E+01    0.295601131619487045E+01    0.146854876183680942E-02    0.357422177182218547E+04   -0.134719563396503670E+02    1
    0.271641599150055129E+02    0.779030655613157474E+01    0.253845311588252143E+01    0.832521582303183232E-03    0.357423469775761350E+04   -0.134919563396503701E+02    1
    0.203362510361950655E+02    0.749544488168516576E+01    0.273374519775889269E+01    0.144319405691243794E-02    0.357423800766200930E+04   -0.135119563396503732E+02    1
