    0.898915380100748118E+00    0.522023187972073259E+02    0.425775612525653158E-01    0.424667417821685933E+00    0.775639752647621417E+00    0.447364449673309968E-02   -0.154584776103509382E-02    0.706046661483394900E+00    0.890455403553542482E+02    0.498994609245823478E-01    0.320789461385758645E+00    0.650576498565906695E+04
    0.855407865661369282E+00    0.466687407117888498E+02    0.408159959185925153E-01    0.452565228751191984E+00    0.780732686096160311E+00    0.563664772032499480E-02   -0.103053636133371412E-02    0.677598322839725098E+00    0.936394124156159648E+02    0.498891658379011643E-01    0.315068839782375321E+00    0.650706004679214038E+04
    0.900382866629229506E+00    0.507033295424713515E+02    0.321739368716804711E-01    0.519372032084899238E+00    0.779333308482659026E+00   -0.583656889950353187E-02   -0.382174628101642139E-03    0.654506354261495504E+00    0.912603751733060449E+02    0.498752504633249924E-01    0.306056175124654994E+00    0.650738762674660575E+04
    0.892647942987523813E+00    0.459945456599965610E+02    0.444873784685404366E-01    0.418799437511824135E+00    0.772429162667394364E+00    0.258271571130142289E-02    0.592986876069987942E-02    0.706430425270035856E+00    0.896887008339928684E+02    0.498599484920058122E-01    0.316983690896468384E+00    0.650772287182912896E+04
    0.878000418953150175E+00    0.548860901287303662E+02    0.429888812924084651E-01    0.425695744895050465E+00    0.775378520861715437E+00   -0.504898886272764965E-02    0.466608727182117079E-02    0.727346138098019068E+00    0.929964049990736044E+02    0.499624029155584584E-01    0.309555617306264186E+00    0.650789871737338763E+04
    0.886947572412002061E+00    0.465093856523414289E+02    0.383767029645507851E-01    0.451577341447081781E+00    0.777240807262121525E+00   -0.103277232760978187E-01    0.234509404487264969E-02    0.690465535796695895E+00    0.898853153941752367E+02    0.498836660012918695E-01    0.301857450051265741E+00    0.650806158664718350E+04
    0.924518354904123596E+00    0.481700936286480612E+02    0.475022309569024942E-01    0.386800716532674060E+00    0.778803700220808026E+00    0.815398712057881225E-02    0.245405983832104992E-02    0.756918406220652762E+00    0.880812832270723050E+02    0.499400136905499281E-01    0.302869200068830613E+00    0.650808720462114070E+04
    0.907802606001606671E+00    0.513645351661158429E+02    0.356628044365571995E-01    0.487484796706488643E+00    0.774526388823530754E+00   -0.840697083371779244E-02   -0.320573940688194544E-03    0.706781089615323821E+00    0.900196009165993587E+02    0.498525853013975229E-01    0.299666663597045968E+00    0.650872055507106143E+04
    0.875355410387173904E+00    0.458012294669919058E+02    0.401520534180502403E-01    0.448574215792937436E+00    0.774538240716985293E+00   -0.443270979111185740E-02   -0.257838035261285245E-02    0.697419524990910311E+00    0.896580008221680771E+02    0.497761465991014979E-01    0.312760298913223989E+00    0.650915326491259566E+04
    0.910126838317648623E+00    0.515758918231329559E+02    0.389000820346828979E-01    0.456385990562714616E+00    0.781290370211599638E+00    0.332408550470411493E-02   -0.455343187398150450E-02    0.693485788640868295E+00    0.935509875062780338E+02    0.498889238371236013E-01    0.311557209800744972E+00    0.650923067658603668E+04
    0.891242763828708595E+00    0.455510826769571082E+02    0.429816800574618074E-01    0.420965236774741736E+00    0.778646122254499473E+00    0.378043208156072195E-02    0.215181237144106054E-02    0.712821447005128062E+00    0.860513685590819364E+02    0.499684240785732287E-01    0.314807917958352557E+00    0.650937984859942753E+04
    0.927750181171799748E+00    0.432660326513427407E+02    0.416283589943771612E-01    0.419383794343923366E+00    0.780869830624355998E+00    0.452690396227959681E-02    0.867783590882743243E-03    0.737556976723130808E+00    0.893833830837295835E+02    0.499501555129608504E-01    0.301384847420107349E+00    0.651010254933597025E+04
    0.908786697074823957E+00    0.456884097928919815E+02    0.444176508903815909E-01    0.420664821220726681E+00    0.774358085448157096E+00    0.834995143543586053E-02   -0.971449036468067162E-03    0.727708989460426947E+00    0.892252496854198398E+02    0.497984596360014770E-01    0.305543660891780589E+00    0.651012717709337539E+04
    0.885128426508311139E+00    0.514402514308744401E+02    0.432764704387994803E-01    0.410883128337667491E+00    0.774605400905896024E+00   -0.565855414071424808E-02   -0.710060542259083761E-02    0.717524043179932680E+00    0.935969626159977963E+02    0.499742898687233206E-01    0.313606571313038207E+00    0.651015655410205636E+04
    0.895737136471589368E+00    0.409940239254856067E+02    0.379371768507236404E-01    0.476772037165551998E+00    0.786487808965743773E+00   -0.606865051010969264E-03    0.459828543797979709E-02    0.726794540903627384E+00    0.923753178090209701E+02    0.498423179284769660E-01    0.296141058894425990E+00    0.651024695140771928E+04
    0.893696164809633320E+00    0.483425382120118741E+02    0.443144834280057714E-01    0.408572981601265983E+00    0.775698850422413488E+00   -0.130839203904468417E-02   -0.792733290922186667E-02    0.776350902006213595E+00    0.922035920834480862E+02    0.499779052673061663E-01    0.306937559274800154E+00    0.651044839089487141E+04
    0.911857622430378933E+00    0.459882399112602300E+02    0.378473489790165998E-01    0.477697185288160020E+00    0.778234503096154051E+00   -0.397790405597227455E-02    0.180360818983723789E-02    0.770208480486639702E+00    0.912551870415398412E+02    0.498542650893288447E-01    0.300072063374345332E+00    0.651058734258116601E+04
    0.887599320647209034E+00    0.442974173467430319E+02    0.394451132193277404E-01    0.459382357083805148E+00    0.787120772804807078E+00   -0.212911916197213889E-03    0.489905192436721187E-02    0.699024050569867050E+00    0.911487541552032638E+02    0.499487251446790043E-01    0.302047372292489902E+00    0.651086940359277833E+04
    0.914556119804046386E+00    0.497764421986175449E+02    0.422404074791090239E-01    0.422166998896443268E+00    0.774023324827157078E+00    0.180727343067032761E-02   -0.832118486424870962E-02    0.705632464683612515E+00    0.921127658168172587E+02    0.499866535624001740E-01    0.313196240768272627E+00    0.651087235347071874E+04
    0.931475783834919469E+00    0.445162879430894307E+02    0.374062925675139532E-01    0.475769205004976381E+00    0.783162623550308412E+00    0.215400339669886151E-02    0.328499631431121647E-02    0.777608475521170073E+00    0.936672478215263453E+02    0.499105132807443272E-01    0.295658151531931479E+00    0.651093729342614915E+04
    0.934928190174067142E+00    0.480825435299613844E+02    0.394152110232899866E-01    0.442323053194490834E+00    0.775462563091155466E+00    0.436473166913967786E-02   -0.497709788668015377E-03    0.698770355873300497E+00    0.899643254328091331E+02    0.499774582168292375E-01    0.309976036959524193E+00    0.651102254861934034E+04
    0.920184749010445557E+00    0.528850991922950442E+02    0.399870567557922968E-01    0.444772106267372125E+00    0.778341582692688050E+00    0.406609286946721556E-02    0.243771747646783377E-02    0.693234425090286654E+00    0.918481887423252772E+02    0.499531913556018614E-01    0.309674069506406524E+00    0.651103431700742112E+04
    0.894562135073500020E+00    0.505262123769167744E+02    0.471618690281968914E-01    0.394553433188674529E+00    0.778564379161576281E+00    0.136287869472989241E-02    0.250236301714345079E-02    0.752182870025686623E+00    0.887659141078843561E+02    0.498850737335478356E-01    0.308674144427268260E+00    0.651109938223324025E+04
    0.875238720428847983E+00    0.456029893176404215E+02    0.438369652982325206E-01    0.430669181056618777E+00    0.780497732606697303E+00    0.525653576224251271E-02    0.158991302199352357E-03    0.714969169456577402E+00    0.906900800785135743E+02    0.498922298159817507E-01    0.310619737800659990E+00    0.651112980266894556E+04
    0.885699819354275775E+00    0.492341602335747197E+02    0.467540870523613927E-01    0.400113807893127893E+00    0.777002383942566155E+00    0.510357491718434458E-02    0.631598592462660779E-03    0.760864476102651843E+00    0.918672044851828389E+02    0.499859946684332451E-01    0.316190835354202171E+00    0.651120181059106926E+04
    0.909574458363513028E+00    0.495386097034438180E+02    0.424385775375497182E-01    0.412657589744477860E+00    0.776793986561038263E+00   -0.312700683539161384E-02    0.267286282175665775E-02    0.766973908918774150E+00    0.928440533637108274E+02    0.499996042171808389E-01    0.302580601418546036E+00    0.651122310675848166E+04
    0.869854112584941719E+00    0.471352604701965276E+02    0.433646928215395550E-01    0.428911052820549921E+00    0.780605192736300801E+00   -0.370751065845719924E-04   -0.573794562760212689E-02    0.686526051398865134E+00    0.917007097617830880E+02    0.498464864705721739E-01    0.310010346731767472E+00    0.651129147737205221E+04
    0.902638143299320905E+00    0.494636206031897530E+02    0.403875559266698853E-01    0.435855544670139483E+00    0.774077097110944301E+00   -0.747178482462793059E-02   -0.441654440852415862E-02    0.714978066180082750E+00    0.937993019662151255E+02    0.498647618487778194E-01    0.309548394608095856E+00    0.651131425413526722E+04
    0.912325668388151101E+00    0.510879903840750842E+02    0.455403659357985768E-01    0.412830958051263575E+00    0.782541221251473518E+00    0.625181857826666298E-02   -0.350481792192600420E-02    0.773804027076394618E+00    0.931333493247702506E+02    0.499741863257108787E-01    0.303399511078595252E+00    0.651140744837809234E+04
    0.880620215571520371E+00    0.438286539401249513E+02    0.423616310854050687E-01    0.416445446750969062E+00    0.780912053156707087E+00    0.216415884197049919E-02    0.383321029835055442E-02    0.688409279280800201E+00    0.929144077656713989E+02    0.499712808630140698E-01    0.315262784408510299E+00    0.651141369075432158E+04
    0.903569363745029497E+00    0.409950875553194294E+02    0.369759012490442213E-01    0.461093282200183252E+00    0.777163591996013592E+00   -0.188084932652835489E-02   -0.338595053402306089E-03    0.744708260116930587E+00    0.889931878218593511E+02    0.499393892080500917E-01    0.302572144121537712E+00    0.651160673153368953E+04
    0.899933337525608112E+00    0.488861104885255031E+02    0.376870936834110826E-01    0.463988546143607294E+00    0.776651084424210825E+00   -0.138441403185565856E-02   -0.333874141907027208E-02    0.659993313004599624E+00    0.938633985908615358E+02    0.498920499863917677E-01    0.313103360718250789E+00    0.651179075134454797E+04
    0.885858828294793232E+00    0.459962687516357533E+02    0.411407007637982838E-01    0.438326863680012169E+00    0.783033410891739612E+00    0.400248163697926665E-02   -0.125060196873908749E-02    0.705828082180401051E+00    0.929330823047286287E+02    0.498898205237778558E-01    0.312091671957972494E+00    0.651191183137011649E+04
    0.900843018637364601E+00    0.462981770118142961E+02    0.434298657122243470E-01    0.410989151549578158E+00    0.781683585036751283E+00    0.431617627401662072E-02    0.253208770850255017E-02    0.745757366711046421E+00    0.911722921008771721E+02    0.499778832994445879E-01    0.302894239707699742E+00    0.651205850275929788E+04
    0.908592939061712901E+00    0.460327608247822013E+02    0.394946809407815957E-01    0.459638053316504092E+00    0.778421782265493079E+00    0.320060872468902512E-03    0.469255565183632282E-03    0.775208908510542138E+00    0.908936304814612015E+02    0.499101189921032709E-01    0.304219039748796605E+00    0.651215827955429268E+04
    0.901138075248397064E+00    0.439394533037376434E+02    0.435329587340986812E-01    0.422793387207224147E+00    0.774899573514190476E+00    0.406669485345410517E-02    0.110583775629481836E-02    0.720343616204814907E+00    0.920612772040435061E+02    0.499042369635886857E-01    0.316333649716643239E+00    0.651217244697662500E+04
    0.885517754393567724E+00    0.465815567861670559E+02    0.474415787669517225E-01    0.409483963982909316E+00    0.778803786769335482E+00    0.491570023147286286E-02   -0.542753491852817358E-03    0.741769969734307866E+00    0.902578877740975543E+02    0.498413593301552937E-01    0.305341444855164956E+00    0.651221373064646014E+04
    0.882698952563681138E+00    0.438136881371181204E+02    0.393387153641195503E-01    0.460306644071242999E+00    0.783376897696090313E+00    0.144989837798012943E-02   -0.390619263940363871E-02    0.669936167149536521E+00    0.914845185455622527E+02    0.499037929133088892E-01    0.307062367031239292E+00    0.651229957182136786E+04
    0.926464326335667665E+00    0.513360987863083835E+02    0.403452085578501901E-01    0.451269421057200915E+00    0.778653646026256974E+00   -0.239750711513834949E-02    0.219524834555310687E-02    0.734391180261267040E+00    0.949945767461556301E+02    0.498254008141434251E-01    0.304809674644125006E+00    0.651231725090128566E+04
    0.883104891363879596E+00    0.469251892206580408E+02    0.413195062351642481E-01    0.443650405572089346E+00    0.776190509173048326E+00    0.186707048267410096E-02    0.292439039287161612E-02    0.677101499466863599E+00    0.903015015559879828E+02    0.499352115550519282E-01    0.311472225630742616E+00    0.651235550957079704E+04
    0.911846113167525618E+00    0.503938263476055326E+02    0.403633403554681386E-01    0.450948096801227216E+00    0.782686645533365866E+00   -0.209759993570861119E-02   -0.472836481167881149E-02    0.749420725055299219E+00    0.945802849739421276E+02    0.498555551867370245E-01    0.298348486935921420E+00    0.651237940621208782E+04
    0.912165156920514364E+00    0.439188735402589288E+02    0.394243207287501909E-01    0.455441833296855114E+00    0.777063110977403104E+00    0.857226352585978096E-03   -0.475814719462261393E-02    0.729323235131045022E+00    0.892098126468823551E+02    0.499602125932313706E-01    0.308206186692464690E+00    0.651247679496664659E+04
    0.899445215663424835E+00    0.510827514580589792E+02    0.446068428096764447E-01    0.405056970077167067E+00    0.774167460565688859E+00   -0.154521451861507411E-02    0.622586063413335948E-03    0.748404917454192353E+00    0.910822299659286898E+02    0.498899646121266083E-01    0.306270641946584432E+00    0.651253610121340353E+04
    0.906021288384641799E+00    0.556738420377769714E+02    0.436221235686816700E-01    0.414097515335973110E+00    0.776550408381483592E+00    0.725802545097729867E-03   -0.442604334749855353E-02    0.719241094276234505E+00    0.947067617275155555E+02    0.499390873098218696E-01    0.308794508528880074E+00    0.651257241420134960E+04
    0.896455155444916496E+00    0.469982248915068368E+02    0.448715160778123262E-01    0.414720939008838385E+00    0.779461867010773135E+00    0.304138310568234475E-02    0.566472556559872217E-02    0.747569696026014308E+00    0.947300078800521703E+02    0.498991706284662717E-01    0.304653153056290260E+00    0.651258636097338876E+04
    0.901939772557941111E+00    0.416280894286038219E+02    0.386201896623184215E-01    0.454457880331406439E+00    0.779350629997620947E+00    0.536677277493638472E-02   -0.332095962604628898E-03    0.714490161913457267E+00    0.891204553257496457E+02    0.499799728875004318E-01    0.307038386810877972E+00    0.651276465355977234E+04
    0.882346670976102532E+00    0.426497016182853415E+02    0.427472506265267130E-01    0.417914546262719955E+00    0.779538359580709161E+00    0.159779007777910995E-03    0.564788311485099701E-02    0.733932567559201887E+00    0.943999077347795037E+02    0.499938993885603589E-01    0.309504255754215141E+00    0.651278233231804916E+04
    0.899942271530713156E+00    0.443915507583343256E+02    0.386251186104751079E-01    0.454664687486244112E+00    0.783870345182830164E+00   -0.710952857381255687E-02   -0.124237944989815806E-03    0.716804014144371782E+00    0.933445158218028723E+02    0.499168871099030659E-01    0.304785063279734536E+00    0.651287343524410153E+04
    0.897291256826417749E+00    0.530329666164213194E+02    0.435525044288004870E-01    0.421223139749965503E+00    0.776034613324344980E+00   -0.562321005828375024E-02    0.168649535025703246E-02    0.714780100813814268E+00    0.916090359442283102E+02    0.499381313927935652E-01    0.309464355927279555E+00    0.651289053359572245E+04
    0.920613045818327480E+00    0.520140608503901376E+02    0.397649357639275058E-01    0.461568805715162178E+00    0.780833977220076969E+00   -0.132813341163447998E-02    0.500081766938054520E-02    0.732928884644156398E+00    0.934156365014804919E+02    0.499880272078212992E-01    0.298319959203961149E+00    0.651291670696076289E+04
    0.914794772788148469E+00    0.515201672493614353E+02    0.416534297520914712E-01    0.438971669915649065E+00    0.778251703698406572E+00   -0.433676945552564051E-02   -0.340450415998403734E-02    0.726459291793058792E+00    0.930389681571108440E+02    0.499198808294153418E-01    0.308940448485923891E+00    0.651299894161015254E+04
    0.894116664045127352E+00    0.475345142029383894E+02    0.440605157614370815E-01    0.429103642254701212E+00    0.785406757265829647E+00   -0.430585316342314904E-03    0.228626548839326691E-03    0.759769863475476592E+00    0.922009027279511315E+02    0.499397811896067079E-01    0.298221635898114568E+00    0.651302378348919046E+04
    0.893016655073346044E+00    0.461110438731784100E+02    0.412560751957549987E-01    0.429949851943082995E+00    0.780642946194737841E+00    0.403537737346496125E-03   -0.154675286687459791E-02    0.740403245513949648E+00    0.911813811532612704E+02    0.498811571064100567E-01    0.301590687497047871E+00    0.651306129927603797E+04
    0.887545957491168602E+00    0.471698843488646986E+02    0.449568627413187150E-01    0.405566792577765955E+00    0.780260230074579453E+00   -0.590868336451396553E-02    0.586287999309110077E-03    0.736106841364843723E+00    0.938895654302601486E+02    0.498686010917008954E-01    0.306492445208292552E+00    0.651311378986054024E+04
    0.928304656488499358E+00    0.519163465267477235E+02    0.373180276065670571E-01    0.485084982280886090E+00    0.782054700394736457E+00   -0.377501970286876483E-03   -0.477871512626663170E-03    0.735541139085269968E+00    0.930869625765721196E+02    0.499735618556711933E-01    0.297954522436496616E+00    0.651311492087574788E+04
    0.910338143529739519E+00    0.544064193697417551E+02    0.429352847120776232E-01    0.440351923539476775E+00    0.780217281734038703E+00    0.176600178245091516E-02   -0.573051952396248874E-03    0.728306139309707334E+00    0.912408490725190973E+02    0.499683084345438899E-01    0.299292935514828051E+00    0.651324051595428045E+04
    0.881513236555370505E+00    0.483401954228474580E+02    0.467098462816161741E-01    0.400880884994500586E+00    0.780281842130759684E+00    0.492872827186949160E-02   -0.421781509788382494E-02    0.740078147030268640E+00    0.942969955693954773E+02    0.499007987360098326E-01    0.306350335470663482E+00    0.651324645408636661E+04
    0.905048557328634984E+00    0.458911387245207081E+02    0.436974222789597994E-01    0.411864422747526326E+00    0.775580237487834778E+00    0.421958600753462656E-02    0.435158005403888434E-02    0.709399465018436315E+00    0.926119141644055048E+02    0.499427487650514479E-01    0.312852818968737734E+00    0.651330510737255736E+04
    0.905048557328634984E+00    0.458911387245207081E+02    0.436974222789597994E-01    0.411864422747526326E+00    0.775580237487834778E+00    0.421958600753462656E-02    0.435158005403888434E-02    0.709399465018436315E+00    0.926119141644055048E+02    0.499427487650514479E-01    0.312852818968737734E+00    0.651330510737255736E+04
    0.901418861251220616E+00    0.470455174930393341E+02    0.395218040623461775E-01    0.453226977720628310E+00    0.775618807836165547E+00   -0.689530548419738619E-02   -0.875283683203421708E-03    0.708749456269166300E+00    0.912772812988106494E+02    0.499032324610708192E-01    0.308321047784538838E+00    0.651330625136396520E+04
    0.919146760361823967E+00    0.482762139940443831E+02    0.362604090097746884E-01    0.497450213442412859E+00    0.784044131722713367E+00   -0.285811667112555699E-02    0.193071925209034123E-02    0.721407716088986795E+00    0.930852745173907010E+02    0.499748477469910343E-01    0.296215555780571627E+00    0.651333695260938839E+04
    0.920347540510581208E+00    0.470338815558009458E+02    0.413916007563516208E-01    0.446290144889965767E+00    0.782766243399791728E+00    0.564465728217371059E-02   -0.122141928724565983E-02    0.773005009105242946E+00    0.931130923313188106E+02    0.499772770735543159E-01    0.297494802745811138E+00    0.651338529576105611E+04
    0.873248082790437308E+00    0.460142686308411726E+02    0.483048226974101130E-01    0.386757554983243712E+00    0.774742677132191471E+00    0.174357684007794508E-02    0.176834331983105630E-02    0.688963726898869422E+00    0.941194767536435108E+02    0.498410416166758796E-01    0.315685218227236664E+00    0.651343674224309507E+04
    0.895662009922449265E+00    0.452063152389881253E+02    0.418449647192166291E-01    0.419533086737147065E+00    0.776549405673286119E+00    0.164270803168368345E-03   -0.197299587807232705E-02    0.716029162036393219E+00    0.909765564546701455E+02    0.498779536592424272E-01    0.310665470010347611E+00    0.651346065952715253E+04
    0.899247703557098044E+00    0.431868147038365748E+02    0.416313396933257543E-01    0.433374375445745474E+00    0.773359443115582468E+00    0.305480650353940437E-02    0.102566052400268441E-02    0.763592280893057529E+00    0.903842295919341723E+02    0.499967273876787133E-01    0.307516592208062711E+00    0.651347427937012981E+04
    0.899247703557098044E+00    0.431868147038365748E+02    0.416313396933257543E-01    0.433374375445745474E+00    0.773359443115582468E+00    0.305480650353940437E-02    0.102566052400268441E-02    0.763592280893057529E+00    0.903842295919341723E+02    0.499967273876787133E-01    0.307516592208062711E+00    0.651347427937012981E+04
    0.887763824351432529E+00    0.480409366659978829E+02    0.431338919462708609E-01    0.439144145071806269E+00    0.781927858736197079E+00   -0.142205438516440066E-02   -0.119365103731664001E-02    0.701066175657542257E+00    0.941767124945885570E+02    0.499368518630625147E-01    0.310123163858813500E+00    0.651347951209306484E+04
    0.914083501997518422E+00    0.499446598652099993E+02    0.374925637006481849E-01    0.458690776673704170E+00    0.779381121715008618E+00   -0.222957639303375576E-02   -0.131308928483752567E-02    0.705399062012882938E+00    0.936839268518312451E+02    0.499021757717963699E-01    0.306737919958116168E+00    0.651352675585876841E+04
    0.900639014206976452E+00    0.462839719646211520E+02    0.400155026173325892E-01    0.462139460305417304E+00    0.778130364819209941E+00    0.895432427737375943E-03    0.401230947081311542E-02    0.697482798120544700E+00    0.913517719736827871E+02    0.499143488252143108E-01    0.301856615780850379E+00    0.651353798879492933E+04
    0.900639014206976452E+00    0.462839719646211520E+02    0.400155026173325892E-01    0.462139460305417304E+00    0.778130364819209941E+00    0.895432427737375943E-03    0.401230947081311542E-02    0.697482798120544700E+00    0.913517719736827871E+02    0.499143488252143108E-01    0.301856615780850379E+00    0.651353798879492933E+04
    0.915396206010269164E+00    0.473574818752414970E+02    0.416202222167426500E-01    0.433170113012417868E+00    0.779732256921678468E+00    0.464286062812340177E-02    0.221224452480366443E-02    0.734066264456765483E+00    0.907086455817685788E+02    0.499103460302724178E-01    0.300439842605777607E+00    0.651354783959981978E+04
    0.904861915351757196E+00    0.484221476953156582E+02    0.414166359363574155E-01    0.438198824253479113E+00    0.773563724107328876E+00   -0.161160331297935649E-02   -0.105230308906052966E-02    0.726275129292603183E+00    0.941865671853742441E+02    0.498763909946296491E-01    0.312778630333787333E+00    0.651359571184826018E+04
    0.900687343540349850E+00    0.490920664802021776E+02    0.412572193933203185E-01    0.448163756516399725E+00    0.777360548276845531E+00    0.282061718680639336E-02    0.401690917158170537E-02    0.712803584604141394E+00    0.922500404076973552E+02    0.499691701162673640E-01    0.306745806408822930E+00    0.651364329770353379E+04
    0.900687343540349850E+00    0.490920664802021776E+02    0.412572193933203185E-01    0.448163756516399725E+00    0.777360548276845531E+00    0.282061718680639336E-02    0.401690917158170537E-02    0.712803584604141394E+00    0.922500404076973552E+02    0.499691701162673640E-01    0.306745806408822930E+00    0.651364329770353379E+04
    0.898660779935551046E+00    0.433466893250414884E+02    0.409708379719693067E-01    0.434954565235338597E+00    0.777676513229459521E+00   -0.398776140558484028E-02    0.267152435153443111E-02    0.747161157880702476E+00    0.933258418186576080E+02    0.498872796641205152E-01    0.306371120542366981E+00    0.651365805712968904E+04
    0.896327991127843005E+00    0.504736664471076324E+02    0.390881218625344917E-01    0.456693889319732149E+00    0.781605205052558483E+00   -0.855379427762419857E-03   -0.451700888957911294E-02    0.684890601238570484E+00    0.945609927086552347E+02    0.499242530698696674E-01    0.306923420584915785E+00    0.651369660676207786E+04
    0.889170499203249198E+00    0.469424502070732856E+02    0.370795631141136312E-01    0.478535568265326616E+00    0.781498866515637935E+00   -0.390025705313630554E-02   -0.164581833365588944E-02    0.705234442588139832E+00    0.895526446210313054E+02    0.499589691704969002E-01    0.300933049471406755E+00    0.651375767660168822E+04
    0.901075154739996442E+00    0.428685205563934204E+02    0.382523572546636936E-01    0.462718538345062935E+00    0.779609079676023553E+00   -0.131838897936238067E-02   -0.192715923753184718E-02    0.730191510970517377E+00    0.891006684873935910E+02    0.499506350786366599E-01    0.305419842008694653E+00    0.651378385485983381E+04
    0.909141357503717495E+00    0.495465581088433353E+02    0.449562999675838168E-01    0.415267338727280499E+00    0.779928282241570847E+00    0.643964723581930739E-02   -0.163145872993611141E-03    0.705093551712447697E+00    0.933144198521524828E+02    0.499557688508391537E-01    0.311262094758262831E+00    0.651387752926997382E+04
    0.909141357503717495E+00    0.495465581088433353E+02    0.449562999675838168E-01    0.415267338727280499E+00    0.779928282241570847E+00    0.643964723581930739E-02   -0.163145872993611141E-03    0.705093551712447697E+00    0.933144198521524828E+02    0.499557688508391537E-01    0.311262094758262831E+00    0.651387752926997382E+04
    0.880451376034928845E+00    0.459934238631361509E+02    0.418315701856051964E-01    0.445938578287230492E+00    0.782413134930685539E+00   -0.251045425402143026E-02    0.478073820815680156E-04    0.666757072939454520E+00    0.911669218905900891E+02    0.499703902060701644E-01    0.307755562181979636E+00    0.651388890894872020E+04
    0.901661605143931788E+00    0.511373170157314547E+02    0.379678140546067799E-01    0.464123142519518805E+00    0.775927531403164172E+00   -0.585122585905522088E-02    0.158101654073358202E-02    0.699597976646600506E+00    0.917105015897954132E+02    0.499826709954637183E-01    0.305123654280495926E+00    0.651389367204590690E+04
    0.872457602972899204E+00    0.463564841251236359E+02    0.477409127014819593E-01    0.397271396604753857E+00    0.781871396902197313E+00    0.383839537883352584E-02   -0.320167827458841571E-02    0.687254073999462922E+00    0.939232610987480996E+02    0.499102877412706258E-01    0.313545650173709722E+00    0.651390014738958052E+04
    0.906612800023319787E+00    0.519934411873864235E+02    0.408628311507611697E-01    0.450187341746133118E+00    0.783118116732456460E+00   -0.469126605638789168E-03   -0.500558475141432094E-02    0.720446113621532103E+00    0.946031309374816800E+02    0.499820174255337576E-01    0.302158826467860797E+00    0.651396757723483643E+04
    0.875252427618588458E+00    0.474398127235546383E+02    0.465388957037736820E-01    0.391647022150782065E+00    0.779652838301848949E+00   -0.254136619544216265E-02    0.421149216271129697E-03    0.687496189656718770E+00    0.949117875423697654E+02    0.499710748973032498E-01    0.317711454033707874E+00    0.651399834129616829E+04
    0.908099746846994571E+00    0.444983194123444008E+02    0.395623386966862528E-01    0.465270050555623815E+00    0.785647050681934411E+00    0.285263979227111690E-02   -0.186651573818870441E-02    0.760436929575140530E+00    0.926378586402745015E+02    0.499986361993774373E-01    0.295459474836821889E+00    0.651401982425493861E+04
    0.908099746846994571E+00    0.444983194123444008E+02    0.395623386966862528E-01    0.465270050555623815E+00    0.785647050681934411E+00    0.285263979227111690E-02   -0.186651573818870441E-02    0.760436929575140530E+00    0.926378586402745015E+02    0.499986361993774373E-01    0.295459474836821889E+00    0.651401982425493861E+04
    0.884166552260227778E+00    0.502227298028489173E+02    0.461660972270198783E-01    0.407311098822014883E+00    0.783857661614919765E+00   -0.723000329326310373E-03   -0.143711391072531510E-02    0.719770929941859761E+00    0.936489394655156389E+02    0.499350721140537079E-01    0.305759734580347664E+00    0.651403525481587712E+04
    0.891248977254835761E+00    0.518353021990666676E+02    0.410960238272588818E-01    0.439013123160975682E+00    0.782050730408995420E+00   -0.311246918760700207E-02    0.188613863974137087E-02    0.686144467192341123E+00    0.936219857556665431E+02    0.499843003926019325E-01    0.305425474569038291E+00    0.651405846783145262E+04
    0.885071712390748333E+00    0.454803086573875817E+02    0.429180917994818611E-01    0.418423959534785506E+00    0.773695110756995041E+00   -0.896875470245179379E-03    0.758316777971441481E-03    0.742024395120799873E+00    0.904864626959272016E+02    0.499705701232497010E-01    0.306113433760015707E+00    0.651407310601465815E+04
    0.897309876481486413E+00    0.464728670170821374E+02    0.381693575943548441E-01    0.450318752419286095E+00    0.777308184134129942E+00    0.533885241166298955E-03    0.300244636201530768E-02    0.717598830710860280E+00    0.911766541986564931E+02    0.499948500632019510E-01    0.302792510379088498E+00    0.651408539054905941E+04
    0.897770651315672463E+00    0.471130356671689512E+02    0.448087658386083776E-01    0.429386260327607683E+00    0.785010293523780933E+00   -0.117127563495984515E-04   -0.218745923340360861E-02    0.700757515265303166E+00    0.936632332546838313E+02    0.499159042954839122E-01    0.305528757371380078E+00    0.651410000429945103E+04
    0.893311382184594827E+00    0.466423768639321707E+02    0.439375203917181725E-01    0.410153636922156672E+00    0.773422769871935256E+00    0.181914486734341603E-02    0.638461549646101635E-03    0.749841657823624663E+00    0.898186933275133867E+02    0.499785282083094751E-01    0.307824065925685952E+00    0.651415904007613062E+04
    0.913973113575248575E+00    0.478749252690028229E+02    0.404465046216594959E-01    0.435185043370556357E+00    0.779789875795717902E+00   -0.270221550341762790E-02    0.108351540064108160E-03    0.755445898130457483E+00    0.936840660561799865E+02    0.499910012687263053E-01    0.307984175633462087E+00    0.651417068238775573E+04
    0.912235279489869488E+00    0.454644625787663159E+02    0.401025778361400742E-01    0.449054432776356760E+00    0.777719010023477098E+00    0.721365963279326275E-03    0.888377239185066808E-03    0.760118075042067187E+00    0.912056646275543415E+02    0.498915960422227911E-01    0.299486404748664059E+00    0.651419383805517009E+04
    0.883680765058212137E+00    0.451421711050272592E+02    0.456699167722514898E-01    0.403920920726519528E+00    0.783074777392172683E+00   -0.392856805021489595E-02    0.218914938290393863E-02    0.719719994869295276E+00    0.940193757311561740E+02    0.499800079219271595E-01    0.312728155022146237E+00    0.651420293129173569E+04
    0.875517785203682841E+00    0.501747183980766849E+02    0.428611656268352847E-01    0.425878219308375328E+00    0.783193934311621986E+00   -0.226402275369384917E-02   -0.207735826701687136E-02    0.692154985924924304E+00    0.930272795381042670E+02    0.499970704272421074E-01    0.303696972986750025E+00    0.651423154911059282E+04
    0.898689774712454037E+00    0.470971483781707150E+02    0.402463045436155728E-01    0.447255986217978019E+00    0.775092286571615885E+00   -0.571378592050036157E-02   -0.832785422093201377E-03    0.694796619584396646E+00    0.927842375014706988E+02    0.498922618451205224E-01    0.309869142477084192E+00    0.651427797805080445E+04
    0.899158503044273694E+00    0.426048037922361473E+02    0.417331829820667410E-01    0.435167666877552040E+00    0.776901534428972362E+00   -0.284949759835885887E-02    0.232450328726263806E-02    0.730143689511964178E+00    0.900604547193475469E+02    0.499935550735768064E-01    0.310622273372236912E+00    0.651437569677685497E+04
    0.868883089074620196E+00    0.450492858177551625E+02    0.466042856631815397E-01    0.398334146974458791E+00    0.780049362748518993E+00    0.136164361742325082E-02   -0.673435489280578732E-03    0.705830199369999800E+00    0.917887892825561096E+02    0.499825982190066631E-01    0.315790843385136799E+00    0.651441613657913513E+04
    0.890186422294857893E+00    0.461726647214736090E+02    0.398680851196530350E-01    0.459417462801338217E+00    0.779895293533526601E+00   -0.225523500907409994E-02    0.165547888933236773E-03    0.750890567018041466E+00    0.938147001147145119E+02    0.499232495655117722E-01    0.302078302320357206E+00    0.651446841930975188E+04
    0.903341891729738222E+00    0.443747260703263890E+02    0.433146529496087757E-01    0.437222446836932233E+00    0.779491157495975084E+00   -0.541998295963226932E-03   -0.356998970296266895E-02    0.704563019522757572E+00    0.939494175425958247E+02    0.498045961772759435E-01    0.305644148064504018E+00    0.651447104392210895E+04
    0.926588585832736955E+00    0.523258774795702237E+02    0.407636209744250202E-01    0.446510285942811613E+00    0.776981460874197949E+00    0.279314629532480653E-02    0.165037456927505746E-02    0.710203498928919874E+00    0.936808330650706864E+02    0.499539167702364451E-01    0.305067245262733544E+00    0.651450089428391766E+04
    0.884433651188195169E+00    0.488964717598372829E+02    0.469055233061743682E-01    0.390158328721615710E+00    0.775759755284850971E+00    0.291991436357654909E-02   -0.626179303644730273E-03    0.702803069923234602E+00    0.948135745396629801E+02    0.499827200084575068E-01    0.319390494503723865E+00    0.651451596640683965E+04
    0.910970007969198470E+00    0.479316937447396612E+02    0.467289688791593313E-01    0.411941952041975035E+00    0.784221736921945856E+00   -0.282335436730481192E-03   -0.395817365257673283E-02    0.694911686548679075E+00    0.946003544786308339E+02    0.498724654000900769E-01    0.306000869913373053E+00    0.651453804385837338E+04
    0.888229940594886802E+00    0.501235235661295988E+02    0.464720386809218608E-01    0.395348416329746377E+00    0.772450499904457577E+00    0.181284767082298551E-02    0.244730472335469816E-02    0.718806004274563093E+00    0.930779806877622491E+02    0.499909654728444078E-01    0.315449075417214730E+00    0.651456794298394834E+04
    0.920176066977216878E+00    0.453344373239191185E+02    0.438251786392751669E-01    0.419728849383724900E+00    0.776582680913724510E+00    0.234360677623530458E-02    0.346606694128074677E-02    0.739271527108889437E+00    0.939531982212229764E+02    0.499156971871512617E-01    0.309168463134348370E+00    0.651460307479558651E+04
    0.912581013217182102E+00    0.442449698997757963E+02    0.449177680199363133E-01    0.403104248852128477E+00    0.778577626835716075E+00    0.379824229097029805E-02    0.130146204679036019E-02    0.759002283720936810E+00    0.940742404365459066E+02    0.499747203809019214E-01    0.309450198355404105E+00    0.651466287929378086E+04
    0.903901749772316743E+00    0.480302462946107340E+02    0.439708286426328254E-01    0.409534638871135337E+00    0.773077486386175350E+00    0.266589148387810216E-04   -0.466492584265864197E-03    0.747039052734256082E+00    0.928538389772811570E+02    0.499353575510993186E-01    0.304848257381908794E+00    0.651466503119912886E+04
    0.895771521238050150E+00    0.486461269826642209E+02    0.436014473983960815E-01    0.409463141653187479E+00    0.781450911019685224E+00   -0.241043533119727343E-02   -0.940132143187254470E-03    0.729628483796404437E+00    0.947125097995553347E+02    0.499767661178380576E-01    0.307804753092874805E+00    0.651470004305866860E+04
    0.910030347111937754E+00    0.442178437594760325E+02    0.419519338182842288E-01    0.438285690570806075E+00    0.781664297157592669E+00    0.571839208614393756E-02   -0.626634193322035400E-03    0.755051502029236210E+00    0.917619232428930331E+02    0.499950645645551792E-01    0.303130284654169357E+00    0.651470221234124256E+04
    0.900635526190586289E+00    0.498249007860681346E+02    0.403666969166528861E-01    0.440269265755766748E+00    0.773826061341389981E+00   -0.119879115185407079E-03    0.758887191441166061E-03    0.690394748497462296E+00    0.946718134261209343E+02    0.499233470291394199E-01    0.312167805043876645E+00    0.651478639862819546E+04
    0.900879477293739184E+00    0.495105789419068358E+02    0.463280649302808406E-01    0.404899261183001513E+00    0.783014857392189678E+00   -0.847130456840199109E-03   -0.388460788595762279E-02    0.691207035289162941E+00    0.923481239305549479E+02    0.499912643028892489E-01    0.310120340899944169E+00    0.651481405160873510E+04
    0.896700406545719586E+00    0.489855791368567068E+02    0.454091907523486993E-01    0.404921153637128883E+00    0.780447227608377925E+00    0.174196788825957492E-02   -0.113642883031464179E-02    0.697401649298190929E+00    0.933818509142827793E+02    0.499047526518213852E-01    0.312542506493375560E+00    0.651485324433104688E+04
    0.891108747278720914E+00    0.477481817923486886E+02    0.465682254939021184E-01    0.401374462483673033E+00    0.780066159501133893E+00   -0.636159641125378121E-03   -0.150101588754761881E-02    0.676934981853596907E+00    0.918413439666283011E+02    0.499375424987646005E-01    0.314806250452872138E+00    0.651487727644115239E+04
    0.907339371312920973E+00    0.528382542907032047E+02    0.409014608239812519E-01    0.441170802810049556E+00    0.776501282177686436E+00   -0.278364367533695794E-02    0.261897356689009522E-03    0.718304105771246482E+00    0.928905678108155826E+02    0.499427856714851764E-01    0.299835319072869866E+00    0.651491339197613524E+04
    0.908097405121845780E+00    0.453784325003487581E+02    0.394814059065802386E-01    0.441813125620927616E+00    0.778560403584588778E+00   -0.316589403215150438E-02   -0.135508867698373118E-02    0.744743820032110149E+00    0.931560887603886982E+02    0.499781988065024427E-01    0.308031602692674933E+00    0.651493513145524048E+04
    0.923309823664711704E+00    0.504030625547305178E+02    0.386761194713314826E-01    0.457558153002916412E+00    0.779597111997648806E+00    0.261635702841151591E-02   -0.929013322904098985E-03    0.735256362501832683E+00    0.935860048707633894E+02    0.499345245623912734E-01    0.297613556453576955E+00    0.651494039066519599E+04
    0.891268363163274069E+00    0.462195232417992585E+02    0.424654121609147200E-01    0.435662275484750450E+00    0.775950971489819175E+00   -0.786373588580766090E-03   -0.182895664193644721E-02    0.687047718260973328E+00    0.915487487437134604E+02    0.498687427399256700E-01    0.308977151689399543E+00    0.651495711877788017E+04
    0.894819672842803060E+00    0.493077253610327446E+02    0.433535835714391887E-01    0.421430909539803999E+00    0.780965463861674980E+00   -0.237477988131935477E-02   -0.334323870255826146E-03    0.667267141009562303E+00    0.922725787888347782E+02    0.499251527021956146E-01    0.308114016255845613E+00    0.651495862134561867E+04
    0.892990483720260686E+00    0.483169009317966882E+02    0.481408850438862779E-01    0.386160826998093842E+00    0.778601637341348241E+00    0.412116604247267544E-02    0.313201298373537006E-02    0.708972376693407069E+00    0.948076918653628979E+02    0.499619498595213762E-01    0.312315592506014816E+00    0.651500104647333592E+04
    0.904963383225014351E+00    0.463842372461195396E+02    0.442375999685667570E-01    0.401539038030992446E+00    0.776863561752868081E+00   -0.207659733708578540E-02    0.476474202609840206E-03    0.738251048813514110E+00    0.926091711634758497E+02    0.499715523867474767E-01    0.308369293136933287E+00    0.651501417215409492E+04
    0.874648677290166932E+00    0.461581136693409846E+02    0.464775038974777621E-01    0.400016217538172736E+00    0.781651868700551367E+00   -0.145616688336407699E-03   -0.429969821899242068E-03    0.678272465363492061E+00    0.926029305107855123E+02    0.499742106449370324E-01    0.314372523767340595E+00    0.651502824084487293E+04
    0.925010673743281053E+00    0.499204036519569598E+02    0.427288030551054854E-01    0.417768509124352538E+00    0.775687854361574614E+00    0.242476049374364426E-02    0.113543798532421482E-03    0.736390407107987865E+00    0.913066415060294503E+02    0.499888100535722732E-01    0.304786390516058492E+00    0.651507826271588419E+04
    0.899019806650740438E+00    0.479178433069013536E+02    0.399251871126896155E-01    0.443184724366931238E+00    0.780289546648178733E+00   -0.463011524636551194E-02    0.188894409413764282E-02    0.717787303162709445E+00    0.938667105367026977E+02    0.499312055308565317E-01    0.303524042108414105E+00    0.651509988528858048E+04
    0.906872223752191120E+00    0.443923792954858669E+02    0.421987812181798955E-01    0.431204430587181053E+00    0.780010815886383768E+00    0.756831768841406466E-03   -0.208280176741875182E-02    0.750927126879033291E+00    0.945975821495210027E+02    0.498509222183952244E-01    0.305239280282319558E+00    0.651510988039152471E+04
    0.919638036368039202E+00    0.490493351304221932E+02    0.388014590454592440E-01    0.452746464281965189E+00    0.774491024738461986E+00   -0.389191553055180694E-03    0.213378935784431806E-02    0.725732415012838361E+00    0.924406749655681068E+02    0.499731014558401423E-01    0.301094449491928429E+00    0.651514007348305131E+04
    0.915947676685963774E+00    0.473444281476280509E+02    0.420676648145658985E-01    0.438867207381715640E+00    0.780017304940968770E+00   -0.879487237215492886E-03    0.112226800405107832E-02    0.690615582060256639E+00    0.917439578001827272E+02    0.498508206920861702E-01    0.303325852344358549E+00    0.651514508161089907E+04
    0.902618119974911814E+00    0.430126451490280814E+02    0.401424016125717098E-01    0.451504749299984798E+00    0.781887873756142993E+00   -0.786989775240962879E-03    0.246798089034901363E-03    0.739524702072712259E+00    0.923754315752892978E+02    0.499988168919918360E-01    0.307029932952901985E+00    0.651516414402681494E+04
    0.899926406037350857E+00    0.471300019009922622E+02    0.427598485166826789E-01    0.426065972987807129E+00    0.773006601853316155E+00   -0.205259888291201573E-02    0.236326662254632280E-02    0.721090747421797573E+00    0.932904020750585801E+02    0.499177330643255784E-01    0.309915022426307807E+00    0.651517030642119880E+04
    0.905954667530038504E+00    0.458982589918777819E+02    0.441222124199007956E-01    0.414325959029698487E+00    0.779972471392482269E+00    0.202896776770071681E-02   -0.219437022422919398E-02    0.757838811747698959E+00    0.942191376067675606E+02    0.499164745273889196E-01    0.307291659343135293E+00    0.651524732182350544E+04
    0.900747296507656836E+00    0.491092089248403454E+02    0.446057172124258647E-01    0.422059775825926353E+00    0.775382104263994565E+00   -0.239882985514819911E-02   -0.468903967884018327E-03    0.687267972479303491E+00    0.922183048944527854E+02    0.498365925036931279E-01    0.306273888856096910E+00    0.651531825830497473E+04
    0.895232593084926864E+00    0.478806821293580640E+02    0.435772651242806591E-01    0.433273084038947931E+00    0.777659012502005309E+00   -0.229238484786543082E-02    0.130671271195906247E-02    0.667456007328672052E+00    0.943655416656521595E+02    0.498852481213263865E-01    0.307638935449268236E+00    0.651532277342319321E+04
    0.910617646756947341E+00    0.478101995340727086E+02    0.402451496049192198E-01    0.450490690995741683E+00    0.779292814950341528E+00    0.308312891397188871E-02   -0.287483416647113911E-02    0.730773161243916225E+00    0.937418612954671175E+02    0.498721810909882601E-01    0.301144068025538725E+00    0.651532881285495387E+04
    0.900469458241401566E+00    0.485064079060364435E+02    0.437028596049593085E-01    0.413532198697933895E+00    0.781959260955680469E+00   -0.209280749530382868E-02   -0.203359401399805717E-02    0.708764016043321510E+00    0.948577668477168459E+02    0.499302471805041156E-01    0.308939054481938757E+00    0.651536267465195942E+04
    0.879365360095201165E+00    0.434968249548288739E+02    0.468647228436371993E-01    0.406974883005307486E+00    0.783797394091403032E+00    0.299502700270032991E-02    0.178854157709832978E-03    0.707220214385175128E+00    0.926922635445806691E+02    0.499398125142159477E-01    0.306916548462372873E+00    0.651536703209524785E+04
    0.913840464947947240E+00    0.476259785598390550E+02    0.442688739389109492E-01    0.419949700116803104E+00    0.783348949024598618E+00    0.267344018345090639E-02   -0.283214716158894375E-02    0.745811440100009104E+00    0.925119811218342107E+02    0.499924398667321995E-01    0.304050222461510533E+00    0.651538144843093323E+04
    0.890386054874277244E+00    0.477793678419148975E+02    0.458336072468499833E-01    0.416756917068035526E+00    0.777678125697132017E+00    0.531860216402741314E-03   -0.134943974004555654E-02    0.667727377324799476E+00    0.899706792590328917E+02    0.499666565018535916E-01    0.308594430588478408E+00    0.651542520174261881E+04
    0.909302019554940943E+00    0.452289525310962333E+02    0.424014528372704674E-01    0.440075150577995400E+00    0.779688887217592108E+00    0.161764044758766446E-02   -0.212945180379393471E-02    0.720912634940416686E+00    0.901516976817006821E+02    0.498947887777587556E-01    0.300314808122762622E+00    0.651542649971846640E+04
    0.901517033205498919E+00    0.488632851651136377E+02    0.419771882483167824E-01    0.441849540123621098E+00    0.781309782201346836E+00   -0.177714537810679343E-02   -0.163667595742823975E-02    0.735417095947479948E+00    0.934002093332752565E+02    0.499533671456271339E-01    0.298850621666592375E+00    0.651646658632946310E+04
    0.901517033205498919E+00    0.488632851651136377E+02    0.419771882483167824E-01    0.441849540123621098E+00    0.781309782201346836E+00   -0.177714537810679343E-02   -0.163667595742823975E-02    0.735417095947479948E+00    0.934002093332752565E+02    0.499533671456271339E-01    0.298850621666592375E+00    0.651646658632946310E+04
    0.912450198547123614E+00    0.461333596345286168E+02    0.420565915856969119E-01    0.439875546379169924E+00    0.779547115978156402E+00    0.242423042344180493E-02    0.175132592867379604E-02    0.724730198447692153E+00    0.939719931560641868E+02    0.499611385850538131E-01    0.306910445076202409E+00    0.651598046660837372E+04
    0.912450198547123614E+00    0.461333596345286168E+02    0.420565915856969119E-01    0.439875546379169924E+00    0.779547115978156402E+00    0.242423042344180493E-02    0.175132592867379604E-02    0.724730198447692153E+00    0.939719931560641868E+02    0.499611385850538131E-01    0.306910445076202409E+00    0.651598046660837372E+04
    0.896895042275821286E+00    0.465352393545173513E+02    0.402607650440043596E-01    0.443608082743870646E+00    0.779857513598749663E+00   -0.194911538788674200E-02   -0.256438397514783091E-02    0.718922399075856644E+00    0.927632101470896373E+02    0.499881241210744925E-01    0.306085617906319329E+00    0.651699855305411711E+04
    0.896895042275821286E+00    0.465352393545173513E+02    0.402607650440043596E-01    0.443608082743870646E+00    0.779857513598749663E+00   -0.194911538788674200E-02   -0.256438397514783091E-02    0.718922399075856644E+00    0.927632101470896373E+02    0.499881241210744925E-01    0.306085617906319329E+00    0.651699855305411711E+04
    0.896895042275821286E+00    0.465352393545173513E+02    0.402607650440043596E-01    0.443608082743870646E+00    0.779857513598749663E+00   -0.194911538788674200E-02   -0.256438397514783091E-02    0.718922399075856644E+00    0.927632101470896373E+02    0.499881241210744925E-01    0.306085617906319329E+00    0.651699855305411711E+04
    0.896895042275821286E+00    0.465352393545173513E+02    0.402607650440043596E-01    0.443608082743870646E+00    0.779857513598749663E+00   -0.194911538788674200E-02   -0.256438397514783091E-02    0.718922399075856644E+00    0.927632101470896373E+02    0.499881241210744925E-01    0.306085617906319329E+00    0.651699855305411711E+04
    0.883721643056962547E+00    0.502321084992016722E+02    0.432054823304170582E-01    0.426592244760933603E+00    0.778072855553287313E+00   -0.340514224599350280E-02    0.836000019537693883E-03    0.699081961190446410E+00    0.921149313472566575E+02    0.499886886804022101E-01    0.301939871858612707E+00    0.651583330417258549E+04
    0.888159402544802745E+00    0.489221975400081206E+02    0.420671190259578887E-01    0.440329130634189214E+00    0.775500850929567886E+00   -0.478995690300437066E-02   -0.625662746990901021E-03    0.702665870397953585E+00    0.919845953554950597E+02    0.499985724318372862E-01    0.306506039918584716E+00    0.651604358462989330E+04
    0.909414916897053782E+00    0.480452965084046824E+02    0.427785171789555052E-01    0.430113012643483561E+00    0.778481026689913702E+00   -0.275182099330276023E-02   -0.113505562001907541E-02    0.718851378004706554E+00    0.943428185234227072E+02    0.498325644976031074E-01    0.304458811298165766E+00    0.651614223645078710E+04
    0.909414916897053782E+00    0.480452965084046824E+02    0.427785171789555052E-01    0.430113012643483561E+00    0.778481026689913702E+00   -0.275182099330276023E-02   -0.113505562001907541E-02    0.718851378004706554E+00    0.943428185234227072E+02    0.498325644976031074E-01    0.304458811298165766E+00    0.651614223645078710E+04
    0.897587921097515729E+00    0.479463947397846439E+02    0.427912113152139825E-01    0.430420324847684665E+00    0.774090238800117292E+00    0.135941336389455258E-02    0.780108807270542682E-03    0.699054439053351961E+00    0.929768817091672872E+02    0.499791986947125538E-01    0.310190634791225217E+00    0.651669366377520964E+04
    0.897587921097515729E+00    0.479463947397846439E+02    0.427912113152139825E-01    0.430420324847684665E+00    0.774090238800117292E+00    0.135941336389455258E-02    0.780108807270542682E-03    0.699054439053351961E+00    0.929768817091672872E+02    0.499791986947125538E-01    0.310190634791225217E+00    0.651669366377520964E+04
    0.897587921097515729E+00    0.479463947397846439E+02    0.427912113152139825E-01    0.430420324847684665E+00    0.774090238800117292E+00    0.135941336389455258E-02    0.780108807270542682E-03    0.699054439053351961E+00    0.929768817091672872E+02    0.499791986947125538E-01    0.310190634791225217E+00    0.651669366377520964E+04
    0.881067431794546163E+00    0.454890949759503087E+02    0.450900563487044576E-01    0.407648801905913571E+00    0.778837576133014631E+00   -0.182745477653216805E-02   -0.124334078118270696E-02    0.722929901454991031E+00    0.921611362672020675E+02    0.499827603707157786E-01    0.307336468357529813E+00    0.651689381291157224E+04
    0.881067431794546163E+00    0.454890949759503087E+02    0.450900563487044576E-01    0.407648801905913571E+00    0.778837576133014631E+00   -0.182745477653216805E-02   -0.124334078118270696E-02    0.722929901454991031E+00    0.921611362672020675E+02    0.499827603707157786E-01    0.307336468357529813E+00    0.651689381291157224E+04
    0.881067431794546163E+00    0.454890949759503087E+02    0.450900563487044576E-01    0.407648801905913571E+00    0.778837576133014631E+00   -0.182745477653216805E-02   -0.124334078118270696E-02    0.722929901454991031E+00    0.921611362672020675E+02    0.499827603707157786E-01    0.307336468357529813E+00    0.651689381291157224E+04
    0.886294162993335521E+00    0.513563480615660097E+02    0.455921027936523407E-01    0.410963117873032968E+00    0.775738131950353682E+00   -0.813638534596486103E-03   -0.173745603969355618E-04    0.684793175938760101E+00    0.913559801556441471E+02    0.499898770299272224E-01    0.307494524665745284E+00    0.651629703860521658E+04
    0.886294162993335521E+00    0.513563480615660097E+02    0.455921027936523407E-01    0.410963117873032968E+00    0.775738131950353682E+00   -0.813638534596486103E-03   -0.173745603969355618E-04    0.684793175938760101E+00    0.913559801556441471E+02    0.499898770299272224E-01    0.307494524665745284E+00    0.651629703860521658E+04
    0.891947856052945687E+00    0.485648778203669735E+02    0.499436022330943738E-01    0.373970232095221455E+00    0.776522664055818823E+00    0.275911583969248777E-02    0.278884641401550817E-03    0.730108075718476801E+00    0.936424545371711190E+02    0.499486664715057260E-01    0.311860559985891739E+00    0.651574008287475954E+04
    0.880792870033294095E+00    0.467417011882001745E+02    0.433530750307692947E-01    0.418978614308976205E+00    0.778186486463075200E+00    0.155900263957482309E-02    0.191519425785572554E-02    0.699546176865262881E+00    0.927206860071291032E+02    0.499756523087360321E-01    0.310829193840718165E+00    0.651596947896378697E+04
    0.896112757718398045E+00    0.448381788284009914E+02    0.484811261068131757E-01    0.395634938183937634E+00    0.778878065871925096E+00    0.231200759348535161E-02   -0.216007201182294873E-02    0.719676972839764173E+00    0.919867373035565663E+02    0.498805267933608160E-01    0.309707296540206234E+00    0.651639267352856223E+04
    0.896112757718398045E+00    0.448381788284009914E+02    0.484811261068131757E-01    0.395634938183937634E+00    0.778878065871925096E+00    0.231200759348535161E-02   -0.216007201182294873E-02    0.719676972839764173E+00    0.919867373035565663E+02    0.498805267933608160E-01    0.309707296540206234E+00    0.651639267352856223E+04
    0.906333908034923086E+00    0.483410784742665598E+02    0.446450703913277291E-01    0.422518737367791608E+00    0.778561799231040075E+00   -0.766570817281140172E-03    0.609045846502009555E-03    0.706287615759808141E+00    0.936722832340691411E+02    0.497901904985300070E-01    0.303019430891696251E+00    0.651564839785533877E+04
    0.910214890571608648E+00    0.481603491810768674E+02    0.445243171273801974E-01    0.422010382505163040E+00    0.778336152269230253E+00    0.177164866658845069E-02    0.550926113930987451E-03    0.734629374974060001E+00    0.942530562677657144E+02    0.498338187544989444E-01    0.304821731385078731E+00    0.651559963393010185E+04
    0.886639532080475856E+00    0.452866313080423737E+02    0.426604898344029870E-01    0.431676052097437368E+00    0.777235634755766847E+00   -0.220528389449143897E-02   -0.423309918572482239E-02    0.703222539264165780E+00    0.909218141946886789E+02    0.499846116337181318E-01    0.309397291986115430E+00    0.651579732808736117E+04
    0.886639532080475856E+00    0.452866313080423737E+02    0.426604898344029870E-01    0.431676052097437368E+00    0.777235634755766847E+00   -0.220528389449143897E-02   -0.423309918572482239E-02    0.703222539264165780E+00    0.909218141946886789E+02    0.499846116337181318E-01    0.309397291986115430E+00    0.651579732808736117E+04
    0.875191400980332546E+00    0.453884336471376173E+02    0.471615182758277490E-01    0.407253816842501504E+00    0.779798299306937892E+00   -0.160811863609420136E-02   -0.162088533400783812E-03    0.707422204770271734E+00    0.937703626922103410E+02    0.499258102130387960E-01    0.308735152591042505E+00    0.651637947964310115E+04
    0.875191400980332546E+00    0.453884336471376173E+02    0.471615182758277490E-01    0.407253816842501504E+00    0.779798299306937892E+00   -0.160811863609420136E-02   -0.162088533400783812E-03    0.707422204770271734E+00    0.937703626922103410E+02    0.499258102130387960E-01    0.308735152591042505E+00    0.651637947964310115E+04
    0.878985622249233822E+00    0.456954638988114610E+02    0.446193543524656400E-01    0.417854333358238295E+00    0.777746668787753337E+00   -0.109987926446876026E-02   -0.106993027684896299E-02    0.698178190302693236E+00    0.924749354584548087E+02    0.499131016652684112E-01    0.308232188531882834E+00    0.651645686920325352E+04
    0.878985622249233822E+00    0.456954638988114610E+02    0.446193543524656400E-01    0.417854333358238295E+00    0.777746668787753337E+00   -0.109987926446876026E-02   -0.106993027684896299E-02    0.698178190302693236E+00    0.924749354584548087E+02    0.499131016652684112E-01    0.308232188531882834E+00    0.651645686920325352E+04
    0.878985622249233822E+00    0.456954638988114610E+02    0.446193543524656400E-01    0.417854333358238295E+00    0.777746668787753337E+00   -0.109987926446876026E-02   -0.106993027684896299E-02    0.698178190302693236E+00    0.924749354584548087E+02    0.499131016652684112E-01    0.308232188531882834E+00    0.651645686920325352E+04
    0.890785054797765596E+00    0.438743241978311005E+02    0.483119239113416685E-01    0.397204178059542112E+00    0.780118355736573066E+00    0.262727450714916747E-02   -0.570879052343166850E-03    0.728502900833519540E+00    0.934435375870545641E+02    0.499584755511242595E-01    0.310128795179180961E+00    0.651716811571033577E+04
    0.890785054797765596E+00    0.438743241978311005E+02    0.483119239113416685E-01    0.397204178059542112E+00    0.780118355736573066E+00    0.262727450714916747E-02   -0.570879052343166850E-03    0.728502900833519540E+00    0.934435375870545641E+02    0.499584755511242595E-01    0.310128795179180961E+00    0.651716811571033577E+04
    0.890785054797765596E+00    0.438743241978311005E+02    0.483119239113416685E-01    0.397204178059542112E+00    0.780118355736573066E+00    0.262727450714916747E-02   -0.570879052343166850E-03    0.728502900833519540E+00    0.934435375870545641E+02    0.499584755511242595E-01    0.310128795179180961E+00    0.651716811571033577E+04
    0.890785054797765596E+00    0.438743241978311005E+02    0.483119239113416685E-01    0.397204178059542112E+00    0.780118355736573066E+00    0.262727450714916747E-02   -0.570879052343166850E-03    0.728502900833519540E+00    0.934435375870545641E+02    0.499584755511242595E-01    0.310128795179180961E+00    0.651716811571033577E+04
    0.898605783510481704E+00    0.421494552492025747E+02    0.421680504777011411E-01    0.441506355849017318E+00    0.782634439989600139E+00   -0.488343764704115050E-03   -0.198341565026309780E-02    0.720553201295002888E+00    0.914992107219472786E+02    0.499186734971366064E-01    0.301572635642852194E+00    0.651573448658699454E+04
    0.874097565032391444E+00    0.434308270919833603E+02    0.463536220978972222E-01    0.407143539050127123E+00    0.779349216355577190E+00   -0.311511141696324502E-02    0.205984940974822308E-02    0.701888554678803178E+00    0.917162996819194234E+02    0.499578952736126347E-01    0.309474290085549775E+00    0.651562578463464433E+04
    0.889363446564771953E+00    0.498626270490669725E+02    0.410097176115632039E-01    0.439560367536579899E+00    0.776821459152951421E+00   -0.383518621473226580E-02   -0.420993516971226338E-03    0.700972703086379267E+00    0.945656251838214530E+02    0.499253049771726243E-01    0.306636704569866470E+00    0.651585470040303335E+04
    0.889363446564771953E+00    0.498626270490669725E+02    0.410097176115632039E-01    0.439560367536579899E+00    0.776821459152951421E+00   -0.383518621473226580E-02   -0.420993516971226338E-03    0.700972703086379267E+00    0.945656251838214530E+02    0.499253049771726243E-01    0.306636704569866470E+00    0.651585470040303335E+04
    0.894931065853256102E+00    0.465639622787475531E+02    0.462488138927163311E-01    0.401869807948438740E+00    0.774443652094819690E+00    0.244939735997493947E-02   -0.326070964037204021E-02    0.732985355567348562E+00    0.941166185585019974E+02    0.498984335079766528E-01    0.312173388031068311E+00    0.651564092645235178E+04
    0.886396803248250764E+00    0.472242110063598659E+02    0.456270443046109947E-01    0.412749419759488090E+00    0.782202225514698535E+00   -0.478072731194484780E-02   -0.282970939694535649E-02    0.723659431915696372E+00    0.930507520474562853E+02    0.499612983332759775E-01    0.302012314842616258E+00    0.651583854276760485E+04
    0.895973988806208377E+00    0.473648084636175497E+02    0.463520876154235942E-01    0.408440728487518834E+00    0.785626105867803570E+00   -0.444030173067442311E-03   -0.706652216107121235E-03    0.717889355483865566E+00    0.926224637108402504E+02    0.499600597400524926E-01    0.301952827379970756E+00    0.651564988065929083E+04
    0.896727637492974683E+00    0.470239574202560107E+02    0.456059164113432475E-01    0.412716037634362043E+00    0.781685771321114720E+00   -0.142248984285419148E-02    0.129475120794150258E-02    0.713258680632842701E+00    0.934162622380444105E+02    0.499987315606339189E-01    0.310024194768621975E+00    0.651691670240951134E+04
    0.896727637492974683E+00    0.470239574202560107E+02    0.456059164113432475E-01    0.412716037634362043E+00    0.781685771321114720E+00   -0.142248984285419148E-02    0.129475120794150258E-02    0.713258680632842701E+00    0.934162622380444105E+02    0.499987315606339189E-01    0.310024194768621975E+00    0.651691670240951134E+04
    0.896727637492974683E+00    0.470239574202560107E+02    0.456059164113432475E-01    0.412716037634362043E+00    0.781685771321114720E+00   -0.142248984285419148E-02    0.129475120794150258E-02    0.713258680632842701E+00    0.934162622380444105E+02    0.499987315606339189E-01    0.310024194768621975E+00    0.651691670240951134E+04
    0.914197859583870009E+00    0.471010082010254081E+02    0.401267770237749358E-01    0.452227224199830191E+00    0.780075486590591893E+00    0.151980713268671424E-02    0.275635491795577208E-02    0.727981315481002422E+00    0.923083002709319658E+02    0.499648852697450463E-01    0.303301156080128698E+00    0.651552838790451642E+04
    0.908456976353747891E+00    0.486054380633925760E+02    0.462596893304399390E-01    0.410817675705110741E+00    0.774336563894589602E+00    0.283349425919093465E-03   -0.263951963048555244E-03    0.733960560358423386E+00    0.921392926781431640E+02    0.498523854726722199E-01    0.305185732369577079E+00    0.651549288886318209E+04
    0.884047869782115248E+00    0.449752467290005953E+02    0.471131557703400317E-01    0.409325448835873185E+00    0.782061888488521539E+00   -0.395411027614944559E-02   -0.317549284959856752E-02    0.713682446219340294E+00    0.934629219846955124E+02    0.498933736014645565E-01    0.303431701042945867E+00    0.651555979050304904E+04
