    0.159538861915505485E+02    0.749951235283413453E+00    0.762562773330711430E+01    0.256792900417324148E+02    0.157250239545079893E+02    0.800302427575458775E+00    0.302559391932155294E-02    0.364519324869141974E+04
    0.160400656395696650E+02    0.162594860680647813E+01    0.806124261358802130E+01    0.253138786773846647E+02    0.157763120903979583E+02    0.835927598788172244E+00    0.308846832355519959E-02    0.364570937793562780E+04
    0.129184679983880049E+02    0.679009315129347790E+01    0.112978573215235585E+02    0.256576301768761184E+02    0.159453132338341312E+02    0.912492654111406898E+00    0.223261646507064322E-02    0.364599079356309403E+04
    0.516513043635783919E+01    0.810415061615854171E+01    0.965604709160832364E+01    0.253287346745991577E+02    0.152319052179771202E+02    0.913048337590578574E+00    0.184532767481593546E-02    0.364624723042976075E+04
    0.226807396336619504E+02    0.622000307570455657E+01    0.570451324543876659E+01    0.259265321597851930E+02    0.152732429453934806E+02    0.875038141808040626E+00    0.743484125044721307E-03    0.364625281924174442E+04
    0.179494386248427240E+02    0.107030753762366331E+02    0.664489841278054616E+01    0.255099196453639507E+02    0.156975963098841760E+02    0.872855006564049796E+00    0.278446534072811832E-02    0.364631753165759255E+04
    0.181010006014705809E+02    0.630584450460810775E+01    0.458727296781646299E+01    0.254809296233735019E+02    0.158827718507806210E+02    0.906730267268671231E+00    0.190630647295105568E-02    0.364665308016344943E+04
    0.250923504610781407E+02    0.113086222561314518E+02    0.672020201546081175E+01    0.253296657485052776E+02    0.154571707873738990E+02    0.897092063136595508E+00    0.211326902585226139E-02    0.364677533506750251E+04
    0.353391569472400633E+02    0.456944706260283429E+01    0.709060832671757169E+01    0.250604890040200701E+02    0.159395839730174220E+02    0.884042185743640352E+00    0.240803730772531661E-02    0.364682368517084296E+04
    0.136450872043572957E+02    0.326517720025121472E+01    0.707323687397897416E+01    0.252150250190403042E+02    0.152208356524829558E+02    0.828363851417801444E+00    0.914736277868826017E-03    0.364692693795978357E+04
    0.150355951880231409E+02    0.493025147177524303E+01    0.857433248520169577E+01    0.254562230067195046E+02    0.153453091527079195E+02    0.888745006246231317E+00    0.212889260951079542E-02    0.364704536551759429E+04
    0.216035503053935543E+02    0.977892984099235818E+01    0.773382682079445871E+01    0.253439099965939327E+02    0.156552509215593787E+02    0.870688535030925581E+00    0.242233441160497314E-02    0.364711489149813224E+04
    0.279879337135498147E+02    0.798030522388241348E+01    0.492926117118118956E+01    0.259423983078093769E+02    0.159231673708231440E+02    0.890227794637245662E+00    0.144797070100257806E-02    0.364714445148196364E+04
    0.696363564208424535E+01    0.775143125588809756E+01    0.128740804498929524E+02    0.254488301146268228E+02    0.153447320190190126E+02    0.840670365071640724E+00    0.245443822974459724E-02    0.364730300324805467E+04
    0.229465929338005594E+02    0.325923698390585237E+01    0.960656003309263617E+01    0.257650158842337227E+02    0.157117703133568316E+02    0.810368184800070113E+00    0.144271653068029585E-02    0.364739110844326342E+04
    0.201304903062200147E+02    0.647269086976465591E+01    0.621141480255387446E+01    0.252221668800306418E+02    0.157974653371156393E+02    0.844780356020750411E+00    0.240272573233466348E-02    0.364740029026242382E+04
    0.173872445766916748E+02    0.433410330404349686E+01    0.135289826515174276E+02    0.257215835311797925E+02    0.158899029987926141E+02    0.876755302327659414E+00    0.199968280092536121E-02    0.364747795101009933E+04
    0.179458136264270074E+02    0.100316466054878290E+02    0.606562744199488968E+01    0.252298521099746971E+02    0.150336698335212233E+02    0.832906112959478362E+00    0.231517638367555482E-02    0.364748914884488295E+04
    0.254670768128708325E+02    0.492428045586949192E+01    0.101986911289355380E+02    0.256662966417044558E+02    0.153203204812777436E+02    0.865243706897465215E+00    0.209178129262889640E-02    0.364762890719705047E+04
    0.169756026960635182E+02    0.255634196317285722E+01    0.881947486612108733E+01    0.257929670262080322E+02    0.152154711968289522E+02    0.836237593124340095E+00    0.128984832381815969E-02    0.364764553655313512E+04
    0.112269472696015900E+02    0.476219270273685691E+01    0.779483788179711379E+01    0.255026912349490118E+02    0.150720967225567453E+02    0.871814549424333896E+00    0.179232498190463061E-02    0.364766392002753173E+04
    0.233844402877529163E+02    0.785953760457506156E+01    0.536750856038463375E+01    0.250896421220110639E+02    0.154899182902166377E+02    0.834022186625708706E+00    0.150651435761690769E-02    0.364785859815169670E+04
    0.318572751576680488E+02    0.330858739809421154E+01    0.954154661770452606E+01    0.253283120081082203E+02    0.152487477071682793E+02    0.832653697211318877E+00    0.171778981126274096E-02    0.364788942250219498E+04
    0.198627403404827696E+02    0.610948522254305182E+01    0.380726931924397638E+01    0.258198456562416681E+02    0.159306742417087630E+02    0.873031492216910454E+00    0.200786753827412621E-02    0.364817258603796927E+04
    0.227341193485823609E+02    0.117831320761448488E+02    0.392739578225751362E+01    0.251986901062707673E+02    0.150221186386231942E+02    0.830882201417190380E+00    0.220053735707783586E-02    0.364845955675054392E+04
    0.169827985960418744E+02    0.931878104763440618E+01    0.377184689081785862E+01    0.255193832697988086E+02    0.156600929394105055E+02    0.855016740960887756E+00    0.196069519183395382E-02    0.364883623149091545E+04
    0.245355426524482603E+02    0.499812064444427140E+01    0.292131670827746159E+01    0.256805035435097508E+02    0.155114884443609355E+02    0.858483598351726385E+00    0.283272782241137267E-02    0.364904187630749357E+04
    0.172179135133717836E+02    0.773322900258693480E+01    0.333378750318312944E+01    0.255088711929332348E+02    0.156928209379600059E+02    0.854147640255923490E+00    0.176698448914305818E-02    0.364988265021757070E+04
    0.167296168566156709E+02    0.970745092195381076E+01    0.331739260685231496E+01    0.253157358397955790E+02    0.151850516515933016E+02    0.866322081937818345E+00    0.138788538857352248E-02    0.365016427834469823E+04
    0.138352938710594131E+02    0.546494850920306519E+01    0.207284368355778037E+01    0.251605476869521993E+02    0.158394256809485938E+02    0.835988948336251481E+00    0.532049336808819917E-03    0.365052506904715392E+04
    0.211809401026126736E+02    0.309739811735647974E+01    0.213324002317731631E+01    0.250166085560210405E+02    0.159644893073350858E+02    0.913285165287584078E+00    0.303802427850000589E-03    0.365070230156180105E+04
    0.111071062222141137E+02    0.288027424737877435E+01    0.260219492364665772E+01    0.251437769984813571E+02    0.152347820676083501E+02    0.857754679348906146E+00    0.112200943606526461E-02    0.365086380914817710E+04
    0.121746866186085896E+02    0.176338430277843727E+01    0.236442488029836317E+01    0.255962520823577186E+02    0.159068124996658966E+02    0.846868532570240418E+00    0.219921881065243642E-02    0.365086630659081311E+04
    0.236195976832897827E+02    0.827461983982593097E+01    0.237586128954803399E+01    0.256905021471775719E+02    0.157994812475669235E+02    0.849893287215674920E+00    0.301230230750473837E-02    0.365089287198815782E+04
    0.151823563756615201E+02    0.203184847152781289E+01    0.195009377345942791E+01    0.256892702886133826E+02    0.157407267972334441E+02    0.847943086250352973E+00    0.283480446123673653E-02    0.365095079716123064E+04
    0.141342313821368322E+02    0.374823838186454283E+01    0.273519479601849236E+01    0.250289028785935095E+02    0.152189926420538413E+02    0.867869194281649881E+00    0.170014250812731710E-02    0.365099603867918495E+04
    0.279998847833757623E+02    0.792300227852827632E+01    0.255804901838687915E+01    0.254127214600074964E+02    0.158725852813045822E+02    0.840342696338565620E+00    0.307221192433518005E-02    0.365101931682960640E+04
    0.259200144784787057E+02    0.730644327665681903E+01    0.302656611861582503E+01    0.250167498003117785E+02    0.154921279518845516E+02    0.838082907444900216E+00    0.177473655573572985E-02    0.365102419491587125E+04
    0.355905449004853924E+01    0.367679507546456730E+01    0.257607319741978547E+01    0.256028767118945275E+02    0.156535303714294294E+02    0.846567196202828054E+00    0.259323635523069692E-02    0.365103398737034513E+04
    0.116462780650745277E+02    0.582633888409010137E+01    0.268022025907360995E+01    0.253985837529981353E+02    0.157579612246649639E+02    0.790190073562521911E+00    0.207027336425616134E-02    0.365106111848856835E+04
    0.106504750114555531E+02    0.121056035559549677E+02    0.329506446184527135E+01    0.251329703720100142E+02    0.152401334261663823E+02    0.847037812959493319E+00    0.160896755115485916E-02    0.365117892252073943E+04
    0.211105185040035721E+02    0.614697593635203532E+01    0.289282640834874494E+01    0.250514140954615954E+02    0.153613923831001262E+02    0.874074457176049591E+00    0.164178205533817203E-02    0.365119799758097815E+04
    0.375052074918277967E+02    0.955065079842506925E+01    0.299547871677286759E+01    0.253281230171983545E+02    0.154814838615524177E+02    0.830204167796501635E+00    0.224170600413157962E-02    0.365130328390074919E+04
    0.726593707110774290E+01    0.725676636135021980E+01    0.302969242508165593E+01    0.250852800281627744E+02    0.154581413964809986E+02    0.869536376331808469E+00    0.171082663903557807E-02    0.365130885531765807E+04
    0.958491786194495710E+01    0.861643910697897475E+01    0.301311464931032802E+01    0.252258381109489562E+02    0.156291744551209000E+02    0.836522338195056392E+00    0.228638203913159553E-02    0.365131989637803599E+04
    0.299519372018907575E+02    0.275301548454124045E+01    0.249847762263611228E+01    0.253799810151066723E+02    0.155547535696716910E+02    0.856653264374902190E+00    0.181671458038175468E-02    0.365140949534110268E+04
    0.142778166145411589E+02    0.410472031319436059E+01    0.271463730102801248E+01    0.252616686870150211E+02    0.159442164443463099E+02    0.837403967244890746E+00    0.173265890997082741E-02    0.365142212958537220E+04
    0.166976942072066201E+02    0.546056746278938299E+01    0.277877971493412401E+01    0.257929922392509496E+02    0.157100059655617503E+02    0.879076270062859599E+00    0.184166992406233792E-02    0.365147470646669262E+04
    0.139478250705989542E+02    0.584151880814327029E+01    0.232440157649331214E+01    0.253062838554586804E+02    0.158383821774074267E+02    0.811622838980298633E+00    0.258785933415364667E-02    0.365152365372000895E+04
    0.110315501027180876E+02    0.539204218423608683E+01    0.209316103740045723E+01    0.254019415168037597E+02    0.159810219041731578E+02    0.873470419754774685E+00    0.138267656394357326E-02    0.365152522016279818E+04
    0.162406788910911573E+02    0.725935308649077271E+01    0.293886025488770741E+01    0.257694684840451131E+02    0.154872917086082040E+02    0.856715798505807813E+00    0.195691091397219141E-02    0.365154456011117009E+04
    0.170232667381913672E+02    0.856485058043177894E+01    0.301803283767768127E+01    0.253596972459197332E+02    0.152436345910035698E+02    0.833459690057068769E+00    0.170193953283426171E-02    0.365156295755920473E+04
    0.372162762607734177E+01    0.930568297900288677E+01    0.277446380038952434E+01    0.253443500468140925E+02    0.155374530106479956E+02    0.783246469413982571E+00    0.114232291104222829E-02    0.365160072811162900E+04
    0.179745319628035141E+02    0.868400223474262489E+01    0.231382395230603466E+01    0.253637242613213125E+02    0.155266304153321428E+02    0.838042618457987665E+00    0.235078452163452753E-02    0.365160136230192165E+04
    0.585797283572035266E+01    0.305879370503264214E+01    0.255874027875413468E+01    0.256894846836781809E+02    0.157311561571325811E+02    0.857479081704852431E+00    0.119183730780127390E-02    0.365162941332745868E+04
    0.171831726177852033E+02    0.167845044678533872E+01    0.203931907175234661E+01    0.254213190141503702E+02    0.154406133629988265E+02    0.794919459293253916E+00    0.133706593141543319E-02    0.365164409567294933E+04
    0.226015793477731641E+02    0.156192353138670779E+02    0.249871526471705296E+01    0.251871482870954502E+02    0.159144081209884654E+02    0.835939176106143877E+00    0.208939995072522991E-02    0.365169103101979181E+04
    0.934980187608284652E+01    0.815181352423853767E+01    0.299665319950154307E+01    0.254078799567435993E+02    0.156339888606104971E+02    0.852010960871546041E+00    0.132533945202785485E-02    0.365173877398339664E+04
    0.534573098311801065E+01    0.465715969548256137E+01    0.220216217910600731E+01    0.257920367953977419E+02    0.159535292907195121E+02    0.870061974784592684E+00    0.208418812010676855E-02    0.365183486645127414E+04
    0.165448523195865960E+01    0.162341894795498565E+01    0.221341457606538317E+01    0.254848792026182771E+02    0.151268402385157668E+02    0.845991515195159693E+00    0.180693922130288360E-02    0.365186122367688768E+04
    0.277545798693751919E+02    0.825388501947404762E+01    0.275837131299320459E+01    0.252485959095999739E+02    0.156535547708561751E+02    0.820083521794142234E+00    0.225257745698547677E-02    0.365211023326779014E+04
    0.277545798693751919E+02    0.825388501947404762E+01    0.275837131299320459E+01    0.252485959095999739E+02    0.156535547708561751E+02    0.820083521794142234E+00    0.225257745698547677E-02    0.365211023326779014E+04
    0.176532606738694753E+02    0.309899256889678965E+01    0.189025609492915869E+01    0.250411234799336277E+02    0.158765418029108112E+02    0.852185622248952113E+00    0.815145347943316279E-03    0.365211390403271071E+04
    0.241913238780358064E+02    0.228893939362446464E+01    0.220703803820706534E+01    0.251054315686267095E+02    0.152595569913244162E+02    0.854516098799640522E+00    0.897171685790850099E-03    0.365211948593892157E+04
    0.101214929006459897E+02    0.367696096070079914E+01    0.200466316209276041E+01    0.252683074924959925E+02    0.153683577238142650E+02    0.855700060840146381E+00    0.802232399380347965E-03    0.365212045145074444E+04
    0.490002737256807066E+02    0.996149513897782057E+01    0.229282564239621456E+01    0.250353470506949449E+02    0.157992142678413998E+02    0.824666310451536821E+00    0.100951613715295676E-02    0.365214307959822236E+04
    0.361299725322003411E+02    0.450171071584693472E+01    0.255573238432412930E+01    0.253509463765613532E+02    0.156787054942101385E+02    0.866645045269483605E+00    0.198582916597250369E-02    0.365220394579483991E+04
    0.103906123383025761E+02    0.828161658605279882E+01    0.238925787178298021E+01    0.252191278041535760E+02    0.157299314664659402E+02    0.806305364820549375E+00    0.945506511632551467E-03    0.365221007737246737E+04
    0.103906123383025761E+02    0.828161658605279882E+01    0.238925787178298021E+01    0.252191278041535760E+02    0.157299314664659402E+02    0.806305364820549375E+00    0.945506511632551467E-03    0.365221007737246737E+04
    0.264810121107279350E+02    0.288979014523493882E+01    0.226762960226660359E+01    0.251779736686806430E+02    0.159279003500769036E+02    0.807095592861846511E+00    0.148207965145164097E-02    0.365226503001817582E+04
    0.180015331171826745E+02    0.161221998487520235E+01    0.210658664326069323E+01    0.254927251056020907E+02    0.157152328286278724E+02    0.859532946183616975E+00    0.184928670580638676E-02    0.365226695428386029E+04
    0.333670219299231832E+02    0.107242080160803717E+02    0.236563658630354734E+01    0.251325762798014622E+02    0.155612644590121842E+02    0.830507161063263610E+00    0.203292497917220228E-02    0.365232673262641174E+04
    0.349938731168300450E+02    0.726516942525198761E+01    0.267330477915041209E+01    0.252308011031167041E+02    0.156503140293151048E+02    0.820808902820635011E+00    0.216716121286913976E-02    0.365235218606233184E+04
    0.349938731168300450E+02    0.726516942525198761E+01    0.267330477915041209E+01    0.252308011031167041E+02    0.156503140293151048E+02    0.820808902820635011E+00    0.216716121286913976E-02    0.365235218606233184E+04
    0.134692471481815570E+02    0.158356879647661977E+02    0.294911397646813178E+01    0.251496269408946809E+02    0.156955477940021275E+02    0.800673165178213742E+00    0.216200026798398729E-02    0.365235395891496273E+04
    0.134692471481815570E+02    0.158356879647661977E+02    0.294911397646813178E+01    0.251496269408946809E+02    0.156955477940021275E+02    0.800673165178213742E+00    0.216200026798398729E-02    0.365235395891496273E+04
    0.690632140252674454E+01    0.643419921830662744E+01    0.276157315609057985E+01    0.256061025559642346E+02    0.155724394585488621E+02    0.857758141174185251E+00    0.209133134533763228E-02    0.365237254097174036E+04
    0.192316043556311378E+01    0.113653052750374357E+02    0.272306254403977244E+01    0.253898720675412015E+02    0.150001449607597230E+02    0.830804233652508217E+00    0.109652585345170134E-02    0.365240954348600098E+04
    0.839627870978474178E+01    0.295294227463297609E+01    0.234164813296532826E+01    0.255123809385735569E+02    0.152601867173525765E+02    0.861451382469595073E+00    0.100179973278865077E-02    0.365245333470292053E+04
    0.209434260254089004E+02    0.881750623963939972E+01    0.276633421017005077E+01    0.250538463718462232E+02    0.152429145037195308E+02    0.809580817120587048E+00    0.145187726294991495E-02    0.365253238966729486E+04
    0.209434260254089004E+02    0.881750623963939972E+01    0.276633421017005077E+01    0.250538463718462232E+02    0.152429145037195308E+02    0.809580817120587048E+00    0.145187726294991495E-02    0.365253238966729486E+04
    0.197029523079018247E+02    0.246299426175494629E+01    0.216528151532530400E+01    0.250544703823138093E+02    0.152351186074157141E+02    0.873804479081291996E+00    0.977059439087727940E-03    0.365260890811983973E+04
    0.197029523079018247E+02    0.246299426175494629E+01    0.216528151532530400E+01    0.250544703823138093E+02    0.152351186074157141E+02    0.873804479081291996E+00    0.977059439087727940E-03    0.365260890811983973E+04
    0.123610394649864652E+02    0.394877884866030371E+01    0.218704091749112051E+01    0.250561322827059172E+02    0.153112734661968783E+02    0.893006196073555358E+00    0.729712892546539047E-03    0.365272018591613232E+04
    0.123610394649864652E+02    0.394877884866030371E+01    0.218704091749112051E+01    0.250561322827059172E+02    0.153112734661968783E+02    0.893006196073555358E+00    0.729712892546539047E-03    0.365272018591613232E+04
    0.104559192535088705E+02    0.121304332079958339E+02    0.285470482331297237E+01    0.253303287359068996E+02    0.156387052183374564E+02    0.856980489269031809E+00    0.684797951084305939E-03    0.365274466687713220E+04
    0.104559192535088705E+02    0.121304332079958339E+02    0.285470482331297237E+01    0.253303287359068996E+02    0.156387052183374564E+02    0.856980489269031809E+00    0.684797951084305939E-03    0.365274466687713220E+04
    0.185385290989406890E+02    0.135597277727562027E+01    0.186500596440671806E+01    0.254215438832531397E+02    0.159919804952731130E+02    0.877975559062513677E+00    0.111935587285031876E-02    0.365274833911854739E+04
    0.185385290989406890E+02    0.135597277727562027E+01    0.186500596440671806E+01    0.254215438832531397E+02    0.159919804952731130E+02    0.877975559062513677E+00    0.111935587285031876E-02    0.365274833911854739E+04
    0.212947748572643647E+02    0.704734221538200334E+01    0.231616120468057174E+01    0.254301723532721162E+02    0.158027109356032085E+02    0.821744222254153778E+00    0.212239076192901732E-02    0.365279716037098297E+04
    0.212947748572643647E+02    0.704734221538200334E+01    0.231616120468057174E+01    0.254301723532721162E+02    0.158027109356032085E+02    0.821744222254153778E+00    0.212239076192901732E-02    0.365279716037098297E+04
    0.236351815527325115E+02    0.512787251874506733E+01    0.253481271140665987E+01    0.258024120245211428E+02    0.159533305568079182E+02    0.867214073075268654E+00    0.196259376527561100E-02    0.365279732423434052E+04
    0.236351815527325115E+02    0.512787251874506733E+01    0.253481271140665987E+01    0.258024120245211428E+02    0.159533305568079182E+02    0.867214073075268654E+00    0.196259376527561100E-02    0.365279732423434052E+04
    0.101363384616013903E+02    0.242223671694923715E+01    0.204018062140138845E+01    0.252907023668479773E+02    0.156460671358428556E+02    0.865593843869299606E+00    0.209716893435292874E-02    0.365282742898478637E+04
    0.101363384616013903E+02    0.242223671694923715E+01    0.204018062140138845E+01    0.252907023668479773E+02    0.156460671358428556E+02    0.865593843869299606E+00    0.209716893435292874E-02    0.365282742898478637E+04
    0.339299877631460234E+02    0.906165241992295023E+01    0.275895532539442412E+01    0.252246044786232773E+02    0.155859873075773567E+02    0.841254984466557443E+00    0.107652785338705880E-02    0.365284077732402193E+04
    0.339299877631460234E+02    0.906165241992295023E+01    0.275895532539442412E+01    0.252246044786232773E+02    0.155859873075773567E+02    0.841254984466557443E+00    0.107652785338705880E-02    0.365284077732402193E+04
    0.221596167148207250E+02    0.166778644698192551E+02    0.285880136620931413E+01    0.253444323880345834E+02    0.159654026889670462E+02    0.823875015136510847E+00    0.243876907582037854E-02    0.365288339538299306E+04
    0.221596167148207250E+02    0.166778644698192551E+02    0.285880136620931413E+01    0.253444323880345834E+02    0.159654026889670462E+02    0.823875015136510847E+00    0.243876907582037854E-02    0.365288339538299306E+04
    0.146106026811380563E+02    0.109306826333369340E+02    0.278971410968372036E+01    0.254195804043518336E+02    0.158722976490992735E+02    0.807942530649145896E+00    0.128351676612454028E-02    0.365288658569546396E+04
    0.146106026811380563E+02    0.109306826333369340E+02    0.278971410968372036E+01    0.254195804043518336E+02    0.158722976490992735E+02    0.807942530649145896E+00    0.128351676612454028E-02    0.365288658569546396E+04
    0.342684237239917238E+02    0.156334375160011803E+02    0.298147256476295164E+01    0.252666967713235344E+02    0.157214292921064658E+02    0.825105178824079299E+00    0.202141651359959151E-02    0.365292349188326034E+04
    0.342684237239917238E+02    0.156334375160011803E+02    0.298147256476295164E+01    0.252666967713235344E+02    0.157214292921064658E+02    0.825105178824079299E+00    0.202141651359959151E-02    0.365292349188326034E+04
    0.712376296086387484E+01    0.903786770312554566E+01    0.258630668667307484E+01    0.253553310833241490E+02    0.156450098388177992E+02    0.900195541474115624E+00    0.870354775079693185E-03    0.365294048565319281E+04
    0.712376296086387484E+01    0.903786770312554566E+01    0.258630668667307484E+01    0.253553310833241490E+02    0.156450098388177992E+02    0.900195541474115624E+00    0.870354775079693185E-03    0.365294048565319281E+04
    0.961941518488519698E+01    0.728566030063330317E+01    0.268307705947571939E+01    0.255567626899828291E+02    0.157343024474248327E+02    0.884271493391627250E+00    0.184332748333720150E-02    0.365294999116519830E+04
    0.961941518488519698E+01    0.728566030063330317E+01    0.268307705947571939E+01    0.255567626899828291E+02    0.157343024474248327E+02    0.884271493391627250E+00    0.184332748333720150E-02    0.365294999116519830E+04
    0.458687434038496455E+01    0.703623521293515530E+01    0.240107874500001772E+01    0.255284317632427502E+02    0.150958515038179879E+02    0.849848618733149541E+00    0.125988079414951840E-02    0.365295038934329204E+04
    0.458687434038496455E+01    0.703623521293515530E+01    0.240107874500001772E+01    0.255284317632427502E+02    0.150958515038179879E+02    0.849848618733149541E+00    0.125988079414951840E-02    0.365295038934329204E+04
    0.117868309063876975E+02    0.579122457656054035E+01    0.243019796885800110E+01    0.252256923610883455E+02    0.155337595181489512E+02    0.900246882900935574E+00    0.194880572274054586E-02    0.365296470651668005E+04
    0.192396114023399818E+02    0.105562730197328811E+02    0.256776851312890164E+01    0.250314147671464866E+02    0.155149909400940320E+02    0.808955841971390699E+00    0.900708732062757917E-03    0.365298892573817147E+04
    0.192396114023399818E+02    0.105562730197328811E+02    0.256776851312890164E+01    0.250314147671464866E+02    0.155149909400940320E+02    0.808955841971390699E+00    0.900708732062757917E-03    0.365298892573817147E+04
    0.211326969809095679E+02    0.100397352475997970E+02    0.259923270397520678E+01    0.252466844679901428E+02    0.159969649396684162E+02    0.799496624861407601E+00    0.166931457951141810E-02    0.365302826186443508E+04
    0.211326969809095679E+02    0.100397352475997970E+02    0.259923270397520678E+01    0.252466844679901428E+02    0.159969649396684162E+02    0.799496624861407601E+00    0.166931457951141810E-02    0.365302826186443508E+04
    0.350366767680278883E+02    0.162233098081994687E+01    0.184184811117505376E+01    0.251354437498876528E+02    0.157780545884653627E+02    0.820900871451634706E+00    0.126934111889840133E-02    0.365306006341136845E+04
    0.350366767680278883E+02    0.162233098081994687E+01    0.184184811117505376E+01    0.251354437498876528E+02    0.157780545884653627E+02    0.820900871451634706E+00    0.126934111889840133E-02    0.365306006341136845E+04
    0.209882296860442139E+02    0.188369161034523600E+02    0.294883120236421625E+01    0.254337999650573856E+02    0.151179120057598997E+02    0.901728280614717437E+00    0.998544941667292617E-03    0.365307425154159500E+04
    0.209882296860442139E+02    0.188369161034523600E+02    0.294883120236421625E+01    0.254337999650573856E+02    0.151179120057598997E+02    0.901728280614717437E+00    0.998544941667292617E-03    0.365307425154159500E+04
    0.859622400374770201E+01    0.888725023589826968E+01    0.258118838341434031E+01    0.254407277776430618E+02    0.152178453980399304E+02    0.854557989842026466E+00    0.232940840558360949E-02    0.365310401241939871E+04
    0.859622400374770201E+01    0.888725023589826968E+01    0.258118838341434031E+01    0.254407277776430618E+02    0.152178453980399304E+02    0.854557989842026466E+00    0.232940840558360949E-02    0.365310401241939871E+04
    0.134821513361508494E+02    0.986347012104278775E+01    0.277810961134200474E+01    0.250880598927722147E+02    0.154069230461734694E+02    0.833471704017752613E+00    0.207672803988423471E-02    0.365310440197268736E+04
    0.134821513361508494E+02    0.986347012104278775E+01    0.277810961134200474E+01    0.250880598927722147E+02    0.154069230461734694E+02    0.833471704017752613E+00    0.207672803988423471E-02    0.365310440197268736E+04
    0.157289561623855949E+02    0.112741664260423384E+02    0.278808301147554083E+01    0.253928922323305279E+02    0.157274929676592503E+02    0.820199226554827576E+00    0.118712151522976377E-02    0.365322808027567999E+04
    0.157289561623855949E+02    0.112741664260423384E+02    0.278808301147554083E+01    0.253928922323305279E+02    0.157274929676592503E+02    0.820199226554827576E+00    0.118712151522976377E-02    0.365322808027567999E+04
    0.281730239864852692E+02    0.655189731294113820E+01    0.220730991947872868E+01    0.250482552246730634E+02    0.151169661254410688E+02    0.839053870208894215E+00    0.111108337234132435E-02    0.365324502032963892E+04
    0.281730239864852692E+02    0.655189731294113820E+01    0.220730991947872868E+01    0.250482552246730634E+02    0.151169661254410688E+02    0.839053870208894215E+00    0.111108337234132435E-02    0.365324502032963892E+04
    0.948656597902275678E+01    0.150389519079023195E+02    0.305987574423860709E+01    0.256822419368523214E+02    0.153521663729658702E+02    0.852725742119694874E+00    0.159406835589116802E-02    0.365325518466078393E+04
    0.948656597902275678E+01    0.150389519079023195E+02    0.305987574423860709E+01    0.256822419368523214E+02    0.153521663729658702E+02    0.852725742119694874E+00    0.159406835589116802E-02    0.365325518466078393E+04
    0.217457490497433810E+02    0.243898736000454353E+01    0.202401508515164963E+01    0.252419680465942520E+02    0.157265621873812069E+02    0.870353284646315339E+00    0.193652624170471488E-02    0.365327565671149978E+04
    0.217457490497433810E+02    0.243898736000454353E+01    0.202401508515164963E+01    0.252419680465942520E+02    0.157265621873812069E+02    0.870353284646315339E+00    0.193652624170471488E-02    0.365327565671149978E+04
    0.209154036625701423E+01    0.122080726292731967E+02    0.284235495739522515E+01    0.252944602442091515E+02    0.151722465580428398E+02    0.845671342589777941E+00    0.111812342415980944E-02    0.365329363119881691E+04
    0.209154036625701423E+01    0.122080726292731967E+02    0.284235495739522515E+01    0.252944602442091515E+02    0.151722465580428398E+02    0.845671342589777941E+00    0.111812342415980944E-02    0.365329363119881691E+04
    0.248473691779442873E+02    0.179644947307967335E+02    0.304018576622647752E+01    0.254201486410382778E+02    0.150899053493025903E+02    0.854304983220520842E+00    0.204885409800857491E-02    0.365329797679030480E+04
    0.248473691779442873E+02    0.179644947307967335E+02    0.304018576622647752E+01    0.254201486410382778E+02    0.150899053493025903E+02    0.854304983220520842E+00    0.204885409800857491E-02    0.365329797679030480E+04
    0.267289721761493766E+02    0.184767495995480679E+02    0.303788925965465673E+01    0.251154718549767573E+02    0.155761301789808790E+02    0.829377599846434888E+00    0.135692093206873270E-02    0.365333791459883969E+04
    0.267289721761493766E+02    0.184767495995480679E+02    0.303788925965465673E+01    0.251154718549767573E+02    0.155761301789808790E+02    0.829377599846434888E+00    0.135692093206873270E-02    0.365333791459883969E+04
    0.168538269671614991E+02    0.129488183706722779E+02    0.266920942487731860E+01    0.250603820090967098E+02    0.155444255799899427E+02    0.838224171325770095E+00    0.230981355941334981E-02    0.365335171502727326E+04
    0.168538269671614991E+02    0.129488183706722779E+02    0.266920942487731860E+01    0.250603820090967098E+02    0.155444255799899427E+02    0.838224171325770095E+00    0.230981355941334981E-02    0.365335171502727326E+04
    0.377697083762210610E+02    0.137804629114749080E+02    0.283743048661091146E+01    0.252024695767526623E+02    0.157561877518421980E+02    0.833455542798534732E+00    0.212418716881126882E-02    0.365335737771117283E+04
    0.377697083762210610E+02    0.137804629114749080E+02    0.283743048661091146E+01    0.252024695767526623E+02    0.157561877518421980E+02    0.833455542798534732E+00    0.212418716881126882E-02    0.365335737771117283E+04
    0.660091701614218351E+01    0.620227503809971203E+01    0.247796327857375198E+01    0.255034028441918430E+02    0.152594080609872460E+02    0.890129517991455232E+00    0.162620148348032118E-02    0.365336466457752840E+04
    0.660091701614218351E+01    0.620227503809971203E+01    0.247796327857375198E+01    0.255034028441918430E+02    0.152594080609872460E+02    0.890129517991455232E+00    0.162620148348032118E-02    0.365336466457752840E+04
    0.316708192053366346E+02    0.260486755308555562E+01    0.192455058493717512E+01    0.253070013243865120E+02    0.157070406648136540E+02    0.886381305319545398E+00    0.119300324655031032E-02    0.365337019773036127E+04
    0.316708192053366346E+02    0.260486755308555562E+01    0.192455058493717512E+01    0.253070013243865120E+02    0.157070406648136540E+02    0.886381305319545398E+00    0.119300324655031032E-02    0.365337019773036127E+04
    0.317943214791195530E+02    0.145952186648915934E+02    0.295708342797432255E+01    0.253465934645842559E+02    0.150360049410257002E+02    0.848837380165940680E+00    0.176197785823173640E-02    0.365337390395104012E+04
    0.317943214791195530E+02    0.145952186648915934E+02    0.295708342797432255E+01    0.253465934645842559E+02    0.150360049410257002E+02    0.848837380165940680E+00    0.176197785823173640E-02    0.365337390395104012E+04
    0.346358502733596438E+02    0.129629350601983102E+02    0.258081835528958514E+01    0.253871788720494607E+02    0.154402091897395568E+02    0.867380824434814013E+00    0.236324657185060750E-02    0.365339974421034731E+04
    0.346358502733596438E+02    0.129629350601983102E+02    0.258081835528958514E+01    0.253871788720494607E+02    0.154402091897395568E+02    0.867380824434814013E+00    0.236324657185060750E-02    0.365339974421034731E+04
    0.668980018484177208E+01    0.578337324119661744E+01    0.249001774240495344E+01    0.253104076041729265E+02    0.158565589037005612E+02    0.848297174020176348E+00    0.194509876857008857E-02    0.365340597690518962E+04
    0.668980018484177208E+01    0.578337324119661744E+01    0.249001774240495344E+01    0.253104076041729265E+02    0.158565589037005612E+02    0.848297174020176348E+00    0.194509876857008857E-02    0.365340597690518962E+04
    0.207533204522046972E+02    0.393504661528819888E+01    0.222338468510626397E+01    0.251805082484798675E+02    0.153132879358115694E+02    0.882816379107982274E+00    0.107043082777825158E-02    0.365341841806033335E+04
    0.207533204522046972E+02    0.393504661528819888E+01    0.222338468510626397E+01    0.251805082484798675E+02    0.153132879358115694E+02    0.882816379107982274E+00    0.107043082777825158E-02    0.365341841806033335E+04
    0.391095089644192484E+02    0.130210821158686976E+02    0.289282208161005627E+01    0.252400106087864700E+02    0.158248293844883747E+02    0.858614434751225231E+00    0.150630818658340306E-02    0.365342120223939901E+04
    0.391095089644192484E+02    0.130210821158686976E+02    0.289282208161005627E+01    0.252400106087864700E+02    0.158248293844883747E+02    0.858614434751225231E+00    0.150630818658340306E-02    0.365342120223939901E+04
    0.153042404388626636E+02    0.877127999984311657E+01    0.274441197825379568E+01    0.253736848222145497E+02    0.151356053945293123E+02    0.851342403068398368E+00    0.152782293814092808E-02    0.365342879902170580E+04
    0.153042404388626636E+02    0.877127999984311657E+01    0.274441197825379568E+01    0.253736848222145497E+02    0.151356053945293123E+02    0.851342403068398368E+00    0.152782293814092808E-02    0.365342879902170580E+04
    0.211515866234438050E+02    0.936568311270680987E+01    0.238301043702703108E+01    0.251482210029704589E+02    0.153970685487451568E+02    0.860880572465995697E+00    0.891833563742296630E-03    0.365343439592103687E+04
    0.211515866234438050E+02    0.936568311270680987E+01    0.238301043702703108E+01    0.251482210029704589E+02    0.153970685487451568E+02    0.860880572465995697E+00    0.891833563742296630E-03    0.365343439592103687E+04
    0.195372906879907262E+02    0.141820864270409714E+02    0.276005986505776590E+01    0.255043264445892035E+02    0.150937589191655608E+02    0.873424690912847579E+00    0.743934044756861326E-03    0.365345207693718021E+04
    0.195372906879907262E+02    0.141820864270409714E+02    0.276005986505776590E+01    0.255043264445892035E+02    0.150937589191655608E+02    0.873424690912847579E+00    0.743934044756861326E-03    0.365345207693718021E+04
    0.149034145842086225E+02    0.146489232052624843E+02    0.272867031768228774E+01    0.251018195021143669E+02    0.150265583957776983E+02    0.888701552203134515E+00    0.798036809309241816E-03    0.365346061267937421E+04
    0.149034145842086225E+02    0.146489232052624843E+02    0.272867031768228774E+01    0.251018195021143669E+02    0.150265583957776983E+02    0.888701552203134515E+00    0.798036809309241816E-03    0.365346061267937421E+04
    0.490483354826010576E+01    0.984075127366795854E+01    0.269254877502630130E+01    0.258050368670844463E+02    0.154937289414563732E+02    0.886598691935818084E+00    0.118742696615629678E-02    0.365347969694745780E+04
    0.490483354826010576E+01    0.984075127366795854E+01    0.269254877502630130E+01    0.258050368670844463E+02    0.154937289414563732E+02    0.886598691935818084E+00    0.118742696615629678E-02    0.365347969694745780E+04
    0.202099889264912882E+02    0.794686429983790799E+01    0.257157529550824471E+01    0.255286703656473577E+02    0.151375432544582385E+02    0.857024225794573602E+00    0.215952356176179160E-02    0.365348740122696654E+04
    0.202099889264912882E+02    0.794686429983790799E+01    0.257157529550824471E+01    0.255286703656473577E+02    0.151375432544582385E+02    0.857024225794573602E+00    0.215952356176179160E-02    0.365348740122696654E+04
    0.113755918906620810E+02    0.209139709867942756E+02    0.310351962940827963E+01    0.255968608455297719E+02    0.157166340454658986E+02    0.827421399192908247E+00    0.181712050184548116E-02    0.365349105626513619E+04
    0.113755918906620810E+02    0.209139709867942756E+02    0.310351962940827963E+01    0.255968608455297719E+02    0.157166340454658986E+02    0.827421399192908247E+00    0.181712050184548116E-02    0.365349105626513619E+04
    0.135487669477449000E+02    0.736765169359469407E+01    0.265143291359140632E+01    0.252438516448883092E+02    0.158471407666791393E+02    0.851438996045360219E+00    0.157687560148651114E-02    0.365350870431189969E+04
    0.402825736310300684E+02    0.364607592722915408E+01    0.209297379207979928E+01    0.250305569482563790E+02    0.158249397672512622E+02    0.843648411949638799E+00    0.877584135035149775E-03    0.365352032094696824E+04
    0.402825736310300684E+02    0.364607592722915408E+01    0.209297379207979928E+01    0.250305569482563790E+02    0.158249397672512622E+02    0.843648411949638799E+00    0.877584135035149775E-03    0.365352032094696824E+04
    0.292931737668430685E+02    0.200250936523461895E+02    0.272079496488764017E+01    0.251619252857381674E+02    0.159206209632158817E+02    0.819381365339321155E+00    0.173202277990181560E-02    0.365352282953185795E+04
    0.292931737668430685E+02    0.200250936523461895E+02    0.272079496488764017E+01    0.251619252857381674E+02    0.159206209632158817E+02    0.819381365339321155E+00    0.173202277990181560E-02    0.365352282953185795E+04
    0.174426831512107157E+02    0.841186410757604719E+01    0.238706717077627451E+01    0.250816743291766571E+02    0.150828083559996191E+02    0.851014078213916503E+00    0.870638335680321614E-03    0.365352828148494291E+04
    0.294216688406744424E+02    0.357276943440402439E+01    0.220551158304812667E+01    0.254048959090324047E+02    0.157647989876751478E+02    0.865155907527620838E+00    0.191814470982873907E-02    0.365353128998866532E+04
    0.972004725606459807E+01    0.862426530629126908E+01    0.246018345229418278E+01    0.253469064318960768E+02    0.151013225700724849E+02    0.891982187481270228E+00    0.149509377715415989E-02    0.365353848833272696E+04
    0.799563918507929294E+01    0.821836964165572503E+01    0.250966388172387855E+01    0.251227419297449046E+02    0.150029241820005605E+02    0.847964812525616396E+00    0.893140925944284087E-03    0.365354277219423921E+04
    0.799563918507929294E+01    0.821836964165572503E+01    0.250966388172387855E+01    0.251227419297449046E+02    0.150029241820005605E+02    0.847964812525616396E+00    0.893140925944284087E-03    0.365354277219423921E+04
    0.233339696613070018E+02    0.903001272858048054E+01    0.268499764525575690E+01    0.252562992760764438E+02    0.150801176200709115E+02    0.841259186836557094E+00    0.187919535348009953E-02    0.365354886437381037E+04
    0.233339696613070018E+02    0.903001272858048054E+01    0.268499764525575690E+01    0.252562992760764438E+02    0.150801176200709115E+02    0.841259186836557094E+00    0.187919535348009953E-02    0.365354886437381037E+04
    0.372102062724900975E+02    0.145805452453638917E+02    0.276117002385013333E+01    0.251739108842853767E+02    0.150044759251280730E+02    0.897416097389655665E+00    0.108593010753933088E-02    0.365355476652812695E+04
    0.372102062724900975E+02    0.145805452453638917E+02    0.276117002385013333E+01    0.251739108842853767E+02    0.150044759251280730E+02    0.897416097389655665E+00    0.108593010753933088E-02    0.365355476652812695E+04
    0.225776936307060367E+02    0.100386792868123429E+02    0.275988483947536301E+01    0.251687541352956714E+02    0.159242099885911692E+02    0.841230629686975817E+00    0.153088073294228551E-02    0.365355564642719037E+04
    0.225776936307060367E+02    0.100386792868123429E+02    0.275988483947536301E+01    0.251687541352956714E+02    0.159242099885911692E+02    0.841230629686975817E+00    0.153088073294228551E-02    0.365355564642719037E+04
    0.179862348841114432E+02    0.906957443031534005E+01    0.267713637756995437E+01    0.253756230027947645E+02    0.152470661960433596E+02    0.880915654852563512E+00    0.139907910791624551E-02    0.365356875678453662E+04
    0.179862348841114432E+02    0.906957443031534005E+01    0.267713637756995437E+01    0.253756230027947645E+02    0.152470661960433596E+02    0.880915654852563512E+00    0.139907910791624551E-02    0.365356875678453662E+04
    0.295024150543519994E+02    0.137822313405729489E+02    0.265716998518647740E+01    0.251381491833777631E+02    0.158998672264091319E+02    0.809803962844619751E+00    0.154061070592416459E-02    0.365357479625607721E+04
    0.163318561604098846E+02    0.133539358534790971E+02    0.284299402120835021E+01    0.257994213444973433E+02    0.153422256599924403E+02    0.824718145736109021E+00    0.173814505197823982E-02    0.365358295240612142E+04
    0.142889154577527169E+02    0.862593824835577827E+01    0.249051428193600577E+01    0.250394015698061061E+02    0.155290328406915421E+02    0.819943947335248446E+00    0.163917344143737868E-02    0.365360100279002700E+04
    0.653672411334710546E+01    0.102641061010044066E+02    0.279381084004070601E+01    0.254039470235494953E+02    0.158304108859639001E+02    0.866602988116272677E+00    0.178303610529544207E-02    0.365361143877098857E+04
    0.653672411334710546E+01    0.102641061010044066E+02    0.279381084004070601E+01    0.254039470235494953E+02    0.158304108859639001E+02    0.866602988116272677E+00    0.178303610529544207E-02    0.365361143877098857E+04
    0.329404684059247472E+02    0.702306966935581389E+01    0.252875907868235972E+01    0.257536021155483219E+02    0.158189536369203729E+02    0.835122643884411486E+00    0.183292079543079548E-02    0.365361728417459653E+04
    0.329404684059247472E+02    0.702306966935581389E+01    0.252875907868235972E+01    0.257536021155483219E+02    0.158189536369203729E+02    0.835122643884411486E+00    0.183292079543079548E-02    0.365361728417459653E+04
    0.228489832948333138E+02    0.135385022392417014E+02    0.270864266798614395E+01    0.259054346324023470E+02    0.158257572863602149E+02    0.844920966224758874E+00    0.225373034998928865E-02    0.365363691065627972E+04
    0.357900087966531331E+02    0.109947244673956064E+02    0.256745776988061492E+01    0.250464898493749004E+02    0.157359692560385938E+02    0.868895642391755318E+00    0.745916079088100115E-03    0.365363814813802037E+04
    0.357900087966531331E+02    0.109947244673956064E+02    0.256745776988061492E+01    0.250464898493749004E+02    0.157359692560385938E+02    0.868895642391755318E+00    0.745916079088100115E-03    0.365363814813802037E+04
    0.188033898205469292E+02    0.195566434768330950E+02    0.284728176066839200E+01    0.254609367015738712E+02    0.150299878685147217E+02    0.895373954969737706E+00    0.938969660187462859E-03    0.365365325118104693E+04
    0.280755316935151171E+02    0.133111759053285361E+02    0.271491021267599653E+01    0.256527543191391629E+02    0.157628973413961013E+02    0.813319474186778524E+00    0.144515621841661201E-02    0.365365687819507730E+04
    0.280755316935151171E+02    0.133111759053285361E+02    0.271491021267599653E+01    0.256527543191391629E+02    0.157628973413961013E+02    0.813319474186778524E+00    0.144515621841661201E-02    0.365365687819507730E+04
    0.499298809180711434E+01    0.165427450082341814E+02    0.288150458879959226E+01    0.254473760524120927E+02    0.155519737999735437E+02    0.824325582918215449E+00    0.144219356787685278E-02    0.365366311149637886E+04
    0.153615332302039711E+02    0.103789206637334885E+02    0.274465786172703430E+01    0.253008452810156328E+02    0.150768220063859122E+02    0.862994205959639382E+00    0.188821406968448890E-02    0.365368771963060954E+04
    0.655268980148766023E+01    0.265786870829993234E+02    0.321939247100869208E+01    0.258948551575182400E+02    0.151896336333901907E+02    0.880788362438181816E+00    0.180261707987690615E-02    0.365369373374298402E+04
    0.750606121234455159E+01    0.236633222363580273E+02    0.302559884891105391E+01    0.250507334770063927E+02    0.151248001964023970E+02    0.819193770303026425E+00    0.175979197857934399E-02    0.365370790657671796E+04
    0.750606121234455159E+01    0.236633222363580273E+02    0.302559884891105391E+01    0.250507334770063927E+02    0.151248001964023970E+02    0.819193770303026425E+00    0.175979197857934399E-02    0.365370790657671796E+04
    0.290677401098680477E+02    0.786011945272120016E+01    0.255712796722656144E+01    0.251769626507678730E+02    0.150335403605068034E+02    0.829104463672853509E+00    0.137023536190857085E-02    0.365371198666342252E+04
    0.152355543776580138E+02    0.149192867462590897E+02    0.270239526573895184E+01    0.252487691827219543E+02    0.153474744408085488E+02    0.892429597340777869E+00    0.197342919132392986E-02    0.365371213886679971E+04
    0.161429295768677008E+02    0.947877636396895618E+01    0.261897438541329031E+01    0.255673151745035803E+02    0.151319462293020432E+02    0.857112659193709936E+00    0.209600866117033843E-02    0.365372049181743705E+04
    0.668285288545611245E+01    0.971091467220157156E+01    0.256629839562024786E+01    0.252238326486434339E+02    0.155851766765639024E+02    0.873827738406046772E+00    0.164280040817671859E-02    0.365372187651122704E+04
    0.240822558948037049E+02    0.979243604136158474E+01    0.269783662697533178E+01    0.254248570288551363E+02    0.153932353366131469E+02    0.873996519697642138E+00    0.156653188016506358E-02    0.365374281978218642E+04
    0.137965607763579641E+02    0.163760368732973092E+02    0.287903845286552640E+01    0.250530427639394944E+02    0.150995925600557435E+02    0.838732137041758641E+00    0.100886490231116258E-02    0.365376746608881058E+04
    0.788813132076421386E+01    0.102325439327015122E+02    0.272785824524500864E+01    0.255649721455044521E+02    0.157882809343400528E+02    0.874602070631802619E+00    0.128433809825622683E-02    0.365377631194302649E+04
    0.746325149182442615E+01    0.868763046379954318E+01    0.269340904036847917E+01    0.253267517412814449E+02    0.154459252917500258E+02    0.849281482308494540E+00    0.152620156162645805E-02    0.365377901533237036E+04
    0.282849660175624535E+02    0.351978428871605598E+01    0.209697339295670471E+01    0.251130206202876067E+02    0.151266496650310085E+02    0.859708405088079664E+00    0.108847956840401575E-02    0.365378637224510976E+04
    0.282849660175624535E+02    0.351978428871605598E+01    0.209697339295670471E+01    0.251130206202876067E+02    0.151266496650310085E+02    0.859708405088079664E+00    0.108847956840401575E-02    0.365378637224510976E+04
    0.245011746241375619E+02    0.131165348492638962E+02    0.282265427644690936E+01    0.254082039036984710E+02    0.153942647808175632E+02    0.872234747930778265E+00    0.136205188382022119E-02    0.365379055275382689E+04
    0.262934195464565832E+02    0.744260044811995147E+01    0.244250733935933573E+01    0.250929074203586602E+02    0.157786502230801577E+02    0.835185692153069925E+00    0.194471764470894389E-02    0.365379168566757653E+04
    0.262934195464565832E+02    0.744260044811995147E+01    0.244250733935933573E+01    0.250929074203586602E+02    0.157786502230801577E+02    0.835185692153069925E+00    0.194471764470894389E-02    0.365379168566757653E+04
    0.517983816247499504E+02    0.541388483507644835E+01    0.222518252978594822E+01    0.255986474027463125E+02    0.155278838882989039E+02    0.859847132917788137E+00    0.199396530042258123E-02    0.365379794219331598E+04
    0.517983816247499504E+02    0.541388483507644835E+01    0.222518252978594822E+01    0.255986474027463125E+02    0.155278838882989039E+02    0.859847132917788137E+00    0.199396530042258123E-02    0.365379794219331598E+04
    0.170218091474207540E+02    0.796207160683206894E+01    0.259294197337830257E+01    0.255018338242506104E+02    0.157195853206112304E+02    0.841542797079965821E+00    0.131639889632780265E-02    0.365380346403715339E+04
    0.274555200779787043E+02    0.737698024327672996E+01    0.249903114851098795E+01    0.252140654059878919E+02    0.159706549819323094E+02    0.828415363063703114E+00    0.158985975244050454E-02    0.365381795060808008E+04
    0.274555200779787043E+02    0.737698024327672996E+01    0.249903114851098795E+01    0.252140654059878919E+02    0.159706549819323094E+02    0.828415363063703114E+00    0.158985975244050454E-02    0.365381795060808008E+04
    0.560544804775194727E+01    0.154716902321518575E+02    0.297881780279713126E+01    0.255017253368607868E+02    0.153825282225603104E+02    0.866853415788708226E+00    0.152067629565805760E-02    0.365382650499675174E+04
    0.560544804775194727E+01    0.154716902321518575E+02    0.297881780279713126E+01    0.255017253368607868E+02    0.153825282225603104E+02    0.866853415788708226E+00    0.152067629565805760E-02    0.365382650499675174E+04
    0.166386478763722785E+02    0.112195193641025206E+02    0.264758580882216110E+01    0.252014853462769857E+02    0.159067139344272555E+02    0.863256612096599429E+00    0.918349208297639065E-03    0.365384166267518049E+04
    0.934403786563394334E+01    0.639967632362099081E+01    0.249652420163295119E+01    0.255080931460753391E+02    0.153471644157615330E+02    0.848891067183231485E+00    0.154166690130348423E-02    0.365386006373053442E+04
    0.115161507291939404E+02    0.131078994881318707E+02    0.279056511034089061E+01    0.250406703151011705E+02    0.150416395034108898E+02    0.837042304100946599E+00    0.116163778592218853E-02    0.365386797654011571E+04
    0.834250013864794049E+01    0.861815162750982466E+01    0.260837078927893762E+01    0.252782775756214768E+02    0.153175472256299994E+02    0.856318392787459581E+00    0.115111567361347996E-02    0.365386809164065926E+04
    0.847654835347864122E+01    0.615148966253213736E+01    0.245707533954445578E+01    0.256067597198667336E+02    0.153660210594705671E+02    0.850688165083827830E+00    0.154059427996338489E-02    0.365387029056518622E+04
    0.847654835347864122E+01    0.615148966253213736E+01    0.245707533954445578E+01    0.256067597198667336E+02    0.153660210594705671E+02    0.850688165083827830E+00    0.154059427996338489E-02    0.365387029056518622E+04
    0.527270120723859250E+02    0.782273239873660131E+01    0.231522170265792626E+01    0.254780127968079455E+02    0.157635324053765018E+02    0.870739745018691669E+00    0.994572678850941813E-03    0.365387043704355483E+04
    0.256353355691012368E+02    0.605458257978064296E+01    0.242332903168747249E+01    0.252860982035245492E+02    0.155469845047372761E+02    0.868336445343871444E+00    0.175986029116042913E-02    0.365387891988900355E+04
    0.260992366406149685E+02    0.971043170129921052E+01    0.265023461042530606E+01    0.258021815323285750E+02    0.156980569115068391E+02    0.878292711149972760E+00    0.151613471590176553E-02    0.365388283353804218E+04
    0.225917337628809562E+02    0.120405189152957881E+02    0.276732555179958384E+01    0.253985693712818232E+02    0.152496197168097982E+02    0.837134109120873826E+00    0.144027516126896821E-02    0.365388705646487915E+04
    0.571368902816748392E+01    0.141521624932226295E+02    0.282450087181516185E+01    0.252512093112800571E+02    0.150823722057642904E+02    0.837385948819476922E+00    0.166894922784992781E-02    0.365388920035940055E+04
    0.175589433549964724E+02    0.189315174339620853E+02    0.279475931258018306E+01    0.252494745655507060E+02    0.157136970668063114E+02    0.821278190890514348E+00    0.141590518539802253E-02    0.365390628679715473E+04
    0.213097439831402582E+02    0.117589027003477327E+02    0.253379452878505118E+01    0.255622673093642199E+02    0.153018179519525628E+02    0.869625361704833177E+00    0.982664543350522408E-03    0.365392552532943591E+04
    0.461585911556182396E+02    0.679797935488109228E+01    0.238794868098112900E+01    0.256044289450517297E+02    0.159555971988188752E+02    0.827742271398767437E+00    0.152696732110681101E-02    0.365394281976740376E+04
    0.210578742398136072E+02    0.981102477266507655E+01    0.253358145221883158E+01    0.258184134744428491E+02    0.156097522904146828E+02    0.868814679199832129E+00    0.963690703727520387E-03    0.365394418699871039E+04
    0.378482966471031261E+02    0.946904910249331877E+01    0.255094610571744784E+01    0.255508269314309970E+02    0.158049636157839188E+02    0.842663194110968128E+00    0.104621162622772204E-02    0.365395316611443877E+04
    0.224852475674836185E+02    0.602507238758634678E+01    0.230515035374225841E+01    0.250913298219235195E+02    0.158077767280646988E+02    0.854529687732214827E+00    0.180001232341197898E-02    0.365395683382380093E+04
    0.159385336619703963E+02    0.119441886736584255E+02    0.260797737455124867E+01    0.257194874813873895E+02    0.153826189119161931E+02    0.848877512426827963E+00    0.195499568587183693E-02    0.365396055885025271E+04
    0.268051106107544044E+02    0.141542709968196974E+02    0.280927184061378910E+01    0.251474870571418556E+02    0.156514073983775468E+02    0.836508413654534655E+00    0.133220560612750945E-02    0.365396070337398760E+04
    0.137551652573480432E+02    0.949079721527738229E+01    0.249425516121937063E+01    0.257004586739845990E+02    0.155376582022410954E+02    0.882299945440474298E+00    0.146333221195956743E-02    0.365396988951345384E+04
    0.158843263507527972E+02    0.139528205754604748E+02    0.274326018590239018E+01    0.254143197320212728E+02    0.151254776637258903E+02    0.863648527223189744E+00    0.204775695634138713E-02    0.365397808583517508E+04
    0.343373489518386137E+02    0.566415050924631291E+01    0.225120060883529804E+01    0.250834190635130376E+02    0.150883403454158405E+02    0.881662554693537492E+00    0.147414297766767762E-02    0.365398691698676794E+04
    0.446836274095484924E+02    0.989637220280127394E+01    0.240455618651864045E+01    0.251647187040240183E+02    0.158008472067983643E+02    0.849493333197477440E+00    0.116502721273462366E-02    0.365398911504419630E+04
    0.386394164172068670E+02    0.581677150323089709E+01    0.236898124277559896E+01    0.250072869990619751E+02    0.157309703265227760E+02    0.863711629491309529E+00    0.124179343921771638E-02    0.365399377660329719E+04
    0.403574723599639000E+02    0.239795721161126707E+02    0.284573608277993628E+01    0.253551762545839985E+02    0.158478898696766208E+02    0.858069655396572539E+00    0.831627307029704542E-03    0.365399659106931176E+04
    0.160109708053587383E+02    0.739719025324752977E+01    0.243520212929390523E+01    0.251946017562012727E+02    0.156660050770924322E+02    0.878057564030708781E+00    0.164318571505857455E-02    0.365399692602686491E+04
    0.130102653287486536E+02    0.239708129788606215E+02    0.307966975895313455E+01    0.254446067216348730E+02    0.154884193444129803E+02    0.846459657145670286E+00    0.193447150868455986E-02    0.365400019912173229E+04
    0.321001803918782613E+02    0.120398818985721672E+02    0.251725461985120447E+01    0.252397582205484881E+02    0.159543396887877922E+02    0.888260492301447213E+00    0.127163020126170017E-02    0.365401314237529868E+04
    0.176709139626175400E+02    0.247358896336373775E+02    0.284210823043074168E+01    0.257324543380470061E+02    0.154302497270299828E+02    0.894320660984335714E+00    0.149364376199887265E-02    0.365401685573637997E+04
    0.228279682358356979E+02    0.147524382921841628E+02    0.282563354318569759E+01    0.253524630250183272E+02    0.158799905157304231E+02    0.839945408540072158E+00    0.178350960105025120E-02    0.365402826819559368E+04
    0.331448728784125706E+02    0.977848757127257784E+01    0.259888610350515403E+01    0.251385543665220155E+02    0.154918779791364081E+02    0.874384002918118242E+00    0.125502053642939822E-02    0.365404143190509240E+04
    0.109755817778759877E+02    0.213416650380034909E+02    0.302992697327989635E+01    0.256122768789807367E+02    0.156314838067241446E+02    0.877065238226870991E+00    0.139324992016255297E-02    0.365405104187625102E+04
    0.590797790663163838E+02    0.725907904533872106E+01    0.233840390538616205E+01    0.256266193199504286E+02    0.157192206834077979E+02    0.861027322476689227E+00    0.102093439183776431E-02    0.365405714557980718E+04
    0.416282810254623143E+02    0.456661927289770375E+01    0.217329334262848173E+01    0.250972967480104003E+02    0.150838723826099876E+02    0.847431597527368852E+00    0.149081971409638445E-02    0.365406169974378690E+04
    0.428246224692271227E+02    0.146420116688834359E+02    0.267643793616932912E+01    0.251912374599841975E+02    0.156690112013240821E+02    0.825769314163210755E+00    0.135437135270511169E-02    0.365408235149430811E+04
    0.182874894160030514E+02    0.190646045374453088E+02    0.294987020785999876E+01    0.250113086420154502E+02    0.153139560077689154E+02    0.838851023071639501E+00    0.137629633076605468E-02    0.365408543709081141E+04
    0.323548623243862608E+02    0.605805213309775237E+01    0.230452106700618131E+01    0.258412188290080671E+02    0.156132750194545871E+02    0.876047541748566361E+00    0.133356054657372087E-02    0.365408763578455000E+04
    0.229538879910470150E+02    0.957140841935887110E+01    0.244654466834266859E+01    0.258105182056327038E+02    0.158297790869688448E+02    0.871639709698586396E+00    0.122200130073260149E-02    0.365408793428609897E+04
    0.318595536404150295E+02    0.854521252595904102E+01    0.245843269516193041E+01    0.251899046315397612E+02    0.159191907199781753E+02    0.858460606475242360E+00    0.104860379568533267E-02    0.365409341026453785E+04
    0.138408707402488105E+02    0.978331197086964188E+01    0.264756235120692995E+01    0.253461506325011179E+02    0.152481352729675077E+02    0.862249715689193619E+00    0.164418298613032594E-02    0.365409458111748563E+04
    0.214293153232910498E+02    0.668469982505408211E+01    0.236834581593569782E+01    0.256038088793584144E+02    0.153668156319332372E+02    0.871263482211475204E+00    0.129215563809331659E-02    0.365409755766791068E+04
    0.215849918217836461E+02    0.233969976907587096E+02    0.280489104207293272E+01    0.254853139646626659E+02    0.153574097903101432E+02    0.877414874689250279E+00    0.109514847078707360E-02    0.365409842544457706E+04
    0.124343036056427536E+02    0.129511500686719501E+02    0.262417404333465898E+01    0.252101018984330985E+02    0.151521849268861821E+02    0.870064412208825133E+00    0.164946667098676467E-02    0.365410388339024394E+04
    0.343530327072709625E+02    0.186812448427742410E+02    0.273842226952612044E+01    0.253541308309529434E+02    0.155683562829521893E+02    0.853990103900993613E+00    0.203464914746508997E-02    0.365411475034787554E+04
    0.201958169764241262E+02    0.145746382433770982E+02    0.266922106117386582E+01    0.252104702056839436E+02    0.154671948914843256E+02    0.841058805785337871E+00    0.113522543020428811E-02    0.365412462376803569E+04
    0.143139475257472490E+02    0.203399897801985787E+02    0.283203966103617333E+01    0.254475325779738917E+02    0.150589339498082246E+02    0.880136179574380950E+00    0.109799862089473817E-02    0.365412939919234532E+04
    0.181222566143380561E+02    0.149487123969423248E+02    0.263274100582344950E+01    0.256839766586163805E+02    0.159522567722827979E+02    0.849775294554741434E+00    0.129787518649492235E-02    0.365413077136250104E+04
    0.170179306041804814E+02    0.180763560424256511E+02    0.293177179453655778E+01    0.257325292263839742E+02    0.154691541450732970E+02    0.866691392601043442E+00    0.170605635074314965E-02    0.365415012067281123E+04
    0.217902198892981076E+02    0.881595490645166890E+01    0.253664237873937948E+01    0.250635729138325196E+02    0.159582798982658680E+02    0.874452355033682238E+00    0.150690934440650881E-02    0.365416262234430224E+04
    0.164804441748275963E+02    0.141899925339121111E+02    0.274800289820934118E+01    0.252978704025271561E+02    0.150567803228045527E+02    0.838591462204843596E+00    0.129820088536654939E-02    0.365418293561245173E+04
    0.238748883206635725E+02    0.171208161690774858E+02    0.288038082367178472E+01    0.257121178045824479E+02    0.150201279026354335E+02    0.871983948383662333E+00    0.147393462753021669E-02    0.365418294250865938E+04
    0.240690911963295449E+02    0.164499305747603977E+02    0.272073864159309231E+01    0.256661080326761244E+02    0.154590119006049633E+02    0.843933735002717622E+00    0.173235546338402786E-02    0.365430736498824581E+04
    0.375527291822849918E+02    0.126058688436092048E+02    0.264304616351713095E+01    0.253087421474108289E+02    0.156306855331750612E+02    0.868183418434582355E+00    0.159679077435856106E-02    0.365442122763228281E+04
    0.202614638899423483E+02    0.115253060959409535E+02    0.263919628161484665E+01    0.251360888234957329E+02    0.153446809631349339E+02    0.855956196108500267E+00    0.175679863239361616E-02    0.365426956395717161E+04
    0.370379446405726185E+02    0.200542209194752914E+02    0.277844225990042437E+01    0.250575942899689181E+02    0.158483567171300965E+02    0.853656922070660684E+00    0.176445330269734833E-02    0.365445477747129462E+04
    0.218548053334259222E+02    0.951419653336578719E+01    0.251306862264654463E+01    0.250352424896744559E+02    0.159131419276227142E+02    0.871649681928146514E+00    0.143311531009431676E-02    0.365427078486932987E+04
    0.172264916994583146E+02    0.116922936353600662E+02    0.263909189550824363E+01    0.253679314794381270E+02    0.155879377317060115E+02    0.856481311327669470E+00    0.127399495344729472E-02    0.365428814328452472E+04
    0.149093174243098581E+02    0.140075644692783037E+02    0.266988308716855594E+01    0.255563217083279390E+02    0.154755326424578428E+02    0.844745073733737084E+00    0.132671228120662468E-02    0.365422475126152767E+04
    0.442357836561805939E+02    0.704549098068758273E+01    0.231990686149254088E+01    0.257297564077068657E+02    0.154106153366469023E+02    0.864651768337368232E+00    0.151082401813930367E-02    0.365423698303775745E+04
    0.239916357165217846E+02    0.824297166998496955E+01    0.245587074495017488E+01    0.256776788356818919E+02    0.154969042155152685E+02    0.850410283075474727E+00    0.149241044489158885E-02    0.365426402008169543E+04
    0.211246994259541694E+02    0.115165782257924381E+02    0.252956702699893166E+01    0.255978331642732293E+02    0.152281330660072989E+02    0.868278095192047461E+00    0.139409803126620845E-02    0.365422051601732528E+04
    0.280550874634730434E+02    0.927222554805911336E+01    0.243428739421452489E+01    0.259978885198273062E+02    0.155873197903879195E+02    0.865645122284741442E+00    0.148457347183848787E-02    0.365423745158510246E+04
    0.236597119838288776E+02    0.887654981671619225E+01    0.245307251029325135E+01    0.256763580191702516E+02    0.156161292832745247E+02    0.859650794405988794E+00    0.138578004315755596E-02    0.365427386595141525E+04
    0.307453604695818683E+02    0.135098380199303296E+02    0.257926868563504952E+01    0.256365095433837524E+02    0.158392890930887908E+02    0.868154624299339428E+00    0.134586804970796199E-02    0.365432605417512514E+04
    0.277827883690193076E+02    0.144843082888725991E+02    0.270504992470653338E+01    0.256613441659957431E+02    0.159299482469461662E+02    0.866831209076333598E+00    0.108087917530387111E-02    0.365421963055552078E+04
    0.238514218673341354E+02    0.136089806070384682E+02    0.264041091872548739E+01    0.257128038211603283E+02    0.154115998104700207E+02    0.871069831480705714E+00    0.138341365670618379E-02    0.365438797962938088E+04
    0.447578857634985638E+02    0.161515985419976431E+02    0.275499594782618962E+01    0.256100062904891601E+02    0.152962985636007733E+02    0.850034835558808322E+00    0.176040815909156347E-02    0.365440972162691105E+04
    0.400111954035052975E+02    0.135573719421030070E+02    0.265458643936305538E+01    0.254085211279129659E+02    0.152084096217482134E+02    0.879731899645913251E+00    0.164605739729314590E-02    0.365433866924199856E+04
    0.179073615431376751E+02    0.160249187762822523E+02    0.277015524533315949E+01    0.258684161066548519E+02    0.155661280456521709E+02    0.869936910964314469E+00    0.158225586567998068E-02    0.365440679869211090E+04
    0.454259994752800225E+02    0.185470531007418700E+02    0.282027447190433866E+01    0.256924382105103604E+02    0.152277557443230958E+02    0.866806770305208252E+00    0.121891258727566338E-02    0.365438237714326169E+04
    0.156710648479304062E+02    0.202840241643616679E+02    0.295387915282781499E+01    0.256691873729530116E+02    0.156578132786303126E+02    0.859239921503465842E+00    0.173403744900056493E-02    0.365430123320471466E+04
    0.271941622294625844E+02    0.190481827046601637E+02    0.281571680518429979E+01    0.254123094762793862E+02    0.152583683676053212E+02    0.889461945737439419E+00    0.154771680409917655E-02    0.365425989207614612E+04
    0.477501434849547266E+02    0.281728632002873596E+02    0.288519086408448588E+01    0.253927896844009453E+02    0.153194992141944777E+02    0.883526240004943064E+00    0.140012914697914626E-02    0.365445325195872829E+04
    0.212282242797805267E+02    0.174524964567449885E+02    0.282777761378155024E+01    0.254956740754323974E+02    0.155570686516948218E+02    0.871477454458009948E+00    0.164517469658892425E-02    0.365438328234836808E+04
    0.299105760218139238E+02    0.281138483771199787E+02    0.299665843067598692E+01    0.253754547273735405E+02    0.155560421955989252E+02    0.845974508283265259E+00    0.188350179896515976E-02    0.365438687379594330E+04
    0.210179720888260348E+02    0.259579121826759263E+02    0.304118588123320688E+01    0.255484819432820700E+02    0.157817432821690637E+02    0.884117714079052708E+00    0.148861665737999496E-02    0.365420681733281617E+04
    0.396191803187838190E+02    0.190756752650021468E+02    0.281028114147570429E+01    0.255078922350102992E+02    0.150542285259714959E+02    0.869742162414548159E+00    0.127207385993291272E-02    0.365445983634601043E+04
    0.185239393295806423E+02    0.221045574092969304E+02    0.288868331767179942E+01    0.255425786727108139E+02    0.154307987421785242E+02    0.868896818850324104E+00    0.183250190251907212E-02    0.365438215182132171E+04
    0.308461515493873293E+02    0.176283420508471451E+02    0.282210001640036046E+01    0.252730014229951294E+02    0.154990737822810392E+02    0.880937986644397153E+00    0.124997165539732571E-02    0.365420407332137302E+04
    0.768268207525879632E+01    0.180820695856017721E+02    0.293717883949673420E+01    0.253650992626318583E+02    0.155423780850822535E+02    0.859031207856961521E+00    0.140968767475809290E-02    0.365422973154357214E+04
