    0.199745673210848338E+02    0.108411860299918512E+02    0.251167225867974997E+01    0.179910184120166967E+02    0.823601840661549112E+01    0.104148690392841790E+02    0.764360002324229737E-03    0.393106323633815327E+04
    0.375596556417320713E+02    0.120014908529975450E+02    0.245527934551771798E+01    0.212126774397367441E+02    0.112326818659746461E+02    0.155712789680371291E+02    0.135392185977512014E-02    0.393120311522481052E+04
    0.832431385290935921E+01    0.633243921765750351E+01    0.241440987832370446E+01    0.552964539730894522E+01    0.374027800270856980E+01    0.105418787684841515E+02    0.103313996290138599E-02    0.393123023199927093E+04
    0.397014412881777687E+02    0.839695954005960665E+01    0.223942458203042305E+01    0.236539622086359316E+02    0.441784540042400042E+01    0.851164891820116587E+01    0.166907251739036033E-02    0.393153333879481124E+04
    0.419142031536245518E+01    0.177256447578826837E+02    0.276491080984413884E+01    0.589085317146781229E+01    0.166638135105829743E+01    0.118317487888937301E+02    0.291822462886490164E-02    0.393159732497367395E+04
    0.295270970767617271E+02    0.164031057257316171E+02    0.195115022448792197E+01    0.251216314839761878E+02    0.122916893832596941E+02    0.417117344184892413E+01    0.210931740148716240E-02    0.393160560747398813E+04
    0.329612677501894282E+02    0.135070969691059446E+02    0.244173251999931740E+01    0.168257996038294273E+02    0.446548119034916535E+01    0.865176825079475975E+01    0.831749005933843377E-03    0.393176872079708119E+04
    0.479521639336650622E+02    0.122312101091397984E+02    0.234596224317987723E+01    0.200253477963127366E+02    0.197582888256725964E+01    0.167776542499357646E+02    0.141644612955947602E-02    0.393188285779881016E+04
    0.365589968833545811E+02    0.870976577149771281E+01    0.224592310040187337E+01    0.116406319534275777E+02    0.968556966472064573E+01    0.931772792607523215E+01    0.122477335196841119E-02    0.393193193093299760E+04
    0.212364877182020919E+02    0.153666801102291721E+02    0.258233155865561637E+01    0.366271345417581458E+02    0.146662446713367345E+02    0.936230629179152629E+01    0.109029300706303678E-02    0.393203131610249147E+04
    0.231130936972377867E+02    0.240960938141949388E+01    0.155078254448749098E+01    0.545124582616296482E+01    0.520231380610520766E+01    0.738951228442761465E+01    0.243553623435759092E-02    0.393203494763674735E+04
    0.152799300484889873E+02    0.911821666478150306E+01    0.193053786844010689E+01    0.991582336706107981E+01    0.457296527417901189E+01    0.576915153520425594E+01    0.273681417024120022E-02    0.393211613899392023E+04
    0.353639192480739268E+02    0.126811303374967199E+02    0.238018573123547217E+01    0.622174205960217552E+01    0.264020460293088721E+01    0.115549732415711368E+02    0.112121904459551447E-02    0.393215664236247994E+04
    0.193579797587745581E+02    0.132654914855675745E+02    0.208066959918948413E+01    0.309577225833237435E+02    0.148892672951328002E+02    0.346536606807050829E+01    0.264840884375824870E-02    0.393218200902670969E+04
    0.971109548102253228E+01    0.518334298050817210E+01    0.215976745055938402E+01    0.358748137933410138E+01    0.320560107062019428E+01    0.887640555051249436E+01    0.195394742113313979E-02    0.393221860547498591E+04
    0.313820782350962020E+02    0.145701127560732324E+02    0.198594260926737842E+01    0.174471531778677864E+02    0.960943281258100690E+01    0.285452978367809429E+01    0.220034554169137864E-02    0.393234564659665011E+04
    0.210667039549263961E+02    0.835554370644629429E+01    0.206586751100325561E+01    0.437791200222099164E+00    0.273749418875669326E+01    0.666167687860162161E+01    0.247916510764070730E-02    0.393254987837198678E+04
    0.180622296094783081E+02    0.216667161379383533E+01    0.162614596156947178E+01    0.329780336747696765E+02    0.613394146583974464E+01    0.757851278905184955E+01    0.132453525225821600E-02    0.393260149285855687E+04
    0.227164361441598999E+02    0.597978198353524348E+01    0.165546065758939243E+01    0.151403181401631741E+02    0.276358672849650802E+02    0.103460718335596411E+02    0.249308557459837488E-02    0.393267124718534342E+04
    0.241628634466099541E+02    0.103776739567896392E+02    0.189456857800304013E+01    0.199140992677065043E+02    0.538828473090584037E+01    0.577262279933943478E+01    0.236219983163966918E-02    0.393276249131464556E+04
    0.287139065596437391E+02    0.125873474232561797E+02    0.215279947601933230E+01    0.382198069398177065E+01    0.406872160440119757E+01    0.115457946368961029E+02    0.220474818293131536E-02    0.393289001100636642E+04
    0.287139065596437391E+02    0.125873474232561797E+02    0.215279947601933230E+01    0.382198069398177065E+01    0.406872160440119757E+01    0.115457946368961029E+02    0.220474818293131536E-02    0.393289001100636642E+04
    0.103213318499379731E+02    0.103400542897806922E+02    0.246189166377489510E+01    0.264171933715365270E+01    0.936770780398410707E+01    0.838647499469360014E+01    0.776095200173382294E-03    0.393289105674496113E+04
    0.285317824867649108E+02    0.477871014366538382E+01    0.164977253630473819E+01    0.161243354470412825E+02    0.242356624376265799E+02    0.572703198618599441E+01    0.255738460727540640E-02    0.393291032061208261E+04
    0.141365013278144485E+02    0.100761702494623595E+02    0.218334744079266230E+01    0.139293766318150780E+02    0.746510757199869524E+01    0.100122330589103505E+02    0.244376616139688196E-02    0.393291397003680686E+04
    0.282711387626097803E+02    0.112934648914895597E+02    0.177499656279835838E+01    0.474476340310550526E+00    0.760414950339011853E+01    0.474588986200120466E+01    0.131574312168808438E-02    0.393292667515259291E+04
    0.255461825989374276E+02    0.691234719475693993E+01    0.213460503520175715E+01    0.212248813432727488E+02    0.181381120894151273E+02    0.374179882691945709E+01    0.113014114821163858E-02    0.393293415870231274E+04
    0.259973855240062122E+02    0.194056382751062522E+02    0.221880199361908215E+01    0.202211420682600149E+02    0.542685718281499963E+01    0.114338935759652021E+02    0.566134431703432806E-03    0.393302074303380505E+04
    0.170976875444308973E+02    0.169162898178364003E+02    0.207619816461698870E+01    0.280466451402157873E+02    0.831124708912710020E+01    0.438125878167388105E+01    0.155833493672603851E-02    0.393302527680110506E+04
    0.269068531760610057E+02    0.573278232349155825E+01    0.196808793510015501E+01    0.301762873802061264E+02    0.102432897579672577E+02    0.315003375634852656E+01    0.316436510158848994E-03    0.393305661972559210E+04
    0.124635466402891986E+02    0.347690003905990919E+01    0.146411149941569230E+01    0.290329553455926046E+02    0.228462686317157235E+02    0.117817925371929348E+02    0.185323989671214162E-02    0.393306915158792117E+04
    0.376145236947317159E+02    0.102445705662791440E+02    0.214839559049056961E+01    0.171291666902750599E+02    0.156680756843652045E+02    0.115422337844642300E+02    0.828815848763334029E-03    0.393312956638726610E+04
    0.376145236947317159E+02    0.102445705662791440E+02    0.214839559049056961E+01    0.171291666902750599E+02    0.156680756843652045E+02    0.115422337844642300E+02    0.828815848763334029E-03    0.393312956638726610E+04
    0.385304792125200990E+02    0.103967093424213708E+02    0.174753450174211955E+01    0.625195063174653320E+01    0.131498777285357136E+02    0.561988421183665210E+01    0.164798604806433435E-02    0.393316197737852053E+04
    0.164809388279315456E+02    0.238278316447924787E+01    0.164157919950789144E+01    0.278697546505380522E+02    0.160575715049088217E+02    0.842864108271351320E+01    0.985446308889109668E-03    0.393317860284413291E+04
    0.144084431043580601E+02    0.542392027908578811E+01    0.202122401543778896E+01    0.248731353556832779E+02    0.171971658965618985E+02    0.293048952978751398E+01    0.985234097599263503E-03    0.393317863642854809E+04
    0.333060741684140993E+02    0.174856480211083856E+02    0.232886054181941615E+01    0.131509957960694486E+02    0.393445117033037173E+01    0.856996872520082320E+01    0.135491741778452635E-02    0.393318427038266600E+04
    0.333060741684140993E+02    0.174856480211083856E+02    0.232886054181941615E+01    0.131509957960694486E+02    0.393445117033037173E+01    0.856996872520082320E+01    0.135491741778452635E-02    0.393318427038266600E+04
    0.990248827352550975E+01    0.548256862744364781E+01    0.208990928714061308E+01    0.977210462654761081E+01    0.605439645630455026E+01    0.125170279426173607E+02    0.468469953841185727E-03    0.393322333312150113E+04
    0.327493736410359659E+02    0.663984701090739460E+01    0.185456930717391266E+01    0.168704296398318192E+02    0.409591785725368940E+01    0.787319719443711818E+01    0.226929709207643326E-02    0.393329023131029362E+04
    0.136231768585252269E+02    0.170859768727967811E+02    0.241872557445848013E+01    0.257344381647547564E+02    0.117553640993389727E+02    0.119169964426038302E+02    0.209885832458700516E-02    0.393331648835554051E+04
    0.666837395350651008E+01    0.578193395300362667E+01    0.173801053801307503E+01    0.242601768593769478E+02    0.139338606966342446E+02    0.224179994294189484E+02    0.157488105582309634E-02    0.393331825002506866E+04
    0.978588056466452549E+01    0.823640749438646580E+01    0.199574487861752470E+01    0.514433777248358659E+01    0.544117261491452808E+01    0.140249488161626346E+02    0.245584481820904088E-02    0.393333671217727442E+04
    0.978588056466452549E+01    0.823640749438646580E+01    0.199574487861752470E+01    0.514433777248358659E+01    0.544117261491452808E+01    0.140249488161626346E+02    0.245584481820904088E-02    0.393333671217727442E+04
    0.158140179340648590E+02    0.162084604624039059E+02    0.238032229713257726E+01    0.565504143915760515E+01    0.398954017744861833E+01    0.106519274560213830E+02    0.200934423100469772E-02    0.393336094954267901E+04
    0.461111870082495567E+01    0.920238396305973794E+01    0.200111361461121628E+01    0.132622120446810250E+02    0.481916770645119019E+01    0.399066000704583601E+01    0.426426809386981631E-03    0.393339048426911904E+04
    0.461111870082495567E+01    0.920238396305973794E+01    0.200111361461121628E+01    0.132622120446810250E+02    0.481916770645119019E+01    0.399066000704583601E+01    0.426426809386981631E-03    0.393339048426911904E+04
    0.314176364596850775E+02    0.123445775578462396E+02    0.222517165563000496E+01    0.351516544819422023E+02    0.663370352862219903E+01    0.694017228043107881E+01    0.120006501249159125E-02    0.393343828976290433E+04
    0.127458478973163452E+02    0.856303966247755355E+01    0.196080830561264730E+01    0.229451522253823370E+00    0.377935960857916298E+01    0.501270033063095433E+01    0.236008876124867151E-02    0.393347834078063170E+04
    0.127458478973163452E+02    0.856303966247755355E+01    0.196080830561264730E+01    0.229451522253823370E+00    0.377935960857916298E+01    0.501270033063095433E+01    0.236008876124867151E-02    0.393347834078063170E+04
    0.161478457677882901E+02    0.139553870533052109E+02    0.214796431405164689E+01    0.154269005513498634E+02    0.802991219112338328E+01    0.107418171109001364E+02    0.296209692493748511E-03    0.393352465745497466E+04
    0.161478457677882901E+02    0.139553870533052109E+02    0.214796431405164689E+01    0.154269005513498634E+02    0.802991219112338328E+01    0.107418171109001364E+02    0.296209692493748511E-03    0.393352465745497466E+04
    0.295909180500277174E+02    0.955120048809252609E+01    0.186696815720285758E+01    0.368911855380466847E+02    0.838460487665966880E+01    0.101679508556560467E+02    0.209167508039320715E-02    0.393354536312752953E+04
    0.302101675296757222E+01    0.131294278037432690E+02    0.280217901872127317E+01    0.821181801477801265E+01    0.287718038076674176E+00    0.794567887440788123E+01    0.922887777546871346E-03    0.393356809360503303E+04
    0.302101675296757222E+01    0.131294278037432690E+02    0.280217901872127317E+01    0.821181801477801265E+01    0.287718038076674176E+00    0.794567887440788123E+01    0.922887777546871346E-03    0.393356809360503303E+04
    0.319866322790624267E+02    0.121933699727067673E+02    0.209112226445902394E+01    0.161253409697984615E+02    0.586605948867641658E+01    0.551004191070250826E+01    0.185890245473659121E-02    0.393357321864662890E+04
    0.319866322790624267E+02    0.121933699727067673E+02    0.209112226445902394E+01    0.161253409697984615E+02    0.586605948867641658E+01    0.551004191070250826E+01    0.185890245473659121E-02    0.393357321864662890E+04
    0.370110199772547830E+02    0.120914858980006183E+02    0.214882044485315360E+01    0.169595222068296572E+02    0.517095393568358741E+01    0.132944502299900336E+02    0.104010120116827809E-02    0.393359220510982095E+04
    0.180318211560157451E+02    0.784588603691524966E+01    0.202796135590556581E+01    0.217996408883215373E+02    0.690300644053051560E+01    0.706625111431535657E+01    0.331601915633555899E-03    0.393374232708512318E+04
    0.180318211560157451E+02    0.784588603691524966E+01    0.202796135590556581E+01    0.217996408883215373E+02    0.690300644053051560E+01    0.706625111431535657E+01    0.331601915633555899E-03    0.393374232708512318E+04
    0.151781082238418801E+02    0.993277512554441699E+01    0.227988340711768567E+01    0.483486127063067794E+01    0.219052955394591331E+01    0.133410432521274238E+02    0.129685191036003900E-02    0.393375820049239655E+04
    0.151781082238418801E+02    0.993277512554441699E+01    0.227988340711768567E+01    0.483486127063067794E+01    0.219052955394591331E+01    0.133410432521274238E+02    0.129685191036003900E-02    0.393375820049239655E+04
    0.296750666748257785E+02    0.108885614369825756E+02    0.214965565056403562E+01    0.158195804184323308E+02    0.901889431632520733E+01    0.152259618166034834E+02    0.127677025432354485E-02    0.393376446360497539E+04
    0.703903041597148782E+01    0.107274702256993848E+02    0.246496780838714447E+01    0.753560695005150549E+01    0.697430121465813357E+01    0.263836576952096546E+01    0.550286536591323983E-03    0.393381001168630064E+04
    0.246546031617008197E+02    0.123117367685143506E+02    0.200571508967593282E+01    0.193701212092972668E+02    0.282392255947289206E+01    0.275210279616130560E+01    0.204484853374847786E-02    0.393381170593537809E+04
    0.207103224174757230E+02    0.345823486648220868E+01    0.174139453092317797E+01    0.847311920966023813E+01    0.587348876980462897E+00    0.104695019500280875E+02    0.101424309854503125E-02    0.393382277365396476E+04
    0.284810383516124617E+02    0.889733662202439390E+01    0.206375074232246547E+01    0.118362957313178292E+02    0.221466798323625156E+02    0.127934421667775453E+02    0.858173498696310211E-03    0.393383873265103648E+04
    0.557344650465017910E+01    0.786341026767322759E+01    0.238919007840354469E+01    0.126040778665258753E+02    0.244175658291284980E+01    0.104227893325204519E+02    0.113834740039713000E-02    0.393383918726478214E+04
    0.557344650465017910E+01    0.786341026767322759E+01    0.238919007840354469E+01    0.126040778665258753E+02    0.244175658291284980E+01    0.104227893325204519E+02    0.113834740039713000E-02    0.393383918726478214E+04
    0.305657016034645466E+02    0.326551473157013561E+01    0.162620604783560707E+01    0.539986063152340812E+01    0.156952150168079152E+01    0.748557373540003290E+01    0.173271203272218344E-02    0.393387467700463503E+04
    0.305657016034645466E+02    0.326551473157013561E+01    0.162620604783560707E+01    0.539986063152340812E+01    0.156952150168079152E+01    0.748557373540003290E+01    0.173271203272218344E-02    0.393387467700463503E+04
    0.306374074730266130E+02    0.817751705835222431E+01    0.176308032452787478E+01    0.309094968579766771E+02    0.135266300234137091E+02    0.117550847847778890E+02    0.315295460980496989E-03    0.393387952260128532E+04
    0.306374074730266130E+02    0.817751705835222431E+01    0.176308032452787478E+01    0.309094968579766771E+02    0.135266300234137091E+02    0.117550847847778890E+02    0.315295460980496989E-03    0.393387952260128532E+04
    0.769825814815777232E+01    0.754382438435460045E+01    0.182644319233963093E+01    0.606657808122043107E+01    0.362706757689819392E+01    0.365440946077802664E+01    0.128514872521529044E-02    0.393390880053606270E+04
    0.769825814815777232E+01    0.754382438435460045E+01    0.182644319233963093E+01    0.606657808122043107E+01    0.362706757689819392E+01    0.365440946077802664E+01    0.128514872521529044E-02    0.393390880053606270E+04
    0.119281482118666595E+02    0.476284840964409995E+01    0.157579220815327292E+01    0.253268127427711391E+02    0.104824393421487443E+02    0.142698337378535491E+02    0.131144566584888433E-02    0.393392643616497207E+04
    0.119281482118666595E+02    0.476284840964409995E+01    0.157579220815327292E+01    0.253268127427711391E+02    0.104824393421487443E+02    0.142698337378535491E+02    0.131144566584888433E-02    0.393392643616497207E+04
    0.184068824883154925E+02    0.119321008437111402E+02    0.194958874571595153E+01    0.343805556778398813E+01    0.665751579746721944E+00    0.926979679758800046E+01    0.136698468001221485E-02    0.393399172998871109E+04
    0.184068824883154925E+02    0.119321008437111402E+02    0.194958874571595153E+01    0.343805556778398813E+01    0.665751579746721944E+00    0.926979679758800046E+01    0.136698468001221485E-02    0.393399172998871109E+04
    0.231422403341654643E+02    0.575708488320710909E+01    0.193722540678226540E+01    0.753969495515947230E+01    0.512292488901552812E+01    0.105665645838411741E+02    0.125478094316103239E-02    0.393400239793944820E+04
    0.131187668334159948E+02    0.696171241348845360E+01    0.184635127128280097E+01    0.188041146886277630E+02    0.157243726697562636E+02    0.112479512502220693E+02    0.212768245061696615E-02    0.393402446480713934E+04
    0.217869528639105425E+01    0.169253212265636463E+02    0.246960569322951340E+01    0.561619966053008568E+01    0.225563533015628526E+01    0.720203871617689551E+01    0.619220974208328778E-03    0.393406985638151582E+04
    0.217869528639105425E+01    0.169253212265636463E+02    0.246960569322951340E+01    0.561619966053008568E+01    0.225563533015628526E+01    0.720203871617689551E+01    0.619220974208328778E-03    0.393406985638151582E+04
    0.224767443793471209E+02    0.672177707964031423E+01    0.189204307475186617E+01    0.296373766483357208E+02    0.139727476201127008E+02    0.726929473867146392E+01    0.389810371498100494E-03    0.393407738321509896E+04
    0.296662233136879507E+02    0.907396314591986197E+01    0.178157331175830502E+01    0.329228711351724428E+02    0.158411051992828646E+02    0.991840059267818042E+01    0.653399013858663169E-03    0.393410318842915467E+04
    0.632534735707042728E+01    0.105010559176280207E+02    0.203521613164977344E+01    0.765780641551421581E+01    0.847838162880634627E+00    0.832525530032213723E+01    0.125829358995102614E-02    0.393410355717169659E+04
    0.632534735707042728E+01    0.105010559176280207E+02    0.203521613164977344E+01    0.765780641551421581E+01    0.847838162880634627E+00    0.832525530032213723E+01    0.125829358995102614E-02    0.393410355717169659E+04
    0.143907510455289014E+02    0.741861352112186001E+01    0.199272838249361506E+01    0.403640234529770847E+01    0.510148140574293318E+01    0.955405099560773863E+01    0.205917382818272821E-02    0.393411939125508707E+04
    0.143907510455289014E+02    0.741861352112186001E+01    0.199272838249361506E+01    0.403640234529770847E+01    0.510148140574293318E+01    0.955405099560773863E+01    0.205917382818272821E-02    0.393411939125508707E+04
    0.132201022331219349E+02    0.792038279807049062E+01    0.209494273274503895E+01    0.140415167435712860E+02    0.570180271453264709E+01    0.570819512101371451E+01    0.501655169257556044E-03    0.393413862163534941E+04
    0.739156695495063154E+01    0.854171929073918790E+01    0.203665036996911031E+01    0.186137028428999436E+02    0.160866826593013421E+02    0.848532949112701473E+01    0.211260040383809411E-02    0.393414631330517932E+04
    0.739156695495063154E+01    0.854171929073918790E+01    0.203665036996911031E+01    0.186137028428999436E+02    0.160866826593013421E+02    0.848532949112701473E+01    0.211260040383809411E-02    0.393414631330517932E+04
    0.613979818740162564E+01    0.130269718372947967E+02    0.250800719925081728E+01    0.443558319419028546E+01    0.295006617503128865E+01    0.115780294532257280E+02    0.191722658721740769E-02    0.393415836850968753E+04
    0.613979818740162564E+01    0.130269718372947967E+02    0.250800719925081728E+01    0.443558319419028546E+01    0.295006617503128865E+01    0.115780294532257280E+02    0.191722658721740769E-02    0.393415836850968753E+04
    0.983671353248754521E+01    0.144030307430623097E+02    0.248939357555932350E+01    0.132547069781464479E+02    0.574293167049846520E+01    0.156973979661684009E+02    0.106069850254301989E-02    0.393416388708956310E+04
    0.715997372415454514E+01    0.993013326000452246E+01    0.225400749935730804E+01    0.964384346142970728E+01    0.800406262533814861E+01    0.111888411845972549E+02    0.213635978862723730E-02    0.393416502343429829E+04
    0.134771381950220039E+02    0.869879782465698348E+01    0.217715584263805040E+01    0.102136785483244239E+02    0.872720863282878234E+00    0.441085967977374160E+01    0.796529997520514788E-03    0.393416921882632323E+04
    0.134771381950220039E+02    0.869879782465698348E+01    0.217715584263805040E+01    0.102136785483244239E+02    0.872720863282878234E+00    0.441085967977374160E+01    0.796529997520514788E-03    0.393416921882632323E+04
    0.247023556667144248E+02    0.941075182594730997E+01    0.194938436223177147E+01    0.213651229136470135E+02    0.829968446275422522E+01    0.938112194129190868E+01    0.552620255868843668E-03    0.393423282355942320E+04
    0.119332615014830008E+02    0.450423003289781043E+01    0.163604729220040168E+01    0.298222436765894408E+02    0.847501779170161740E+01    0.879079787800790413E+01    0.145551740716162725E-03    0.393424617997031328E+04
    0.119332615014830008E+02    0.450423003289781043E+01    0.163604729220040168E+01    0.298222436765894408E+02    0.847501779170161740E+01    0.879079787800790413E+01    0.145551740716162725E-03    0.393424617997031328E+04
    0.262781255549958175E+02    0.730720105179195478E+01    0.182243784217319393E+01    0.453220688863396060E+01    0.423129714208020147E+00    0.438415028080745373E+01    0.192726924421489365E-02    0.393425505723444076E+04
    0.755593492192172178E+01    0.434387800321770712E+01    0.171965433687603086E+01    0.781269033469768548E+01    0.524639487489203304E+01    0.207683444941304813E+02    0.188579753499178160E-02    0.393427139054429108E+04
    0.755593492192172178E+01    0.434387800321770712E+01    0.171965433687603086E+01    0.781269033469768548E+01    0.524639487489203304E+01    0.207683444941304813E+02    0.188579753499178160E-02    0.393427139054429108E+04
    0.222491090015767767E+02    0.330254750515809992E+01    0.147845460910867765E+01    0.503046558238445130E+00    0.139730810661600859E+02    0.882294028673841879E+01    0.189777152423739603E-02    0.393428564708582417E+04
    0.222491090015767767E+02    0.330254750515809992E+01    0.147845460910867765E+01    0.503046558238445130E+00    0.139730810661600859E+02    0.882294028673841879E+01    0.189777152423739603E-02    0.393428564708582417E+04
    0.408227896360594045E+02    0.772923902340676783E+01    0.190312029792776327E+01    0.643250335262206718E+01    0.272100027290166269E+01    0.873627032910445322E+01    0.112063975679631278E-02    0.393429257957613845E+04
    0.370894292079319570E+02    0.628512580850262292E+01    0.176858078572062771E+01    0.217834281202020072E+02    0.731520276428688909E+01    0.739479450651639603E+01    0.181871138633010743E-02    0.393432210928116183E+04
    0.370894292079319570E+02    0.628512580850262292E+01    0.176858078572062771E+01    0.217834281202020072E+02    0.731520276428688909E+01    0.739479450651639603E+01    0.181871138633010743E-02    0.393432210928116183E+04
    0.135342778449679457E+02    0.160699863369828151E+02    0.228629239197657519E+01    0.253450164143315746E+02    0.122372443258531050E+02    0.104030026416543091E+02    0.146129070568799813E-02    0.393432479799204248E+04
    0.179451987216055358E+02    0.636985469149973227E+01    0.173416296435416539E+01    0.265272988976793691E+02    0.377701194438962240E+01    0.508127246175371905E+01    0.187179576080842569E-02    0.393434167103404889E+04
    0.179451987216055358E+02    0.636985469149973227E+01    0.173416296435416539E+01    0.265272988976793691E+02    0.377701194438962240E+01    0.508127246175371905E+01    0.187179576080842569E-02    0.393434167103404889E+04
    0.104757566718274724E+02    0.594245695998224743E+01    0.178110185416470257E+01    0.350731511646569771E+02    0.121157048196938106E+02    0.524063786695057399E+01    0.189224045373376226E-02    0.393435352062581023E+04
    0.283384879445260083E+02    0.926147594167429666E+01    0.191703185825622291E+01    0.163802877613916600E+02    0.101094665401016268E+02    0.155121948569501651E+02    0.165463194589628160E-02    0.393435675052777424E+04
    0.182757873499285317E+02    0.657206141599727367E+01    0.186390887983792464E+01    0.154568745797044667E+02    0.722966751640551575E+01    0.117426590205954859E+02    0.362925975660607913E-03    0.393436557422102851E+04
    0.182757873499285317E+02    0.657206141599727367E+01    0.186390887983792464E+01    0.154568745797044667E+02    0.722966751640551575E+01    0.117426590205954859E+02    0.362925975660607913E-03    0.393436557422102851E+04
    0.141937939481216073E+02    0.462441321950941209E+01    0.165137764056257241E+01    0.566121767905119366E+01    0.510383287977324684E+01    0.108301793730506120E+02    0.181864151478902669E-03    0.393440646853830549E+04
    0.141937939481216073E+02    0.462441321950941209E+01    0.165137764056257241E+01    0.566121767905119366E+01    0.510383287977324684E+01    0.108301793730506120E+02    0.181864151478902669E-03    0.393440646853830549E+04
    0.179233276803486135E+02    0.449174113070567316E+01    0.177165000665371020E+01    0.164166119356099145E+02    0.645221170141168088E+01    0.814023067019384783E+01    0.557229259948388567E-03    0.393445278705878718E+04
    0.179233276803486135E+02    0.449174113070567316E+01    0.177165000665371020E+01    0.164166119356099145E+02    0.645221170141168088E+01    0.814023067019384783E+01    0.557229259948388567E-03    0.393445278705878718E+04
    0.730485163471293575E+01    0.221745121930361755E+01    0.151796483376821545E+01    0.138630819569524455E+02    0.227907601537789404E+02    0.463898533112204614E+01    0.111673043031346175E-02    0.393446222958017279E+04
    0.730485163471293575E+01    0.221745121930361755E+01    0.151796483376821545E+01    0.138630819569524455E+02    0.227907601537789404E+02    0.463898533112204614E+01    0.111673043031346175E-02    0.393446222958017279E+04
    0.129183972788372259E+02    0.424924280456484471E+01    0.183678607670894101E+01    0.168353678033112573E+02    0.436163031327528916E+01    0.427473061545751953E+01    0.774192583050725691E-03    0.393446322074670479E+04
    0.129183972788372259E+02    0.424924280456484471E+01    0.183678607670894101E+01    0.168353678033112573E+02    0.436163031327528916E+01    0.427473061545751953E+01    0.774192583050725691E-03    0.393446322074670479E+04
    0.671562325600218735E+01    0.911044998205895240E+01    0.206947425543806318E+01    0.369320693251843934E+02    0.181966022839938262E+02    0.651688709899029739E+01    0.310053575177465790E-03    0.393447931599302274E+04
    0.671562325600218735E+01    0.911044998205895240E+01    0.206947425543806318E+01    0.369320693251843934E+02    0.181966022839938262E+02    0.651688709899029739E+01    0.310053575177465790E-03    0.393447931599302274E+04
    0.166314288691805245E+02    0.494729210485052739E+01    0.182698398403374540E+01    0.253220133500020381E+02    0.278561333005398168E+02    0.105758460372057730E+02    0.599849649199221679E-03    0.393449776975459190E+04
    0.166314288691805245E+02    0.494729210485052739E+01    0.182698398403374540E+01    0.253220133500020381E+02    0.278561333005398168E+02    0.105758460372057730E+02    0.599849649199221679E-03    0.393449776975459190E+04
    0.775589760855147503E+01    0.773535210353583924E+01    0.197639121196928480E+01    0.209030400097399252E+02    0.109358318695090411E+02    0.497118698860640063E+01    0.276457411445149570E-03    0.393450290789075416E+04
    0.775589760855147503E+01    0.773535210353583924E+01    0.197639121196928480E+01    0.209030400097399252E+02    0.109358318695090411E+02    0.497118698860640063E+01    0.276457411445149570E-03    0.393450290789075416E+04
    0.284799150390650837E+02    0.730884768621962344E+01    0.181363419136523651E+01    0.163215123914528561E+02    0.371154870563550698E+01    0.120743815134382189E+02    0.591765421671885949E-03    0.393453765059347870E+04
    0.134556039242710597E+02    0.122961365861314267E+02    0.213097539289213778E+01    0.193581515649290097E+02    0.109589339676334596E+02    0.753425162859265996E+01    0.157408498619310278E-02    0.393454119334563757E+04
    0.174980293237340838E+02    0.897261087817010328E+01    0.184353166211439623E+01    0.560523033352297784E+01    0.861161752325154239E+01    0.472734915239543341E+01    0.990705780304482198E-03    0.393454609700774245E+04
    0.784760845032370824E+01    0.858537879269739967E+01    0.224982375602675022E+01    0.185635617731327720E+02    0.175398071697318585E+02    0.111851658630588986E+02    0.763221046984063900E-03    0.393454621787490669E+04
    0.210920668124143234E+02    0.612576133787659760E+01    0.165665457518590165E+01    0.149036544356419416E+02    0.211341630388960988E+01    0.179003903932426027E+02    0.592582546117631503E-03    0.393456601776609887E+04
    0.210920668124143234E+02    0.612576133787659760E+01    0.165665457518590165E+01    0.149036544356419416E+02    0.211341630388960988E+01    0.179003903932426027E+02    0.592582546117631503E-03    0.393456601776609887E+04
    0.717984753460887593E+01    0.186586820658279855E+02    0.239622340228364461E+01    0.273713500449304235E+02    0.219857201562228397E+02    0.135849430914360898E+02    0.124717500875519416E-02    0.393457599483045124E+04
    0.175115418132256266E+02    0.472296010177014125E+01    0.185735981882150414E+01    0.217867910522945358E+02    0.525396158109940892E+01    0.345067465226673109E+01    0.109673654262847087E-02    0.393460560691795035E+04
    0.592257961115036835E+01    0.165124462943561632E+02    0.235298719040772575E+01    0.866386857311280423E+01    0.689922689933967970E+01    0.790368398892479007E+01    0.142779009884427821E-02    0.393463705232735720E+04
    0.132937653926584023E+02    0.726650351554051888E+01    0.177983006847140124E+01    0.233024236471593582E+02    0.836681108835635357E+01    0.742466353721090133E+01    0.106288666064340009E-02    0.393464499219941808E+04
    0.132937653926584023E+02    0.726650351554051888E+01    0.177983006847140124E+01    0.233024236471593582E+02    0.836681108835635357E+01    0.742466353721090133E+01    0.106288666064340009E-02    0.393464499219941808E+04
    0.106764617260783137E+02    0.972492232800385281E+01    0.222727012432911042E+01    0.109314032534468222E+02    0.170774301549576037E+02    0.125952807814722494E+02    0.142419391275555585E-02    0.393465180355669281E+04
    0.406303489365737125E+01    0.707630871755929469E+01    0.199946963387940624E+01    0.800201100429402956E+00    0.154316034513839178E+02    0.543073218046084261E+01    0.532607397682280381E-03    0.393466468910715093E+04
    0.181383583033490794E+02    0.905391414965815144E+01    0.192591874472504521E+01    0.409972014159422997E+02    0.215291775856001593E+02    0.177578091542043452E+02    0.155057959395576983E-02    0.393467518759070390E+04
    0.877681803838776986E+01    0.661647623990783007E+01    0.188231458569089449E+01    0.185111172681448544E+02    0.663376527444609998E+01    0.175803372005970111E+02    0.179045614439125866E-02    0.393469624422881770E+04
    0.121412768386289933E+02    0.863888310268130155E+01    0.201192691714162342E+01    0.379635062867249786E+02    0.223733474780250319E+02    0.325619164569519937E+01    0.172624309343014093E-02    0.393475379594737024E+04
    0.121412768386289933E+02    0.863888310268130155E+01    0.201192691714162342E+01    0.379635062867249786E+02    0.223733474780250319E+02    0.325619164569519937E+01    0.172624309343014093E-02    0.393475379594737024E+04
    0.850412788800426434E+01    0.114574093609020160E+02    0.230687896637008105E+01    0.545561136482433628E+01    0.629259711746965955E+01    0.164396622724961290E+02    0.157625589555020207E-02    0.393477945121978701E+04
    0.137827791277507359E+02    0.875443127294941092E+01    0.197104163566735657E+01    0.761521777101118413E+01    0.592906193739361864E+01    0.407762943223186980E+01    0.170189256166823621E-02    0.393479382461837031E+04
    0.784650256442325755E+01    0.414081839514816075E+01    0.178600342313391547E+01    0.158177360632947099E+02    0.119306613004294668E+02    0.157056244271595755E+02    0.170830401160965151E-02    0.393479886458496458E+04
    0.186478082804402909E+02    0.935413168684641683E+01    0.200349734342344465E+01    0.323448901416655801E+02    0.140829213910033353E+02    0.112629915589691834E+02    0.111749113701793690E-02    0.393480937266189903E+04
    0.320272194331077564E+01    0.225421175279320387E+02    0.263677030264450440E+01    0.141410723219514836E+02    0.655387853016487298E+01    0.879515515613282517E+01    0.144936565240502691E-02    0.393481880041936256E+04
    0.981096447111504943E+01    0.612735943418256390E+01    0.185507388915265348E+01    0.247007462507366711E+02    0.132268406793183928E+02    0.375204706834313706E+01    0.263383237248893121E-03    0.393482548474215628E+04
    0.227058479513981375E+02    0.853408131095537037E+01    0.188912220937071917E+01    0.278717220190191348E+02    0.218676838427843947E+02    0.111365799307100737E+02    0.120901924451692622E-02    0.393483330687455145E+04
    0.227058479513981375E+02    0.853408131095537037E+01    0.188912220937071917E+01    0.278717220190191348E+02    0.218676838427843947E+02    0.111365799307100737E+02    0.120901924451692622E-02    0.393483330687455145E+04
    0.195753921714713002E+02    0.894833283090160236E+01    0.191822900028654120E+01    0.231628616305445405E+02    0.194896325652136468E+02    0.114476774759826405E+02    0.101641218810610834E-02    0.393483392746303616E+04
    0.124916344981068619E+02    0.433559691482333776E+01    0.159540855748201738E+01    0.226442774636381472E+02    0.203182919393444976E+02    0.160890041971223603E+02    0.679765476411506309E-03    0.393483842272389938E+04
    0.115164687493967115E+02    0.131972123015231197E+02    0.236069710886904494E+01    0.552314243362532764E+00    0.775268726940366193E+01    0.346540272931417803E+01    0.650439667798222154E-03    0.393484090943222145E+04
    0.118726871096250619E+02    0.701317294541349501E+01    0.180520347351092081E+01    0.224640658541711176E+02    0.103413907421300131E+02    0.104643115213177182E+02    0.123912149580045206E-02    0.393484371379381355E+04
    0.215395287024781723E+02    0.473405870358720904E+01    0.173065172687377378E+01    0.176430546185783363E+02    0.160357558519458934E+02    0.137674760426293972E+02    0.154872886258308751E-02    0.393484532935108200E+04
    0.119083684861199064E+02    0.450092306006229848E+01    0.176369418251107213E+01    0.152549382506895874E+02    0.172136286274276458E+02    0.181712842166377335E+02    0.497707807637637334E-03    0.393485345334135036E+04
    0.196192629017066125E+02    0.520088377847367411E+01    0.162407307922901678E+01    0.202429367707134773E+02    0.848138301164693864E+01    0.606377017153410147E+01    0.142016906322871284E-02    0.393487302453746770E+04
    0.196192629017066125E+02    0.520088377847367411E+01    0.162407307922901678E+01    0.202429367707134773E+02    0.848138301164693864E+01    0.606377017153410147E+01    0.142016906322871284E-02    0.393487302453746770E+04
    0.829720923032169111E+01    0.757390583010695639E+01    0.204517804750146315E+01    0.284568935810262360E+02    0.173733218975329216E+02    0.468348780695409417E+01    0.181360156010594575E-02    0.393487444709415468E+04
    0.111257971929846882E+02    0.301089274139411334E+01    0.153227726744212789E+01    0.243493661980271909E+02    0.411690302555468346E+01    0.812490405801238680E+01    0.574946487043759280E-03    0.393488484929412334E+04
    0.777645292790026055E+01    0.371948539801067080E+01    0.178308245541202259E+01    0.226504697985104215E+02    0.916060868963712771E+01    0.117389042501786740E+02    0.742517264054096127E-03    0.393488567740080907E+04
    0.291847227338042856E+02    0.722086915501184468E+01    0.178974891352396437E+01    0.935589113494805780E+01    0.461111126506432534E+01    0.109394149568604835E+02    0.101558683685215589E-02    0.393488845959460059E+04
    0.169252598779113015E+02    0.425567423695162539E+01    0.154669494110795558E+01    0.219233890671362772E+02    0.923092548572320482E+01    0.466042021152779640E+01    0.689329070528710286E-03    0.393489799663385293E+04
    0.124936761695224874E+02    0.795892113953454405E+01    0.200669043154996363E+01    0.821652336011393913E+01    0.759398576870264996E+01    0.552750452721130436E+01    0.162449050444878063E-02    0.393489949392993458E+04
    0.124085389452517560E+02    0.817743037444332543E+01    0.189438739675158674E+01    0.308907852914045655E+02    0.189754761885405685E+02    0.150526530100632492E+02    0.858300889496316222E-03    0.393490591091127908E+04
    0.248143902012902515E+02    0.968590214856870269E+01    0.197270066021577040E+01    0.231141122694314269E+02    0.750919023532536034E+01    0.272699562072418011E+01    0.106972054311711695E-02    0.393490702634910576E+04
    0.168866003173816921E+02    0.366505360248139844E+01    0.166795839260906686E+01    0.296517480299869156E+02    0.813651883560212674E+00    0.520161490473702148E+01    0.861330068824397999E-03    0.393491623079549026E+04
    0.354291771405125075E+02    0.663108845465668573E+01    0.173400484569724322E+01    0.323163502373594458E+01    0.120107953177990154E+02    0.147182428685488951E+02    0.114995475308779516E-02    0.393491802242002404E+04
    0.150942768602388284E+02    0.772295016691781910E+01    0.200600870761761207E+01    0.318182710982326427E+02    0.306878040168750310E+00    0.513115832278873185E+01    0.115476491945397386E-02    0.393492226492470672E+04
    0.598651826732607262E+01    0.128400481414190040E+02    0.232158345784274234E+01    0.119275235918010374E+02    0.998976081478776479E+01    0.198643098816695129E+02    0.616542712714607255E-03    0.393493024976951574E+04
    0.957036597520645849E+01    0.442930171914288806E+01    0.174994543772953071E+01    0.429038253505444942E+02    0.720537879282625937E+01    0.679886523961168887E+01    0.474269318106776416E-03    0.393494098550574654E+04
    0.137380263416453712E+02    0.808698621498959369E+01    0.195993502353222393E+01    0.450068851077388672E+02    0.144035914732116126E+02    0.669390802587217237E+01    0.765099250901860040E-03    0.393497252144308504E+04
    0.319377452429923849E+02    0.605976214051685513E+01    0.173952899174968145E+01    0.180466467752829267E+02    0.994183888980533226E+00    0.784676736599278879E+01    0.109682129828538033E-02    0.393497746600117262E+04
    0.125414192786037688E+02    0.929345830574471421E+01    0.199295081455886414E+01    0.753592590825485953E+01    0.154171486030637572E+01    0.121267733615481905E+02    0.127745341761029141E-02    0.393499812966569743E+04
    0.603729560024005139E+02    0.484824330388200053E+01    0.157253976463807477E+01    0.234006873383582565E+02    0.528542333242323625E+01    0.584213103775200882E+01    0.955625468537335543E-03    0.393500338845256374E+04
    0.947146198195473055E+01    0.708226830878777669E+01    0.208484637329959988E+01    0.178422452384161545E+02    0.392460394339336949E+01    0.335074077924360436E+01    0.750011775012299209E-03    0.393500531718180628E+04
    0.168717406398443188E+02    0.106169788840728252E+02    0.209484609335356087E+01    0.328689191616848149E+02    0.197826320851516932E+02    0.333706153546941220E+01    0.101289667317881749E-02    0.393501178686372123E+04
    0.968996980584786627E+01    0.690043216234902435E+01    0.205139563938468683E+01    0.767427421969992096E+01    0.108973170935469028E+02    0.596920676159091901E+01    0.135382192026912984E-02    0.393501825654430559E+04
    0.116636200957390255E+02    0.643566949463281368E+01    0.198223520778090778E+01    0.112660599818648990E+02    0.108865497867890362E+02    0.118176238811091601E+02    0.110903502504292040E-02    0.393502970417855659E+04
    0.840301945535167683E+01    0.751003125873709543E+01    0.206324975369320374E+01    0.185705002620751358E+02    0.198458137911754093E+02    0.787815513003315004E+01    0.163157438818287148E-02    0.393503418083436418E+04
    0.171269108691939955E+02    0.515456781562529009E+01    0.163738962135205468E+01    0.318075781703031790E+01    0.280516308899358080E+01    0.900031545371211550E+01    0.876289313898798161E-03    0.393503613132786722E+04
    0.168121937082555704E+02    0.657550560885045421E+01    0.190008613572606566E+01    0.288851921722824194E+02    0.370534139098344806E+01    0.494963642075507604E+01    0.114258386808575862E-02    0.393503908297048292E+04
    0.175603784509083383E+02    0.262269127765395371E+01    0.144504152057078472E+01    0.238189155098031584E+02    0.870786246804238750E+01    0.442520445252199757E+01    0.796648146270506619E-03    0.393503927237590551E+04
    0.745482280664735875E+01    0.122966633136011509E+02    0.234873329056605717E+01    0.111228613879843437E+02    0.380182473255559472E+01    0.884884334469512623E+01    0.109641798194055895E-02    0.393504116861657712E+04
    0.651188937619978780E+01    0.833157355016293799E+01    0.216503880315348862E+01    0.136092805376949695E+02    0.122706831784422725E+02    0.593925549341006231E+01    0.640801859597639467E-03    0.393504308295891315E+04
    0.198745969533273978E+02    0.497565058114173375E+01    0.169183663541756779E+01    0.663848035173574758E+01    0.352232925349192794E+01    0.783848296166036285E+01    0.700893943492555960E-03    0.393508538573087571E+04
    0.784635089815363695E+01    0.585802980361983661E+01    0.193906980119460215E+01    0.159549608402745235E+02    0.887904119710336026E+01    0.672773734716689020E+01    0.608597217429160398E-03    0.393508979823180107E+04
    0.267997532059814816E+02    0.405465703876913253E+01    0.161918377836546079E+01    0.300810755084982482E+02    0.613822906059044904E+01    0.515786776033582406E+01    0.993171212357632505E-03    0.393509225775307277E+04
    0.301450448399961175E+02    0.707041096382056988E+01    0.178537438907459012E+01    0.232864348142049025E+02    0.144452753558807867E+02    0.314136903122083400E+01    0.140889223524059970E-02    0.393510243125245097E+04
    0.203414499412601479E+02    0.644177621906775233E+01    0.175639371163096336E+01    0.948429414820257577E+01    0.244236530229579252E+01    0.799731734772363900E+01    0.114370090750813558E-02    0.393510897007642734E+04
    0.951778473831124927E+01    0.652506456204380658E+01    0.197908450743438369E+01    0.191740607026073242E+02    0.961589611588804694E+01    0.894347797757005480E+01    0.755995826941455173E-03    0.393511083780542231E+04
    0.664380033735440900E+01    0.644207829682684707E+01    0.197776333886098499E+01    0.194874422050817380E+02    0.876206076533638623E+01    0.952674112660053929E+01    0.576869311194272427E-03    0.393511665153618105E+04
    0.781020056208274482E+01    0.549617458136504666E+01    0.179902910278057426E+01    0.383895961250326110E+02    0.133879679460051424E+02    0.642478661153409458E+01    0.865870100514337659E-03    0.393512640483011455E+04
    0.596556037938476891E+01    0.527512659669335626E+01    0.179912744910138045E+01    0.172996745673058498E+02    0.173401550774539857E+02    0.374134536470044132E+01    0.111832049430449221E-02    0.393513167927379709E+04
    0.145821123284059588E+02    0.709013149080978788E+01    0.186949652644238551E+01    0.231526377530947016E+02    0.132054517519833574E+02    0.167530162947971881E+02    0.134434734237402764E-02    0.393513634211293356E+04
    0.127303900738641023E+02    0.828507103433248027E+01    0.195977186358810429E+01    0.781899518774642921E+01    0.848158265439289494E+01    0.181213299444136737E+02    0.107234696573341171E-02    0.393513992617717304E+04
    0.216912803871454543E+02    0.409053973955482952E+01    0.161618989543267499E+01    0.185573566689212619E+02    0.202969188635010278E+01    0.957371071063222523E+01    0.777947118671462601E-03    0.393514004506959873E+04
    0.184580573464519659E+02    0.669446165780877145E+01    0.181433342215274562E+01    0.278630222370223422E+02    0.277757065075383069E+01    0.135858348515035114E+02    0.117835355721837565E-02    0.393514155088952339E+04
    0.244014430519631986E+02    0.494328670934456404E+01    0.163392686772252071E+01    0.160237957241779831E+02    0.697658882693745763E+01    0.166388327068931545E+02    0.132855633904964410E-02    0.393514631219083140E+04
    0.760522088438901278E+01    0.518244842288746455E+01    0.185983646160957417E+01    0.525753546730749406E+02    0.463605280958087196E+01    0.884005933737563510E+01    0.636357072097984422E-03    0.393516039856483712E+04
    0.107032042600480199E+02    0.392241892104556733E+01    0.166525030006166164E+01    0.412149456822089491E+02    0.203518621696000039E+02    0.646064249020973946E+01    0.702478562369393544E-03    0.393516247878964077E+04
    0.287645779577954173E+02    0.475150487036134361E+01    0.158931646267812221E+01    0.161730749648988912E+02    0.131946558930592648E+02    0.145598426551031483E+02    0.894962333630067164E-03    0.393516294757700825E+04
    0.125185963959836677E+02    0.418171778643677516E+01    0.164848115046278454E+01    0.407951091207920502E+01    0.111326365447239066E+02    0.685850900175326572E+01    0.731772875080277663E-03    0.393519104409185729E+04
    0.689570052145874435E+01    0.916794457182875888E+01    0.211493262852606190E+01    0.250585336485539756E+02    0.231024314069635395E+02    0.687545879986718678E+01    0.768163877170879861E-03    0.393519870572712898E+04
    0.191338931829451226E+02    0.626001666828019054E+01    0.176250666021792135E+01    0.223604815525956582E+02    0.415988123121151609E+01    0.383451264042170026E+01    0.126765260840805416E-02    0.393520663844510636E+04
    0.574112161269143595E+01    0.112635574937233471E+02    0.235119528714424764E+01    0.106023120930201564E+01    0.757119541798819995E+01    0.758531585968819311E+01    0.130088375910554499E-02    0.393523325680081462E+04
    0.929155456806780222E+01    0.614126330621567451E+01    0.192423145719856015E+01    0.247172012755195212E+02    0.468484370406697703E+01    0.892840970950932977E+01    0.778108690570863959E-03    0.393523443882041647E+04
    0.889737271347001268E+01    0.570109632596481308E+01    0.194102614190674205E+01    0.143461686205626862E+02    0.800823366997968833E+01    0.271911642294329958E+02    0.100879856698610215E-02    0.393524214434750047E+04
    0.116315051045162487E+02    0.575673560478393043E+01    0.184877357980157031E+01    0.153538875934720771E+02    0.105250666092677605E+02    0.145077510528722318E+02    0.139025518852292640E-02    0.393525001574135649E+04
    0.401708503385910021E+01    0.990238817434548935E+01    0.220528144711264451E+01    0.151110225368051232E+02    0.682581417965641535E+01    0.340473424690008342E+01    0.161337250124458931E-02    0.393525995887410227E+04
    0.117912565664218896E+02    0.498929640764541649E+01    0.173542737227114863E+01    0.122846474779193322E+02    0.144156549897687114E+00    0.829217992988827035E+01    0.821557409763765123E-03    0.393526606247701966E+04
    0.233363816385283727E+02    0.410810509989076067E+01    0.158401094983977697E+01    0.123121355129383829E+02    0.158595217251826437E+02    0.199327621024539638E+02    0.105532107720805735E-02    0.393526718917944663E+04
    0.946521543416781874E+01    0.504806651411949936E+01    0.181446474358761334E+01    0.331445513470727775E+02    0.972537371099142334E+01    0.849759797340363932E+01    0.788782307857324727E-03    0.393527586505620093E+04
    0.511575969230223127E+01    0.522443993666331430E+01    0.191951893781527305E+01    0.169433745744034496E+02    0.822135754420870768E+01    0.110172491198181568E+02    0.119986322996447348E-02    0.393529833174832447E+04
    0.505027822012431127E+01    0.759255496865338664E+01    0.209380932708849388E+01    0.197431870385467185E+02    0.129335686721079295E+02    0.165720476141615123E+02    0.145819429692602143E-02    0.393530197378735920E+04
    0.958443581504510256E+01    0.610974821953792269E+01    0.191859898454290256E+01    0.215932774501650755E+02    0.130623118796790685E+02    0.162645240231490327E+02    0.133681354232637051E-02    0.393530314925764287E+04
    0.280253576958854111E+01    0.105060980944515840E+02    0.245976400375710824E+01    0.155031592389787107E+02    0.545742703373820159E+01    0.100096122591980148E+02    0.897390056141714187E-03    0.393531233707359297E+04
    0.112188477378193845E+02    0.592660474471154153E+01    0.183662924029585906E+01    0.342791543145399089E+02    0.266740012976793395E+00    0.123532785617594332E+02    0.915985732092908234E-03    0.393531233885831261E+04
    0.851556534080027028E+01    0.910661075238449946E+01    0.210924992001845180E+01    0.184680429003227147E+02    0.360734606682333769E+01    0.388345908055282374E+01    0.128040383928905432E-02    0.393532215151204309E+04
    0.710516223523149471E+01    0.819147500987987698E+01    0.204649339899079852E+01    0.169067659227144986E+02    0.127120565080819414E+01    0.933864115820929896E+01    0.100163071437892048E-02    0.393533784205237089E+04
    0.144522219281909567E+02    0.408024764565929488E+01    0.164204563047025554E+01    0.252147258887568739E+02    0.457177436559142247E+01    0.349341491682230210E+01    0.131943470126157092E-02    0.393538737605736515E+04
    0.550792706734222381E+01    0.669319008399436743E+01    0.203336484358802894E+01    0.111611629272737183E+02    0.414625546143341239E-01    0.778099441881188358E+01    0.973678981310455161E-03    0.393542415392422026E+04
    0.585024532406131126E+01    0.618242692140720607E+01    0.194512592283779640E+01    0.194845499421658985E+02    0.230185446681013639E+01    0.517416663836080204E+01    0.122959501332257914E-02    0.393532860861872041E+04
    0.140674106669141601E+02    0.645171559274516504E+01    0.176820817052592938E+01    0.149528499031955917E+02    0.839595392674642937E+01    0.301736896313296743E+01    0.925988031335450712E-03    0.393558844930662599E+04
    0.566647400181647054E+01    0.771103129152597866E+01    0.207264618808970003E+01    0.213619227456997827E+02    0.332816721959463013E+01    0.546158385826470916E+01    0.102001655907767164E-02    0.393542276972637683E+04
    0.582358425272706182E+01    0.845076879172476048E+01    0.209793753799088289E+01    0.794851828471896926E+01    0.119171960006161903E+01    0.532674038206824996E+01    0.111805775555892661E-02    0.393538972687747446E+04
    0.977705820664683856E+01    0.482591554160061165E+01    0.178552223534853738E+01    0.334820316039453871E+02    0.675804702442225569E+01    0.754029329595136755E+01    0.975476601183827841E-03    0.393535442007041274E+04
    0.196191875528309012E+01    0.124031750200198694E+02    0.248977006592938288E+01    0.743835721259893567E+01    0.771456593977661065E+01    0.866367529785220292E+01    0.111915661290741542E-02    0.393547132666951393E+04
    0.420630876464725834E+01    0.125956695786817860E+02    0.242640192587198511E+01    0.177775095299701533E+02    0.817518188991888195E+01    0.699532274555376521E+01    0.114414545206879825E-02    0.393542557394782307E+04
    0.540125055981094437E+01    0.118442510288540621E+02    0.235542692280778398E+01    0.820172957210883702E+01    0.381077671907166060E+01    0.114426886670628996E+02    0.115050113174786084E-02    0.393533442187997252E+04
    0.249732258922534278E+01    0.125781832174425858E+02    0.255223470527455731E+01    0.563022884468653029E+01    0.146656879816897767E+02    0.649212899708554758E+01    0.104993694328185672E-02    0.393546047419185516E+04
    0.554983611059437454E+01    0.105417429650624381E+02    0.221681266024301848E+01    0.208362986337816878E+02    0.441626791809317254E+01    0.141115346902384697E+02    0.128181572062334437E-02    0.393532241633925787E+04
    0.368335026668059573E+01    0.116547525787120225E+02    0.235808431126805162E+01    0.501642570280034334E+02    0.837047536671332182E+01    0.110275484237356807E+02    0.105723103233860971E-02    0.393546452140185511E+04
    0.173098998145215432E+01    0.984394711926076482E+01    0.234226684053166290E+01    0.425205735793604767E+01    0.742186357813942799E+01    0.323041411862964578E+01    0.143595712400278186E-02    0.393553552648524692E+04
