    0.252920622277887661E-96   -0.349175646636673946E+04    0.850120325221963569E+01    0.167320363587921883E+01    0.891926315831780414E+01    0.107456702218058808E+00
    0.161148616728191371E-94   -0.350013197606720178E+04    0.256425852564362566E+01    0.956176667190341512E+01    0.388543986017280218E+01    0.106852472425355893E+00
    0.140725502710841909E-87   -0.353216380239411410E+04    0.652087871126011631E+01    0.782472784388827414E+01    0.473486348315334205E+01    0.417182998152041407E-01
    0.468245060451688920E-81   -0.356226585135406367E+04    0.514664875825814150E+01    0.361123066865362707E+01    0.487288351010042931E+01    0.424632462600313954E-01
    0.202887072868300626E-80   -0.356526500368802226E+04    0.113579138510764359E+02    0.262110916097592250E+01    0.593156698388792947E+01    0.102922486957128134E+00
    0.813960598153717893E-64   -0.364179291818379716E+04    0.157063991355405559E+02    0.717173385717705703E+01    0.181415152413602954E+01    0.856370212796280228E-01
    0.533776872188228021E-63   -0.364562088693581427E+04    0.197396196150026793E+01    0.652111578174944562E+01    0.728582953034795011E+01    0.977019189694605661E-01
    0.701182756822876935E-57   -0.367386415602339912E+04    0.953271520518514714E+00    0.492892311796317006E+01    0.413379199725810409E+01    0.456484128876089024E-01
    0.326320096416867606E-56   -0.367700621333342588E+04    0.333614469254926105E+01    0.271248453639754539E+01    0.730712362610825750E+01    0.955594683366776110E-01
    0.363150825370909663E-55   -0.368189192909484655E+04    0.583043735114930861E+01    0.468240732917928604E+01    0.889008395889482017E+01    0.952194245934658845E-01
    0.375104648766995545E-55   -0.368202336937263044E+04    0.191152549144604720E+02    0.277264256302629075E+01    0.541674785377238521E+01    0.952103472086023306E-01
    0.158922211166224661E-53   -0.368958279599954903E+04    0.605826441804054205E+01    0.885652712233830997E+01    0.515436988661214279E+01    0.461604149547314435E-01
    0.645133623022105780E-51   -0.370166188827471115E+04    0.140769533917685195E+02    0.120000525945315495E+01    0.434402971905323909E+01    0.938224391709865380E-01
    0.982564825784527307E-51   -0.370256997265976497E+04    0.185107301770798394E+01    0.542411226840719429E+01    0.241212689662495272E+01    0.901284236012447337E-01
    0.485532354038844197E-49   -0.371043713890672507E+04    0.872674089383508544E+01    0.924638425178672563E+00    0.823931722127314359E+01    0.931921954251713203E-01
    0.343433897568192260E-48   -0.371441647321745540E+04    0.232380872076527378E+01    0.175219096515000339E+01    0.803863085113743381E+01    0.929035987791275719E-01
    0.106287779778174050E-47   -0.371674262139767052E+04    0.182940149307250977E+02    0.267808973789215088E+01    0.303429007530212402E+01    0.926376581192016602E-01
    0.393329602768391334E-47   -0.371942628331488459E+04    0.162220380062206750E+02    0.963120675524184122E+01    0.218393926194780619E+01    0.868197860129906740E-01
    0.959886198307874096E-46   -0.372588245374703183E+04    0.406202958942816394E+01    0.875577467763088713E+01    0.647759199890244020E+01    0.920629616377552917E-01
    0.742627395519564428E-45   -0.373004104999650826E+04    0.658046364011768858E+01    0.707941575981779359E+01    0.276926520944484977E+01    0.907918575670534356E-01
    0.291988819161420494E-39   -0.375587177993625482E+04    0.162999351965967456E+02    0.131871066451790564E+01    0.265295652038134477E+01    0.896347185207460040E-01
    0.578537152336306530E-34   -0.378033187204370734E+04    0.137899449886571190E+02    0.846818969944358635E+01    0.728940723224046039E+01    0.496880887726978138E-01
    0.409058722513668248E-33   -0.378431042080666202E+04    0.345198784739392250E+01    0.881504871940994050E+01    0.747736678208263328E+01    0.875203735747196454E-01
    0.896660402917103750E-33   -0.378594672442681713E+04    0.126712440254791368E+02    0.710451039055707145E+01    0.490887682438509998E+01    0.873858298649867749E-01
    0.716214274631631088E-32   -0.379016916565972315E+04    0.179928867944462034E+02    0.194065115646793629E+00    0.262997710221709724E+01    0.870110544183069212E-01
    0.244079768570322393E-29   -0.380189837429195768E+04    0.456533060030185833E+01    0.499795610665407075E+01    0.635560893244272762E+01    0.860423817786257761E-01
    0.151290329778577198E-27   -0.381021879255519161E+04    0.510783484462865189E+01    0.784861305219281302E+01    0.897454618243190794E+01    0.853194794241489696E-01
    0.526176582512627591E-27   -0.381277833154199243E+04    0.119094312403154401E+01    0.832777284001450191E+01    0.752307230634488988E+01    0.850937185915769945E-01
    0.588190583455711141E-27   -0.381306782651327285E+04    0.163441298411225127E+02    0.166715623452927031E+01    0.490474766358113534E+01    0.512842342605850376E-01
    0.358215986466005249E-24   -0.382595817394135338E+04    0.609428438609494982E+01    0.576838981601879208E+01    0.287164219917493924E+01    0.522022390113294765E-01
    0.926998749366848020E-23   -0.383253164298963884E+04    0.106466118010506872E+02    0.855960267643258632E+01    0.769087160289125649E+01    0.832897878131209080E-01
    0.130734348562409431E-22   -0.383328591019082569E+04    0.158571909391634396E+02    0.659056281721756232E+01    0.605078448098998933E+01    0.832188277843401991E-01
    0.225591980491469711E-21   -0.383904886820510637E+04    0.893624156997161201E+01    0.882611985017221201E+01    0.247974196958196735E+01    0.544437741339032222E-01
    0.325061702194762944E-21   -0.383984610896315644E+04    0.163592515821981905E+02    0.603032959603238350E+01    0.402693529496108837E+01    0.825841893489840384E-01
    0.331488032140112300E-21   -0.383995192900905477E+04    0.159304624840291496E+02    0.495160057876634030E+00    0.273006201150463568E+01    0.825283187077738845E-01
    0.980588548972170785E-20   -0.384679288835119678E+04    0.764274899171190114E+01    0.563409633062547144E+01    0.824852784697955599E+01    0.532374873724725806E-01
    0.266432780282552671E-17   -0.385806900363308523E+04    0.113919541151088772E+02    0.332053585043443578E+01    0.602299276830060037E+01    0.539888254513563037E-01
    0.139777157012459205E-16   -0.386145069536298388E+04    0.877296269918568861E+01    0.693694785089967514E+01    0.234197902173596617E+01    0.568635562317205689E-01
    0.137010944459443556E-14   -0.387068772518237802E+04    0.599681214553229314E+01    0.196846395653809614E+01    0.177666288864031330E+01    0.690815478253965498E-01
    0.156237648879595446E-13   -0.387562219689327048E+04    0.528080269325488061E+01    0.453914450635413758E+01    0.271611111030278707E+01    0.558478341616552854E-01
    0.346331682767374517E-13   -0.387728090095647258E+04    0.194732094374969904E+02    0.694715077541505011E+01    0.861204905445093516E+01    0.786201797762546839E-01
    0.445940777335418138E-13   -0.387785314606388010E+04    0.269867672515656243E+00    0.609119097873385940E+01    0.601978973493894287E+01    0.554836831971721178E-01
    0.174512112707786279E-12   -0.388064859890867865E+04    0.986117414458858654E+01    0.487451105235176918E+01    0.661355760346736687E+01    0.782192866987412305E-01
    0.529835286923267016E-11   -0.388754157981297885E+04    0.276074188498313333E+01    0.601977485207385032E+00    0.203129060724518951E+01    0.757826406893782334E-01
    0.158163115809835739E-06   -0.390821621880994553E+04    0.292684434530819315E+01    0.309058896320794307E+01    0.494148042719348268E+01    0.744310408390800315E-01
    0.555366058386178332E-06   -0.391079488664052224E+04    0.120360363884557375E+01    0.532241181624109672E+01    0.621433008810045706E+01    0.588603306589694508E-01
    0.649196392022755227E-06   -0.391117376894131212E+04    0.136317483295275608E+02    0.356772646615401756E+01    0.917180952352858725E+01    0.589113017464752975E-01
    0.855804670851749147E-06   -0.391179304937556844E+04    0.700609181043887297E+01    0.758509712132674618E+01    0.535114090447947000E+01    0.738406395342983135E-01
    0.131286018948335688E-05   -0.391271555849234255E+04    0.643533222784544723E+01    0.510818517130673122E+01    0.464434248463557076E+01    0.591129371633416500E-01
    0.129972970625655781E-05   -0.391276212159234547E+04    0.145140262710136980E+02    0.371992755843130363E+01    0.474277161367791855E+01    0.591211306977754703E-01
    0.187028556956856406E-05   -0.391355665787025509E+04    0.200013637542724609E+01    0.291318953037261963E+01    0.246361732482910156E+01    0.686731338500976562E-01
    0.204950626481304351E-05   -0.391380634011192751E+04    0.131582750588932385E+01    0.231498165686276947E+01    0.956971271115620681E+01    0.734868488188407110E-01
    0.233037279693588263E-05   -0.391412986545010335E+04    0.171470486197343241E+02    0.403092922584893198E+01    0.746731036148458571E+01    0.593212039629309462E-01
    0.422745150139837559E-05   -0.391538767426894992E+04    0.140404112910032666E+02    0.157025512335219192E+00    0.759247867426818246E+01    0.732009767862960015E-01
    0.416010812305998700E-05   -0.391542222440661953E+04    0.173193718852876515E+02    0.613850576120723712E+01    0.497455521195226069E+01    0.731999586129234991E-01
    0.192946972940211265E-04   -0.391855746955628410E+04    0.139517104625701904E+02    0.117348432540893555E+00    0.573523521423339844E+01    0.725969076156616211E-01
    0.437032956775209854E-04   -0.392025932264028052E+04    0.168384684696164335E+02    0.244034036884998740E+01    0.505360381083310273E+01    0.722544944716752013E-01
    0.554679524564067361E-04   -0.392080275311801961E+04    0.136200778846386701E+02    0.583388020652530592E+01    0.579756305843390152E+01    0.721403773616269284E-01
    0.536640743267084163E-04   -0.392080329648453198E+04    0.164342093467712402E+02    0.253672420978546143E+01    0.585379004478454590E+01    0.721392631530761719E-01
    0.609699208782339227E-04   -0.392112523689424688E+04    0.191116733326177943E+02    0.833030019386988485E+01    0.585909727146392001E+01    0.720727094179274275E-01
    0.168605873788892969E-03   -0.392322627004364131E+04    0.166076960126545679E+02    0.283744910808682249E+00    0.463407667961071645E+01    0.716089217900330866E-01
    0.208853583268826115E-03   -0.392372107583904835E+04    0.167449922794264090E+02    0.673462359660250254E+01    0.891051718421557482E+01    0.714946944602861123E-01
    0.465065701308377928E-03   -0.392538883298732708E+04    0.423947014888837259E+01    0.141015854747809666E+01    0.868122412903417739E+01    0.612577782851311259E-01
    0.469079252861842643E-03   -0.392547268575014459E+04    0.238657622447539985E+01    0.105230865903872384E+01    0.778093030354413884E+01    0.710743089610488266E-01
    0.486395153976333834E-03   -0.392561185167829535E+04    0.988341288101829818E+01    0.895803507279807221E+01    0.319078286550986512E+01    0.703632956349717897E-01
    0.565523151827169719E-03   -0.392597997808018772E+04    0.198604567399471961E+02    0.966986796963709772E+01    0.675520721273555580E+01    0.709473617734135420E-01
    0.686711704909043251E-03   -0.392643497139778447E+04    0.993315118697596233E+01    0.591236468961109551E+01    0.752542061442149546E+01    0.708298060588175016E-01
    0.123333198392605310E-02   -0.392767275837487432E+04    0.816134825708477507E+01    0.894825264040357560E+01    0.328161951831220655E+01    0.621367394778618021E-01
    0.180075627533993416E-02   -0.392849639962706442E+04    0.228360692702739732E+01    0.894614890063081347E+01    0.456352042270696501E+01    0.619862654349387920E-01
    0.207369440181630425E-02   -0.392884531633788629E+04    0.205257914039801381E+01    0.398663093314836292E+01    0.608058978351948909E+01    0.620684447077926027E-01
    0.270099653400395585E-02   -0.392944056108430459E+04    0.255970845796971602E+01    0.827946043644396035E+01    0.732078406278714411E+01    0.699816233114856079E-01
    0.476231798202837470E-02   -0.393064145520925740E+04    0.999512274848552806E+01    0.192653443727698770E+01    0.806690189853097195E+01    0.625749271626054870E-01
    0.506689355639668246E-02   -0.393083210867257094E+04    0.495031978262353844E+00    0.474834865298908060E+01    0.686111579663111826E+01    0.626333561853549270E-01
    0.569475385436732460E-02   -0.393113241025035404E+04    0.363513871151860890E+01    0.927622535460037767E+01    0.834938109998406475E+01    0.627279901628823300E-01
    0.572192344670032025E-02   -0.393120859619935072E+04    0.191464956272686280E+02    0.845067301572604634E+01    0.322487066187047589E+01    0.689508083795065119E-01
    0.599929419392639020E-02   -0.393136993649039869E+04    0.634453453101480713E+00    0.354105620600927562E+01    0.352591640065068290E+01    0.635469371081609502E-01
    0.662860939613249805E-02   -0.393163610957718993E+04    0.113557154133767195E+02    0.149593141195315504E+01    0.745891910912841283E+01    0.692390901393507008E-01
    0.688544008984109251E-02   -0.393177880426826778E+04    0.191571249937586039E+02    0.990101334258577737E+01    0.733540559024670813E+01    0.629419179662296102E-01
    0.731859232717819563E-02   -0.393196748884337239E+04    0.465384914590884691E+01    0.287990385569707019E+01    0.826015941598432590E+01    0.630079765868929442E-01
    0.772735350385842824E-02   -0.393214285237529475E+04    0.835962882386345996E+01    0.541980057514034286E+01    0.683354400498215142E+01    0.690449120077938350E-01
    0.775994445966599316E-02   -0.393221793652162614E+04    0.744935332612088885E+01    0.745281995350270421E+01    0.778339819454522086E+01    0.690146789502104063E-01
    0.820377141614747445E-02   -0.393239584078914049E+04    0.736749714289603563E+01    0.650567715507080013E+01    0.319881700622729070E+01    0.680090625416078787E-01
    0.847159689893585768E-02   -0.393252675755469363E+04    0.400126427803760443E+01    0.581517810119904688E+01    0.768978478795385456E+01    0.688889739396307821E-01
    0.837328862631541229E-02   -0.393257007959521343E+04    0.840435253480092115E+01    0.523315516972109229E+01    0.428272394215629149E+01    0.632006608781270351E-01
    0.119009724518821264E-01   -0.393333989306532112E+04    0.939341108009934267E+01    0.423752327138616014E+01    0.508656941817409169E+01    0.635315105365368282E-01
    0.119690089477091817E-01   -0.393341796094406845E+04    0.259464404901304313E+01    0.765135149572996998E+01    0.373779657820681877E+01    0.679536985891366907E-01
    0.121442940876035736E-01   -0.393351370504192573E+04    0.521307336561489976E+01    0.782931027510714905E+01    0.598345460509127847E+01    0.636147401475375407E-01
    0.127569756561232636E-01   -0.393367880929902913E+04    0.143274184762113226E+02    0.534990730168470030E+01    0.622020986988129110E+01    0.683681686325525728E-01
    0.123550885421368148E-01   -0.393368145551297403E+04    0.155352438883637092E+02    0.102550870509593839E+01    0.249864657209801955E+01    0.671957153962616793E-01
    0.125975015537657057E-01   -0.393378698317762974E+04    0.951921394643710173E+01    0.328497561709406982E+01    0.393189260653313610E+01    0.637229688842411157E-01
    0.127079432564719420E-01   -0.393387110733690406E+04    0.126141951461709123E+02    0.665844132944973577E+01    0.737715112974190035E+01    0.682682775458056668E-01
    0.141991810059627060E-01   -0.393415968807575427E+04    0.125427173081392986E+02    0.218560663527948584E+01    0.464242352187125995E+01    0.681235384149516676E-01
    0.141814439000905058E-01   -0.393422385485269115E+04    0.212458662935396303E+01    0.197018041138977451E+01    0.715030845892438549E+01    0.680766964259651441E-01
    0.149432835623840056E-01   -0.393439517671216845E+04    0.110303482455651842E+02    0.728084420521873454E+01    0.363734232561855464E+01    0.678747605633074347E-01
    0.148041720768725248E-01   -0.393444313757740019E+04    0.830763664041888639E+01    0.773547431255600415E+01    0.379025246098454005E+01    0.678677408242636115E-01
    0.143471109248652362E-01   -0.393444708335312316E+04    0.152891158430673393E+02    0.223377557837594720E+01    0.353873675642588736E+01    0.640735286870983689E-01
    0.140023823717690555E-01   -0.393446510780357312E+04    0.123633808967994376E+02    0.518752450570731050E+01    0.486534191356255796E+01    0.679566433653975288E-01
    0.166576643404837306E-01   -0.393487906036366167E+04    0.919924950449638956E+01    0.853444627904065101E+01    0.363876104664239364E+01    0.644704425656605906E-01
    0.162753401043737277E-01   -0.393489928833825888E+04    0.982676888903544210E+01    0.512810853560383606E+01    0.320142517818113248E+01    0.665801104868934956E-01
    0.159706320053301550E-01   -0.393492815590643113E+04    0.102216940975125219E+02    0.218559479295389769E+01    0.965992500833407064E+01    0.676325963548416453E-01
    0.154922757489812934E-01   -0.393493400262301475E+04    0.374086914495045120E+01    0.266809547639223199E+01    0.608581893777935790E+01    0.676299194442300244E-01
    0.160844115303664763E-01   -0.393507568731786068E+04    0.175492135444197963E+02    0.155615467501514715E+01    0.685886304531495838E+01    0.675244548560527402E-01
    0.157487217366226832E-01   -0.393510017123926946E+04    0.623484894326250849E+01    0.810076919058709066E+01    0.738871252953032354E+01    0.675060477885847110E-01
    0.153011277661055708E-01   -0.393510917257290930E+04    0.159064682878900676E+02    0.122671134977671481E+01    0.453229617063202816E+01    0.675095490204566939E-01
    0.159138769718334336E-01   -0.393525436915602995E+04    0.930455401704005425E+01    0.987463711181834114E+01    0.766213829575199767E+01    0.673824944010257276E-01
    0.154751564037295831E-01   -0.393526512468524106E+04    0.703307245965703309E+01    0.378012918118490404E+01    0.868891936144384758E+01    0.646318549037896428E-01
    0.151028850030302288E-01   -0.393528309107188852E+04    0.190158360042549504E+02    0.226048257942673692E+01    0.323139910914303741E+01    0.647394956352431716E-01
    0.147604629772730301E-01   -0.393530389053921454E+04    0.172482746557437885E+02    0.722855983101691191E+01    0.857105109178159097E+01    0.673401214352060684E-01
    0.144008123749660190E-01   -0.393532122207431030E+04    0.163930786464339784E+01    0.463451536782408713E+01    0.409605751258569839E+01    0.649338607426603875E-01
    0.140107803690907601E-01   -0.393533297362046051E+04    0.665796031073901862E+01    0.877785316631331725E+01    0.393766269253242918E+01    0.672278285058582892E-01
    0.135927071668519757E-01   -0.393533905299017351E+04    0.522763124682589009E+01    0.337388260931436967E+01    0.512809851734440159E+01    0.673194262228338225E-01
    0.131888204431358531E-01   -0.393534539190369924E+04    0.117569787968341544E+02    0.352585101864076822E+00    0.258836349040034364E+01    0.651827367457329387E-01
    0.131202015414384632E-01   -0.393540162579071557E+04    0.761497151334445821E+01    0.911451924034306238E+01    0.395200971160427805E+01    0.672127809250775421E-01
    0.127296567801267173E-01   -0.393540785506922111E+04    0.196748301479454888E+02    0.884007884867959559E+00    0.309597516101887393E+01    0.671370010065941436E-01
    0.124585636196581345E-01   -0.393543146928925853E+04    0.138783122240646133E+02    0.355953942975323567E+01    0.796285700267949537E+01    0.672257812843406466E-01
    0.121817515345400990E-01   -0.393545319761332394E+04    0.643124814053728855E+01    0.927286651460351941E+01    0.760325922383235664E+01    0.647924967213682201E-01
    0.118709646319219760E-01   -0.393546817711120366E+04    0.104380675028995196E+02    0.988098892548328500E+01    0.729576770744202463E+01    0.671919118959174444E-01
    0.114935797415037511E-01   -0.393547023002671949E+04    0.184153077143562136E+02    0.633966593649330790E+01    0.449329694587121686E+01    0.672642359792150479E-01
    0.113705329908004808E-01   -0.393551536986834572E+04    0.189180960457791514E+02    0.862935189668912805E+01    0.532125038627054181E+01    0.648174317249756715E-01
    0.110804175374128819E-01   -0.393553034489678839E+04    0.784595185828840158E+01    0.327454761153929130E+01    0.554030634532943544E+01    0.671371725518477014E-01
    0.109403924410279400E-01   -0.393557157617142002E+04    0.102807596179427847E+02    0.309459686419882374E+01    0.464242951691439032E+01    0.648752896977577986E-01
    0.106795848302373535E-01   -0.393558998741954565E+04    0.151213001053093166E+01    0.849102695173197120E+01    0.619359193104522276E+01    0.670704531151369299E-01
    0.104152166884250788E-01   -0.393560652192763428E+04    0.143551651879920072E+02    0.235748690401457051E+01    0.674074615317996262E+01    0.649425499704425757E-01
    0.103339517116370905E-01   -0.393565752234864885E+04    0.557267766803398246E+01    0.481567087008153205E+01    0.695787877224123363E+01    0.669936707708491674E-01
    0.102081203469459158E-01   -0.393569968653315209E+04    0.186799678725308738E+02    0.908803243886510081E+01    0.520217952707158915E+01    0.649946485443593236E-01
    0.101430539050138997E-01   -0.393575356442157363E+04    0.624781661796182242E+01    0.128998010992398959E+01    0.832901951924342043E+01    0.651120584382460788E-01
    0.993045247806987989E-02   -0.393577786492205951E+04    0.148424195648249158E+01    0.736940427584524915E+01    0.832003893090741187E+01    0.668437132822923274E-01
    0.981137646044164848E-02   -0.393582040465255159E+04    0.652964237745379261E+01    0.223739955136500068E+01    0.733617607660379889E+01    0.652005629287386590E-01
    0.958846243467240122E-02   -0.393584110725975734E+04    0.104636945794367513E+02    0.589516906469813762E+01    0.717467758836696134E+01    0.667553035757613156E-01
    0.933926280982813779E-02   -0.393585510747615626E+04    0.756090101150552485E+01    0.757598203261182768E+01    0.717232404297105219E+01    0.652495857451158567E-01
    0.904898034351465583E-02   -0.393585862366541778E+04    0.189875982275290447E+02    0.539733259296860091E+01    0.718108175581467378E+01    0.652554444674016132E-01
    0.881363104482585369E-02   -0.393587258517863575E+04    0.485501182455226932E+01    0.635220479560217743E+01    0.448316479077690389E+01    0.652357397009060147E-01
    0.864007501056294862E-02   -0.393589947536358522E+04    0.958779184958159192E+01    0.217330788987540124E+01    0.603384397033259035E+01    0.666651626077610082E-01
    0.846943724114022564E-02   -0.393592624763120511E+04    0.895237831496503134E+01    0.648704764273928181E+01    0.971671599766779437E+01    0.666139771618328158E-01
    0.820404077481888885E-02   -0.393592923978843055E+04    0.143969523077650603E+02    0.346657514434503256E+01    0.363753155760076297E+01    0.653223643855627145E-01
    0.796871255050638806E-02   -0.393593769872007942E+04    0.472202471298612192E+01    0.452289358551762799E+01    0.788984646228718844E+01    0.653881511130767201E-01
    0.778364859675064694E-02   -0.393595736990026398E+04    0.975676379508083258E+01    0.338761490413363386E+01    0.517823382927920051E+01    0.665837317389339489E-01
    0.755232715579251188E-02   -0.393596369766445059E+04    0.143969084891474797E+02    0.818034184524622354E+01    0.867493854011150844E+01    0.665415958697515020E-01
    0.738343728919339543E-02   -0.393598513140952127E+04    0.133331120886791883E+02    0.374753513300532948E+01    0.952747723943011593E+01    0.664953812230861807E-01
    0.716588669795272925E-02   -0.393599198311653709E+04    0.346309967977585931E+01    0.458996985090160603E+01    0.873439221300656854E+01    0.654994593498861022E-01
    0.695198592434600679E-02   -0.393599804089434565E+04    0.139121354074715242E+02    0.149029693747706604E+01    0.642273688210784854E+01    0.664675327418711159E-01
    0.673189084669092389E-02   -0.393600036495867062E+04    0.765485718473063059E+01    0.416958227499963030E+01    0.838137117493224792E+01    0.664600917105619970E-01
    0.651437780278899849E-02   -0.393600134290865572E+04    0.169353912568530802E+02    0.632088751459132148E+01    0.348431546346212428E+01    0.658350037017858547E-01
    0.632022542030587740E-02   -0.393600749591839121E+04    0.267701314047272931E+00    0.625316311488680743E+01    0.691317608237856618E+01    0.655361208312064125E-01
    0.611310431052195912E-02   -0.393600752226371515E+04    0.169164886393314085E+02    0.215525152755628380E+01    0.343312839549757243E+01    0.655825955760336310E-01
    0.591661441439902524E-02   -0.393600884829282950E+04    0.102039801044212446E+02    0.189552874305081298E+01    0.773183872291840046E+01    0.664392555357478098E-01
    0.572933358726573916E-02   -0.393601118461093802E+04    0.420784848932800681E+01    0.169463511746584472E+00    0.325232344182751021E+01    0.657135268306063836E-01
    0.556234049730765061E-02   -0.393601869077935226E+04    0.631545851115009160E+01    0.286727048942073903E+00    0.462031217630191193E+01    0.655594164876196484E-01
    0.542929317773218744E-02   -0.393603693741239204E+04    0.175688350059707901E+02    0.654591234089273577E+01    0.965994431114448915E+01    0.663615588964410197E-01
    0.527095911262064759E-02   -0.393604441084940390E+04    0.173694880851139644E+01    0.715133761907120835E+01    0.906223412163743802E+01    0.663381878198716635E-01
    0.511914732264751558E-02   -0.393605262860774656E+04    0.576563241380888858E+01    0.182537692961463049E+00    0.569337633466164839E+01    0.656656542158959855E-01
    0.495574229895355458E-02   -0.393605441343038956E+04    0.156895374829043472E+02    0.447261870408395090E+01    0.882779455981224004E+01    0.663041028349238282E-01
    0.480019294534451361E-02   -0.393605729839591140E+04    0.546370755712201372E+01    0.796565710735536925E+01    0.553442861113652995E+01    0.656226889732700602E-01
    0.464353999352399519E-02   -0.393605760684446068E+04    0.539105390342359314E+01    0.947224030410657569E+01    0.634789422679698134E+01    0.656634273122700396E-01
    0.449660214002589164E-02   -0.393605996356427022E+04    0.159358246493133588E+02    0.230319462885890447E+01    0.779855601365769147E+01    0.656930811177045548E-01
    0.435035403316253767E-02   -0.393606050062525173E+04    0.257892184337950736E+01    0.823098883792849101E+01    0.917504954789627192E+01    0.656954127995608150E-01
    0.421635726729297118E-02   -0.393606459593140835E+04    0.195277430678949138E+02    0.932615215785075691E+01    0.782955495255204426E+01    0.657100192236805825E-01
    0.408085968845854543E-02   -0.393606593484949099E+04    0.949828618190263718E+01    0.698430074016823532E+01    0.677783485044243861E+01    0.662682759584873882E-01
    0.395033784779218970E-02   -0.393606758838049018E+04    0.131929100625472646E+02    0.185598169194705198E+01    0.517548419546026750E+01    0.656877671238660366E-01
    0.382276440088388922E-02   -0.393606860048657654E+04    0.168272028266768885E+02    0.797701677225120509E+01    0.885808978255098722E+01    0.662483980815096185E-01
    0.370381228291159293E-02   -0.393607204477301957E+04    0.124843325378787151E+01    0.253223191552646743E+01    0.785107757157592800E+01    0.662331464347711840E-01
    0.359000151787004871E-02   -0.393607629141841608E+04    0.102354172045476552E+02    0.194691417004456446E+01    0.443212287497480695E+01    0.663061868887218075E-01
    0.347422236431106689E-02   -0.393607739418231222E+04    0.175587471260867218E+02    0.537783067308237861E+01    0.536625539112172234E+01    0.656838904184158245E-01
    0.336095778932389826E-02   -0.393607777148054083E+04    0.187221976244555037E+02    0.966587446245143234E+01    0.751905062988271666E+01    0.662085033685715363E-01
    0.325241788726979286E-02   -0.393607878353790693E+04    0.104077713873487010E+02    0.281160798758092456E+01    0.692112089247986262E+01    0.657734023843135063E-01
    0.315445820354303286E-02   -0.393608428634437814E+04    0.280666775716784778E+00    0.198556072014219787E+01    0.891387130438965158E+01    0.658085489251920563E-01
    0.305301127740411141E-02   -0.393608557631638359E+04    0.192154007547231416E+02    0.652726647155544626E+01    0.814479515978774415E+01    0.658158365484500241E-01
    0.295370592251275243E-02   -0.393608610742151768E+04    0.454107132026126692E+01    0.401567482077654958E+01    0.485715867402953450E+01    0.662405313614851110E-01
    0.297216722124053409E-02   -0.393609893930612270E+04    0.133505239617435620E+02    0.754478172779493494E+01    0.691952286181390619E+01    0.659310551060223737E-01
    0.297566666308021104E-02   -0.393610129272910763E+04    0.906569206102495784E+01    0.934647191369983510E+01    0.666892701652845687E+01    0.659461190635495242E-01
    0.297335061193227139E-02   -0.393609973546264973E+04    0.434061989622213318E+01    0.503091425632782752E+01    0.619792928335262161E+01    0.659104577268612157E-01
    0.297083163447892616E-02   -0.393609804037491540E+04    0.202149556778968575E+01    0.464633390265431157E+01    0.817116260130962502E+01    0.659497270129456581E-01
    0.296821083942353176E-02   -0.393609627524510734E+04    0.198915707348051818E+02    0.677951777669604905E+01    0.711940518393402044E+01    0.659002805800641411E-01
    0.297361725332662445E-02   -0.393609991480876397E+04    0.189701271809687846E+02    0.968304256796356810E+01    0.637549101921710815E+01    0.660914590607593055E-01
    0.295757610482603756E-02   -0.393608909662318592E+04    0.135603394315635324E+02    0.561611761443710122E+01    0.995097862297308566E+01    0.661340952287150508E-01
    0.297133703785994316E-02   -0.393609838058968217E+04    0.816726959795691343E+01    0.107418005257912841E+00    0.562033937031164221E+01    0.660188418548715017E-01
    0.297049963664475529E-02   -0.393609781685744474E+04    0.917866206733429735E+01    0.617946105750201771E-01    0.749680033134343660E+01    0.659463916599665190E-01
    0.298055795293895517E-02   -0.393610457755550260E+04    0.612269378290335631E+01    0.661269626858735382E+01    0.416063661001673246E+01    0.658377488425283541E-01
    0.297249827438921714E-02   -0.393609916206257503E+04    0.124654105765682246E+02    0.323020501728332121E+01    0.446106230460894970E+01    0.656828708796366456E-01
    0.296928520463745141E-02   -0.393609699902847842E+04    0.129173918209840721E+02    0.808609377738213908E+01    0.695384890450255000E+01    0.659005003577497472E-01
    0.296882015992125034E-02   -0.393609668576713420E+04    0.176015589163468853E+02    0.838035034584772731E+01    0.795447243797536885E+01    0.660578420037720715E-01
    0.297603088513692529E-02   -0.393610153751443431E+04    0.739780377096275110E+01    0.236268501813554410E+01    0.486138267390829526E+01    0.661507042607174522E-01
    0.302558924637381065E-02   -0.393613456825386584E+04    0.132844987745006371E+02    0.790846669450846029E+01    0.507778053830491238E+01    0.658472001017151864E-01
    0.296003393179841180E-02   -0.393609075798789127E+04    0.108226717074824599E+02    0.848255336748785460E+01    0.922346946672562140E+01    0.658549709136104777E-01
    0.296895351383241529E-02   -0.393609677560141790E+04    0.720718937001994053E+01    0.198382488506571197E+00    0.734553007469614627E+01    0.659237898487563534E-01
    0.295997158408364608E-02   -0.393609071586109621E+04    0.141310931068383017E+02    0.412151060195803076E+01    0.492515008066098758E+01    0.656960150192196224E-01
    0.296292058011748873E-02   -0.393609270745317372E+04    0.266602541666341875E+01    0.703171741257022997E+01    0.832081467615075709E+01    0.661041203264194355E-01
    0.296594366207352401E-02   -0.393609474702236912E+04    0.542966417810666435E+01    0.636298851156377854E+01    0.982195066787488713E+01    0.658949069740832893E-01
    0.297106957026767879E-02   -0.393609820054976899E+04    0.167107316391040115E+02    0.264003032389104719E+01    0.861812765141347725E+01    0.660177241580925944E-01
    0.297264911956419140E-02   -0.393609926355386870E+04    0.557445199469637220E+01    0.841457035089325700E+01    0.611998358975764489E+01    0.658622441589316043E-01
    0.297590732723644440E-02   -0.393610145447734885E+04    0.407018799466806414E+01    0.184672291516102094E+01    0.494487235561323146E+01    0.660739555415925661E-01
    0.297154899537799451E-02   -0.393609852325270276E+04    0.977863425577388412E+01    0.555438604252855050E+01    0.819519698442812938E+01    0.659677802957958637E-01
    0.297035021753827046E-02   -0.393609771625291160E+04    0.155603592727396878E+01    0.441367466449340284E+01    0.548603260828770445E+01    0.660509070809278676E-01
    0.296175546870908971E-02   -0.393609192083705238E+04    0.163521351989127623E+02    0.384100658024278951E+01    0.797643507742199631E+01    0.661114879057669302E-01
    0.296556935091768416E-02   -0.393609449460032738E+04    0.130229618010556543E+02    0.316253597413994791E+01    0.888472255709366365E+01    0.660839274449767089E-01
    0.298471225403725135E-02   -0.393610736321424110E+04    0.168355920105810775E+02    0.631213392916621929E+00    0.423160906419285965E+01    0.660682969565373757E-01
    0.297079721157852798E-02   -0.393609801720086580E+04    0.164789887400498749E+02    0.998256010760994172E+01    0.817785931392851140E+01    0.660298128758596281E-01
    0.295705358152829932E-02   -0.393608874324633780E+04    0.706599624637946278E+01    0.753183152180676707E+01    0.599907233102699600E+01    0.657832169888916685E-01
