    0.159482059923354775E+02    0.717647588417362314E+01    0.675723970963560383E+01    0.259337319702822455E+02    0.154576073889761041E+02    0.100195813083407259E+01    0.173610047204423830E-02    0.365850247081897351E+04
    0.206043645505788717E+02    0.425826576277721802E+01    0.767322304807568756E+01    0.251813683911857566E+02    0.156399822308161873E+02    0.898211129230273908E+00    0.235392234642325384E-03    0.365856218982098426E+04
    0.178363953149231627E+02    0.546373762807827124E+01    0.700404869009277142E+01    0.250988064722117343E+02    0.155577362530454231E+02    0.946895012133954328E+00    0.449821414076022373E-03    0.365857423784525645E+04
    0.167814159500589142E+02    0.426477519865968979E+01    0.519715806138394143E+01    0.254708364151245483E+02    0.150375384375083652E+02    0.954059953440323127E+00    0.515471728645752010E-03    0.365859475033832041E+04
    0.204564504341187963E+02    0.481882885592942856E+01    0.694258089995892824E+01    0.251382717049843016E+02    0.154887834191039744E+02    0.864338856723395166E+00    0.307791820917087530E-03    0.365862209823094827E+04
    0.170807994200199751E+02    0.959117196101043845E+01    0.734488577019947897E+01    0.252377243727370626E+02    0.153734750498364630E+02    0.924316880417266673E+00    0.331955973597705808E-03    0.365869108694333227E+04
    0.206060595154902906E+02    0.502666031161756521E+01    0.789248986544229325E+01    0.252578122595411969E+02    0.157169124370388591E+02    0.951913145549429074E+00    0.599148611989193131E-03    0.365895277506469574E+04
    0.150982662848825804E+02    0.315479852284185824E+01    0.482925898613229876E+01    0.252902621101527956E+02    0.153171484056289664E+02    0.965979595322479678E+00    0.799026055994134232E-03    0.365905681517726907E+04
    0.136354688519696658E+02    0.816534778834032693E+01    0.517022400038034569E+01    0.257081162693966014E+02    0.153227513397461230E+02    0.935465122754011391E+00    0.476322455444076059E-03    0.365907184426690992E+04
    0.151564510607681910E+02    0.453100570310937023E+01    0.527276021134281248E+01    0.257732049949315893E+02    0.150478303826652873E+02    0.988784124863939407E+00    0.208526272949569351E-02    0.365927797611593724E+04
    0.227755400085703599E+02    0.494934906654372675E+01    0.664059817017043130E+01    0.250557387299799466E+02    0.159525210553290044E+02    0.838430704770732227E+00    0.778170922610269228E-03    0.365960702836008568E+04
    0.182505025007730737E+02    0.393212778130580576E+01    0.591807453893443558E+01    0.250040809133665753E+02    0.157670860785100917E+02    0.925318141883840206E+00    0.583143604941935246E-03    0.365966006465479632E+04
    0.151488422040008928E+02    0.659013592913368118E+01    0.696827080384560382E+01    0.252586171402642172E+02    0.157356677357545571E+02    0.974374197138915821E+00    0.136830403450634210E-02    0.365980109760002870E+04
    0.182676254471539643E+02    0.710093530198975298E+01    0.553303842689077285E+01    0.253892732950804998E+02    0.151290635000871809E+02    0.865834672487247103E+00    0.308617098363208166E-02    0.365998230001487718E+04
    0.165512591178471453E+02    0.832362210283639925E+01    0.592364393871950679E+01    0.255224242364685878E+02    0.154720619204278069E+02    0.976113180680137082E+00    0.181063788825644315E-02    0.366002268308846351E+04
    0.113406378743535399E+02    0.907612395830340368E+01    0.423080122383456469E+01    0.256506211548911516E+02    0.157771541118457783E+02    0.882847427040624244E+00    0.323673669073346569E-02    0.366002893305368116E+04
    0.162692280024841551E+02    0.367634153526287388E+01    0.520866087108249420E+01    0.258117298362512102E+02    0.152096004350574709E+02    0.950690970508307087E+00    0.939417697576399972E-03    0.366003136695290232E+04
    0.150779638172893069E+02    0.561253105243241368E+01    0.466990925256889433E+01    0.251467043371780363E+02    0.152243440713962741E+02    0.910378219545967649E+00    0.603189506344807948E-03    0.366005063560291910E+04
    0.109128240413228301E+02    0.448856596544321729E+01    0.438670804711567008E+01    0.257953985332129676E+02    0.156174238025405181E+02    0.973077189938804099E+00    0.219185174559671271E-02    0.366014836149161601E+04
    0.118911294255339328E+02    0.924899612914900793E+01    0.517382644420350246E+01    0.258477309724768034E+02    0.151466458198111695E+02    0.952850536067332832E+00    0.107910233684135057E-02    0.366030769834851571E+04
    0.158392749991723729E+02    0.361679754876502457E+01    0.404078719151400545E+01    0.252311768934752543E+02    0.154777933932221536E+02    0.958899920889075719E+00    0.258234452832078196E-02    0.366032016748608567E+04
    0.130937924206263645E+02    0.673013051275460494E+01    0.452435770823037942E+01    0.253574190135034101E+02    0.151776286475916677E+02    0.909478072063835241E+00    0.303026511309794884E-02    0.366044907312060968E+04
    0.167842011632003718E+02    0.215133355735972742E+01    0.547648032720762856E+01    0.254567815794832271E+02    0.156971677961671254E+02    0.959131172145800681E+00    0.135466679397808578E-02    0.366047774500748346E+04
    0.170675422593670127E+02    0.178075576397059887E+01    0.448514682573889267E+01    0.250693827337091939E+02    0.154118660038165345E+02    0.959584756395265859E+00    0.234211507070085584E-02    0.366049654666717197E+04
    0.150175797291875348E+02    0.476818450564576857E+01    0.475941222179949541E+01    0.256197414948910591E+02    0.151277738435345555E+02    0.913818281018301870E+00    0.768375369019504476E-03    0.366051407092672298E+04
    0.172649841166457705E+02    0.971531482429497473E+01    0.638705544190182017E+01    0.259632737806688283E+02    0.151951112854094887E+02    0.950592577153170692E+00    0.243201122549061748E-02    0.366068013721745638E+04
    0.172649841166457705E+02    0.971531482429497473E+01    0.638705544190182017E+01    0.259632737806688283E+02    0.151951112854094887E+02    0.950592577153170692E+00    0.243201122549061748E-02    0.366068013721745638E+04
    0.196329856540181567E+02    0.664745824025566900E+01    0.653145784548460639E+01    0.258510404547865882E+02    0.150181192069354204E+02    0.828756453512072944E+00    0.191762244760272128E-02    0.366071043748209604E+04
    0.121306755292069059E+02    0.914169876655697067E+01    0.502573730536130014E+01    0.258230862691697105E+02    0.157286497838606838E+02    0.926236403020153753E+00    0.278810041090523644E-02    0.366075339956788503E+04
    0.195028558968966443E+02    0.521204822196721107E+01    0.593871307643344259E+01    0.250646136181720571E+02    0.152387304947470739E+02    0.853647203832171186E+00    0.105061217069049410E-02    0.366078522155957717E+04
    0.195028558968966443E+02    0.521204822196721107E+01    0.593871307643344259E+01    0.250646136181720571E+02    0.152387304947470739E+02    0.853647203832171186E+00    0.105061217069049410E-02    0.366078522155957717E+04
    0.176323188656643133E+02    0.933016456527480997E+01    0.629999021637839007E+01    0.251528754121384495E+02    0.158054150383572480E+02    0.889537169994526478E+00    0.858789565717697615E-03    0.366084097230582620E+04
    0.176323188656643133E+02    0.933016456527480997E+01    0.629999021637839007E+01    0.251528754121384495E+02    0.158054150383572480E+02    0.889537169994526478E+00    0.858789565717697615E-03    0.366084097230582620E+04
    0.173922172031146687E+02    0.675514194074607666E+01    0.597128062130868908E+01    0.255761710454513000E+02    0.157440596110400257E+02    0.932890032527582624E+00    0.106423919981308104E-02    0.366084523755731152E+04
    0.173922172031146687E+02    0.675514194074607666E+01    0.597128062130868908E+01    0.255761710454513000E+02    0.157440596110400257E+02    0.932890032527582624E+00    0.106423919981308104E-02    0.366084523755731152E+04
    0.193437809113804278E+02    0.669715943777128597E+01    0.700716770513689546E+01    0.255459831677337341E+02    0.153575064977511389E+02    0.889309285449785714E+00    0.863237123670317790E-03    0.366084797637569272E+04
    0.193437809113804278E+02    0.669715943777128597E+01    0.700716770513689546E+01    0.255459831677337341E+02    0.153575064977511389E+02    0.889309285449785714E+00    0.863237123670317790E-03    0.366084797637569272E+04
    0.184772910759581279E+02    0.669715403487947203E+01    0.689651283878101395E+01    0.251702917328819566E+02    0.155885767771532855E+02    0.923057246720481728E+00    0.985239681972674679E-03    0.366087816716380303E+04
    0.184772910759581279E+02    0.669715403487947203E+01    0.689651283878101395E+01    0.251702917328819566E+02    0.155885767771532855E+02    0.923057246720481728E+00    0.985239681972674679E-03    0.366087816716380303E+04
    0.171581429705735999E+02    0.500364110471663981E+01    0.590805853256817493E+01    0.251054777485711682E+02    0.151980553812569283E+02    0.950475502885999912E+00    0.143765382981096788E-02    0.366090574590774213E+04
    0.125201271267233718E+02    0.849238860536813966E+01    0.467102691677666115E+01    0.257610943397328214E+02    0.155779832686238606E+02    0.947854806529337068E+00    0.241949945015995866E-02    0.366092416911042301E+04
    0.176249202801000706E+02    0.786189475639636814E+01    0.572580803448861708E+01    0.252758043076670766E+02    0.151626235922816761E+02    0.953742788089923854E+00    0.202277256954240623E-02    0.366096989439079789E+04
    0.141781229040112073E+02    0.665061039508404228E+01    0.497006102244526993E+01    0.251712144879324278E+02    0.158309527863404984E+02    0.927822272124535385E+00    0.104535130343428239E-02    0.366097474503041531E+04
    0.141781229040112073E+02    0.665061039508404228E+01    0.497006102244526993E+01    0.251712144879324278E+02    0.158309527863404984E+02    0.927822272124535385E+00    0.104535130343428239E-02    0.366097474503041531E+04
    0.133323748912113622E+02    0.267190221747482148E+01    0.344509611560702256E+01    0.252616887233021963E+02    0.155532339917961977E+02    0.900388906697984770E+00    0.729767679171294164E-03    0.366098178612296533E+04
    0.145331746035729719E+02    0.628578377999793947E+01    0.502204430987513462E+01    0.253806915869425538E+02    0.156287219164738751E+02    0.954739088821832560E+00    0.170770975832862707E-02    0.366098550055442138E+04
    0.173601458999419975E+02    0.631780391277399467E+01    0.560996229780190703E+01    0.252770551851016627E+02    0.153441148139273942E+02    0.913781830365396064E+00    0.273066262578065821E-02    0.366103197624443010E+04
    0.173601458999419975E+02    0.631780391277399467E+01    0.560996229780190703E+01    0.252770551851016627E+02    0.153441148139273942E+02    0.913781830365396064E+00    0.273066262578065821E-02    0.366103197624443010E+04
    0.139009910748846419E+02    0.411870912424105207E+01    0.475626164469687396E+01    0.256634080808848353E+02    0.152952510834003288E+02    0.928431637008448329E+00    0.261789311798039026E-02    0.366104890618493846E+04
    0.139009910748846419E+02    0.411870912424105207E+01    0.475626164469687396E+01    0.256634080808848353E+02    0.152952510834003288E+02    0.928431637008448329E+00    0.261789311798039026E-02    0.366104890618493846E+04
    0.171613039070891240E+02    0.848472611197329307E+01    0.606094867796521886E+01    0.256188273438013923E+02    0.156781846331177661E+02    0.922238472202871029E+00    0.106238712985712324E-02    0.366107194872573291E+04
    0.171308349910006328E+02    0.276411762661855187E+01    0.541882021267427572E+01    0.250392450940052349E+02    0.155917612256339346E+02    0.949586245063295253E+00    0.176390026405559390E-02    0.366114775938295952E+04
    0.155872970756198601E+02    0.292519307053359956E+01    0.422540215548064246E+01    0.255612633809286400E+02    0.152914890068101528E+02    0.948027024465543766E+00    0.156156457336515102E-02    0.366121441723728276E+04
    0.123039225203891487E+02    0.424416960633335982E+01    0.398450981415128602E+01    0.253228323171042646E+02    0.157903913029975485E+02    0.950536450032023361E+00    0.213584962683538871E-02    0.366128246164628035E+04
    0.123039225203891487E+02    0.424416960633335982E+01    0.398450981415128602E+01    0.253228323171042646E+02    0.157903913029975485E+02    0.950536450032023361E+00    0.213584962683538871E-02    0.366128246164628035E+04
    0.183234587940669584E+02    0.368418365947181092E+01    0.447290128909931184E+01    0.254884542552729201E+02    0.151888810457874719E+02    0.947111364860811600E+00    0.197108928970782249E-02    0.366129593051705251E+04
    0.183234587940669584E+02    0.368418365947181092E+01    0.447290128909931184E+01    0.254884542552729201E+02    0.151888810457874719E+02    0.947111364860811600E+00    0.197108928970782249E-02    0.366129593051705251E+04
    0.188386527669204575E+02    0.322454273666620139E+01    0.568492346759359890E+01    0.251195867036545479E+02    0.157643524642886668E+02    0.919887958422293650E+00    0.115998987512284197E-02    0.366130434027032743E+04
    0.170884909263927014E+02    0.851223910119984239E+01    0.528444144758861079E+01    0.252852398548030521E+02    0.158324265658945187E+02    0.858085272822357359E+00    0.128114991555063735E-02    0.366134285791908542E+04
    0.170884909263927014E+02    0.851223910119984239E+01    0.528444144758861079E+01    0.252852398548030521E+02    0.158324265658945187E+02    0.858085272822357359E+00    0.128114991555063735E-02    0.366134285791908542E+04
    0.172986774741140721E+02    0.804050588461567095E+01    0.614249538205226209E+01    0.255585301126636679E+02    0.156539833557653232E+02    0.897181599388353290E+00    0.107167612805282001E-02    0.366135059577882521E+04
    0.172986774741140721E+02    0.804050588461567095E+01    0.614249538205226209E+01    0.255585301126636679E+02    0.156539833557653232E+02    0.897181599388353290E+00    0.107167612805282001E-02    0.366135059577882521E+04
    0.139603867127019861E+02    0.494422110007805582E+01    0.443312880516637708E+01    0.256788399353539987E+02    0.155060732139838855E+02    0.894874157036725570E+00    0.265614996554603897E-02    0.366141588341967963E+04
    0.139603867127019861E+02    0.494422110007805582E+01    0.443312880516637708E+01    0.256788399353539987E+02    0.155060732139838855E+02    0.894874157036725570E+00    0.265614996554603897E-02    0.366141588341967963E+04
    0.146220936558698398E+02    0.434013784078352494E+01    0.433199870579044344E+01    0.255601563167734724E+02    0.151544959735116826E+02    0.942622338046794184E+00    0.208485317097560239E-02    0.366143656351276422E+04
    0.146220936558698398E+02    0.434013784078352494E+01    0.433199870579044344E+01    0.255601563167734724E+02    0.151544959735116826E+02    0.942622338046794184E+00    0.208485317097560239E-02    0.366143656351276422E+04
    0.150991612598191001E+02    0.589820577227092002E+01    0.459270174562685085E+01    0.257748511542730405E+02    0.154052908145681222E+02    0.905716110446383449E+00    0.260383221622058174E-02    0.366145786394394327E+04
    0.133279553006442981E+02    0.750113927324495489E+01    0.451407615004481499E+01    0.251082773393892751E+02    0.155089495952696446E+02    0.924392331560093150E+00    0.123174498459543654E-02    0.366150798002761303E+04
    0.188785990506750068E+02    0.924524825202299994E+01    0.659033539812493352E+01    0.250177894550401376E+02    0.156888370320580712E+02    0.863960592687061157E+00    0.133302111082704306E-02    0.366151046756310689E+04
    0.188785990506750068E+02    0.924524825202299994E+01    0.659033539812493352E+01    0.250177894550401376E+02    0.156888370320580712E+02    0.863960592687061157E+00    0.133302111082704306E-02    0.366151046756310689E+04
    0.194685582905418357E+02    0.681148789374628638E+01    0.693477089682095027E+01    0.250364275674464061E+02    0.152086364840605270E+02    0.937842964377234134E+00    0.182014516096033838E-02    0.366151419868586026E+04
    0.194685582905418357E+02    0.681148789374628638E+01    0.693477089682095027E+01    0.250364275674464061E+02    0.152086364840605270E+02    0.937842964377234134E+00    0.182014516096033838E-02    0.366151419868586026E+04
    0.127055132643008406E+02    0.846331819139692421E+01    0.472269543053560970E+01    0.257941408200713944E+02    0.153037119521021161E+02    0.891174313337591673E+00    0.110314407392969605E-02    0.366153153164462674E+04
    0.130902947738100206E+02    0.691901095045292003E+01    0.392026891467703686E+01    0.250984901343941011E+02    0.154017095890515332E+02    0.940609317454250804E+00    0.238706596043036443E-02    0.366155391134353931E+04
    0.130902947738100206E+02    0.691901095045292003E+01    0.392026891467703686E+01    0.250984901343941011E+02    0.154017095890515332E+02    0.940609317454250804E+00    0.238706596043036443E-02    0.366155391134353931E+04
    0.151248555831535132E+02    0.148303672424642627E+02    0.645619765386454070E+01    0.252812647470371168E+02    0.157013424584342882E+02    0.881967763823329087E+00    0.120597764972028170E-02    0.366156529780473102E+04
    0.151248555831535132E+02    0.148303672424642627E+02    0.645619765386454070E+01    0.252812647470371168E+02    0.157013424584342882E+02    0.881967763823329087E+00    0.120597764972028170E-02    0.366156529780473102E+04
    0.171720422002763691E+02    0.446365735375303618E+01    0.507589796788360204E+01    0.255333998285289816E+02    0.153061967480032557E+02    0.932026245741744530E+00    0.153019022976529236E-02    0.366156921782918835E+04
    0.171720422002763691E+02    0.446365735375303618E+01    0.507589796788360204E+01    0.255333998285289816E+02    0.153061967480032557E+02    0.932026245741744530E+00    0.153019022976529236E-02    0.366156921782918835E+04
    0.201027489851651708E+02    0.414666110766638241E+01    0.640040840095815788E+01    0.250592250359064472E+02    0.158520698179639723E+02    0.912794486123459592E+00    0.126102065631585243E-02    0.366157435903984833E+04
    0.166947235707642108E+02    0.626206948453530909E+01    0.653244274658633461E+01    0.250550981352149371E+02    0.152812174238415359E+02    0.931431113027067603E+00    0.156440451634675347E-02    0.366158131483306261E+04
    0.130464591415716207E+02    0.718985521854465404E+01    0.471498692778780715E+01    0.251985596210552458E+02    0.152966725992416510E+02    0.890432324629599203E+00    0.254461302010768877E-02    0.366160043968152422E+04
    0.130464591415716207E+02    0.718985521854465404E+01    0.471498692778780715E+01    0.251985596210552458E+02    0.152966725992416510E+02    0.890432324629599203E+00    0.254461302010768877E-02    0.366160043968152422E+04
    0.173044622811336453E+02    0.760353234083663843E+01    0.589019341248857575E+01    0.259588659283060075E+02    0.150044274345886315E+02    0.934871601031421195E+00    0.188054492110027033E-02    0.366160159947848524E+04
    0.173044622811336453E+02    0.760353234083663843E+01    0.589019341248857575E+01    0.259588659283060075E+02    0.150044274345886315E+02    0.934871601031421195E+00    0.188054492110027033E-02    0.366160159947848524E+04
    0.150266328664952038E+02    0.313884786761961809E+01    0.495881906143372042E+01    0.252449384635540532E+02    0.157521694771349434E+02    0.934841442651168086E+00    0.174526204662411627E-02    0.366161018061141340E+04
    0.150266328664952038E+02    0.313884786761961809E+01    0.495881906143372042E+01    0.252449384635540532E+02    0.157521694771349434E+02    0.934841442651168086E+00    0.174526204662411627E-02    0.366161018061141340E+04
    0.142413680368209015E+02    0.747127972789348416E+01    0.459373629006614959E+01    0.255653183771034591E+02    0.155729441793172647E+02    0.933254227075537290E+00    0.218491327921243716E-02    0.366162155585093569E+04
    0.142413680368209015E+02    0.747127972789348416E+01    0.459373629006614959E+01    0.255653183771034591E+02    0.155729441793172647E+02    0.933254227075537290E+00    0.218491327921243716E-02    0.366162155585093569E+04
    0.180256314693793591E+02    0.644974123614010519E+01    0.648082875633827626E+01    0.250770059819972673E+02    0.155643253257617893E+02    0.929062604205415643E+00    0.154800056010042514E-02    0.366162418389903905E+04
    0.219785484007992942E+02    0.544777012090542456E+01    0.669306308630905455E+01    0.250953893751700043E+02    0.154599126795277719E+02    0.900038521524076263E+00    0.245368962331213346E-02    0.366164516338276508E+04
    0.219785484007992942E+02    0.544777012090542456E+01    0.669306308630905455E+01    0.250953893751700043E+02    0.154599126795277719E+02    0.900038521524076263E+00    0.245368962331213346E-02    0.366164516338276508E+04
    0.184471310087223728E+02    0.547296125137613210E+01    0.547639680052381284E+01    0.251283107246988706E+02    0.150460917593991148E+02    0.915989362174571164E+00    0.233767961688949701E-02    0.366167610033488063E+04
    0.184471310087223728E+02    0.547296125137613210E+01    0.547639680052381284E+01    0.251283107246988706E+02    0.150460917593991148E+02    0.915989362174571164E+00    0.233767961688949701E-02    0.366167610033488063E+04
    0.181219555548711213E+02    0.572714995174099872E+01    0.582109136127902893E+01    0.250468872284136737E+02    0.156867142294438082E+02    0.912657591636281129E+00    0.132576867272499069E-02    0.366167730540999855E+04
    0.181219555548711213E+02    0.572714995174099872E+01    0.582109136127902893E+01    0.250468872284136737E+02    0.156867142294438082E+02    0.912657591636281129E+00    0.132576867272499069E-02    0.366167730540999855E+04
    0.169884044945725847E+02    0.927193482467649410E+01    0.530665988522088483E+01    0.250174757207823326E+02    0.152499516247554041E+02    0.912900750669733529E+00    0.131502523706415416E-02    0.366169046857639250E+04
    0.232611828937711493E+02    0.453391253808907813E+01    0.717606524827652059E+01    0.250958405614884477E+02    0.152042208365665221E+02    0.857722085854030092E+00    0.192600434343381290E-02    0.366169389862382832E+04
    0.191677307798363188E+02    0.304002885930341238E+01    0.655208668680061024E+01    0.251178730672346902E+02    0.159518313892661787E+02    0.911334794507197121E+00    0.133974770905993779E-02    0.366170427399450455E+04
    0.162655487901171973E+02    0.801555380075684454E+01    0.505245374038497275E+01    0.256247848816113759E+02    0.150892254597328304E+02    0.931927285187966192E+00    0.174213629283011067E-02    0.366171253346791991E+04
    0.176893765002338661E+02    0.965999319053223715E+01    0.601266485881799895E+01    0.250583868098298197E+02    0.152253238295344673E+02    0.894054524681045959E+00    0.240369380549306216E-02    0.366173846073452660E+04
    0.176893765002338661E+02    0.965999319053223715E+01    0.601266485881799895E+01    0.250583868098298197E+02    0.152253238295344673E+02    0.894054524681045959E+00    0.240369380549306216E-02    0.366173846073452660E+04
    0.134323934276495436E+02    0.895056398823058430E+01    0.484302772512882029E+01    0.250895819508305387E+02    0.153476809131428311E+02    0.929262096395058634E+00    0.157541250802467787E-02    0.366173898252586559E+04
    0.175030166935871954E+02    0.378840171360786249E+01    0.452338660683884530E+01    0.256373580512052719E+02    0.154649563641507530E+02    0.905719301370211172E+00    0.240561794619286329E-02    0.366175655227125662E+04
    0.159720510707710570E+02    0.172152447723096635E+01    0.527563865365417684E+01    0.252703572110082249E+02    0.159055202191385181E+02    0.899165803760891391E+00    0.130758186645871309E-02    0.366175845182534749E+04
    0.176990160535731000E+02    0.513875069760587699E+01    0.583558666519447744E+01    0.257675813421026660E+02    0.151393981571813718E+02    0.917876833475746334E+00    0.221138011195469745E-02    0.366177730407219724E+04
    0.176990160535731000E+02    0.513875069760587699E+01    0.583558666519447744E+01    0.257675813421026660E+02    0.151393981571813718E+02    0.917876833475746334E+00    0.221138011195469745E-02    0.366177730407219724E+04
    0.127036625869254287E+02    0.829623501850078071E+01    0.533117661065899640E+01    0.259415555048851445E+02    0.155816003633347648E+02    0.863578622137014973E+00    0.205786960549150973E-02    0.366180161326436655E+04
    0.127036625869254287E+02    0.829623501850078071E+01    0.533117661065899640E+01    0.259415555048851445E+02    0.155816003633347648E+02    0.863578622137014973E+00    0.205786960549150973E-02    0.366180161326436655E+04
    0.217246829221957469E+02    0.703759162072323718E+01    0.689467362147400742E+01    0.252687762969623044E+02    0.150470271108667788E+02    0.872814685781793331E+00    0.146179233821069204E-02    0.366180632178970745E+04
    0.217246829221957469E+02    0.703759162072323718E+01    0.689467362147400742E+01    0.252687762969623044E+02    0.150470271108667788E+02    0.872814685781793331E+00    0.146179233821069204E-02    0.366180632178970745E+04
    0.165552354422971746E+02    0.499402718327707795E+01    0.551142664821485084E+01    0.259065252626951406E+02    0.153617970502262633E+02    0.865363919718563190E+00    0.162933124055730468E-02    0.366182543462638614E+04
    0.184001063067892900E+02    0.343137051575352015E+01    0.637063814268588224E+01    0.250031613949005944E+02    0.158891659809623924E+02    0.912020193397874213E+00    0.146601241406713089E-02    0.366184333700244360E+04
    0.184001063067892900E+02    0.343137051575352015E+01    0.637063814268588224E+01    0.250031613949005944E+02    0.158891659809623924E+02    0.912020193397874213E+00    0.146601241406713089E-02    0.366184333700244360E+04
    0.233473011694844246E+02    0.468381466154714499E+01    0.743369708997262180E+01    0.250590456349694577E+02    0.154395246373717061E+02    0.893342454589815427E+00    0.138404986593083945E-02    0.366186145872498173E+04
    0.120458740737955967E+02    0.107764218375151373E+02    0.489690861582997883E+01    0.254196661675360005E+02    0.152017180233035418E+02    0.926126105176712455E+00    0.166135374150097972E-02    0.366186544039938326E+04
    0.168287041314998902E+02    0.225301971423340763E+01    0.440088504220857502E+01    0.253383815059209425E+02    0.152759207002999151E+02    0.875843513052169564E+00    0.145040610090038484E-02    0.366189016029992490E+04
    0.168287041314998902E+02    0.225301971423340763E+01    0.440088504220857502E+01    0.253383815059209425E+02    0.152759207002999151E+02    0.875843513052169564E+00    0.145040610090038484E-02    0.366189016029992490E+04
    0.118070674176002264E+02    0.704702745693689536E+01    0.369310888725325492E+01    0.252676213721443830E+02    0.152573687831407270E+02    0.918237192148590342E+00    0.102978290960466365E-02    0.366189054371158090E+04
    0.206801094048148677E+02    0.418469595049201715E+01    0.620038597817181092E+01    0.251741663221120255E+02    0.156776356936681047E+02    0.916325208592983276E+00    0.208839859781515327E-02    0.366189211112111252E+04
    0.214537524375610076E+02    0.553962597226643627E+01    0.730099249409330220E+01    0.251263041442785990E+02    0.158128694106545034E+02    0.912391757196621356E+00    0.152888502780645398E-02    0.366189435710523230E+04
    0.214537524375610076E+02    0.553962597226643627E+01    0.730099249409330220E+01    0.251263041442785990E+02    0.158128694106545034E+02    0.912391757196621356E+00    0.152888502780645398E-02    0.366189435710523230E+04
    0.999216516026430313E+01    0.884518822283040862E+01    0.472413373765675626E+01    0.253320224710369573E+02    0.157659651484765782E+02    0.913628468956986683E+00    0.227054622751662969E-02    0.366189638807005531E+04
    0.129312052013956915E+02    0.653741395109138601E+01    0.470932808348402254E+01    0.253828262093241150E+02    0.153292146305932437E+02    0.891912237450546375E+00    0.133904140652464079E-02    0.366189785948551798E+04
    0.210273309473994843E+02    0.159780688485327271E+01    0.597383459983897058E+01    0.253197726784811472E+02    0.152870180731407359E+02    0.919199326217151835E+00    0.198666367170366193E-02    0.366189822273328218E+04
    0.204224430610515668E+02    0.772362605490387111E+01    0.706407057786277903E+01    0.256409374584189678E+02    0.156515388916675171E+02    0.876870106667901439E+00    0.215014770093247421E-02    0.366191482853231491E+04
    0.146592700956911290E+02    0.804493074043940481E+01    0.515810461178327806E+01    0.251484950862839867E+02    0.152439784748264024E+02    0.867367943003636954E+00    0.169852160131997356E-02    0.366192343325819820E+04
    0.147599129869606287E+02    0.875355118003211174E+01    0.559958541540311217E+01    0.255421722791337977E+02    0.154000633955764918E+02    0.919550027017309812E+00    0.192489512344162957E-02    0.366192990573086945E+04
    0.147599129869606287E+02    0.875355118003211174E+01    0.559958541540311217E+01    0.255421722791337977E+02    0.154000633955764918E+02    0.919550027017309812E+00    0.192489512344162957E-02    0.366192990573086945E+04
    0.231633039071211080E+02    0.150304858478825221E+01    0.737634997487177380E+01    0.253050520923898290E+02    0.151866096774231742E+02    0.909297848059812175E+00    0.153193194908606239E-02    0.366193068834226870E+04
    0.125757412701588631E+02    0.135400207865219162E+02    0.587813900244703991E+01    0.257632739252989929E+02    0.156234021527311420E+02    0.868512703659302665E+00    0.185391931581027365E-02    0.366194053410852030E+04
    0.167359005340811358E+02    0.630197535134621756E+01    0.623108717591841010E+01    0.252637675851351595E+02    0.156847729993596801E+02    0.917661387804376671E+00    0.177489474302505506E-02    0.366194696651164713E+04
    0.145854732298624530E+02    0.741512017423495884E+01    0.492355674139894184E+01    0.252921205027635700E+02    0.157053913241396277E+02    0.913545723281770972E+00    0.215140670692355205E-02    0.366194997862145374E+04
    0.181417202818709100E+02    0.478261478642115989E+01    0.491591537022027580E+01    0.251749754061593087E+02    0.153389434380223264E+02    0.917304132378764736E+00    0.199506411617157361E-02    0.366196675289450150E+04
    0.163019472142755397E+02    0.614243446218338995E+01    0.626550040523113072E+01    0.250309832969806045E+02    0.158295038501689564E+02    0.915857238000828522E+00    0.176659555563607614E-02    0.366197166258792595E+04
    0.143225300529800208E+02    0.111990060939937415E+02    0.550314188427408624E+01    0.254508948578601917E+02    0.151395842767951549E+02    0.904447797100273232E+00    0.154616026942941669E-02    0.366201541242418807E+04
    0.120591565032248447E+02    0.855369122151369154E+01    0.483083029251660179E+01    0.259260262147531471E+02    0.156155641300457901E+02    0.872840519508638835E+00    0.205613986764599131E-02    0.366201952253275704E+04
    0.160210114980142961E+02    0.636394517903221679E+01    0.455625527682191400E+01    0.250412066070886041E+02    0.155892543520442075E+02    0.908932627282418304E+00    0.149128590524769578E-02    0.366202309649708695E+04
    0.176280582544311741E+02    0.228003416744631426E+01    0.477478864269303394E+01    0.250864133536220812E+02    0.157066377624441955E+02    0.914233318277828833E+00    0.181081148412990615E-02    0.366202397079926914E+04
    0.206087124155889185E+02    0.359489620545235233E+01    0.636890383530747961E+01    0.258126679730374029E+02    0.156577403884933481E+02    0.912060808991417837E+00    0.180718995086970443E-02    0.366202431542338263E+04
    0.182901100847430023E+02    0.896186870577055927E+00    0.507114480551589253E+01    0.250560683993564695E+02    0.156882585999660229E+02    0.897656911307732952E+00    0.158508889311858876E-02    0.366204953987319550E+04
    0.219298977589516113E+02    0.584643757919309870E+01    0.697035972834593309E+01    0.253031476281752497E+02    0.152786165252530832E+02    0.883047279522755413E+00    0.202146538427253313E-02    0.366205213091994619E+04
    0.168266615372667978E+02    0.636810779018042439E+01    0.587680969115865093E+01    0.256508175095242805E+02    0.151820610519987849E+02    0.894934145913769963E+00    0.209895285940414839E-02    0.366205286907616710E+04
    0.143223630183733608E+02    0.624466153771267418E+01    0.561473269241864159E+01    0.257715393979002130E+02    0.151188596073343255E+02    0.883285137290072742E+00    0.203925277889771290E-02    0.366205792047550904E+04
    0.139546800727485554E+02    0.107954526060563776E+02    0.750089045267890064E+01    0.255866078522202507E+02    0.155016580766066365E+02    0.887062849188869684E+00    0.204469692898272878E-02    0.366206316829839307E+04
    0.123529695436989755E+02    0.798586192761222335E+00    0.359292232911738152E+01    0.259202439616887261E+02    0.154906662944100368E+02    0.911911769057161981E+00    0.160709367568988488E-02    0.366207218791001515E+04
    0.223882645892107206E+02    0.357905976102297663E+01    0.628284662288528306E+01    0.250131769366574908E+02    0.154121444707235540E+02    0.899967183289057671E+00    0.164787735902515407E-02    0.366207431597454706E+04
    0.135765014121924157E+02    0.734739004413234031E+01    0.528738227756937906E+01    0.251238138958536545E+02    0.155709499002738632E+02    0.905410221330917087E+00    0.165679348392706112E-02    0.366207783131724864E+04
    0.163946624269658230E+02    0.654087577750450500E+01    0.566480045172279922E+01    0.251087449978374408E+02    0.153451666739886647E+02    0.891277884593286718E+00    0.205604304577416790E-02    0.366208203117627500E+04
    0.280954617519960337E+02    0.538890563306250581E+01    0.783067057947738476E+01    0.253600296138009718E+02    0.155426256672155709E+02    0.887276514591944787E+00    0.167353860424852233E-02    0.366208390577907358E+04
    0.940167782979306388E+01    0.919729621629800498E+01    0.485416830907318264E+01    0.254906257464981252E+02    0.157423148205909627E+02    0.906382327738087801E+00    0.156987654349995294E-02    0.366209057156545123E+04
    0.160983935007222243E+02    0.538140047572443869E+01    0.554597639722860869E+01    0.254921177257854481E+02    0.156588935286542537E+02    0.904631825580377247E+00    0.172529545277966658E-02    0.366209091079594964E+04
    0.275909479648814617E+02    0.442718937681157243E+01    0.715566148943516822E+01    0.254389395290056441E+02    0.151008801164566648E+02    0.903872630997195392E+00    0.190853296161232807E-02    0.366209293971529678E+04
    0.161759626088060635E+02    0.386632965769972259E+01    0.672179010012150435E+01    0.257075217917043091E+02    0.153690913209604183E+02    0.883872038284944983E+00    0.187969863557882477E-02    0.366209901710458826E+04
    0.149677863199726691E+02    0.621751460987839355E+01    0.520703037787758927E+01    0.259909701887682942E+02    0.151672623264296860E+02    0.894003385583872823E+00    0.205331987579646102E-02    0.366210402050044149E+04
    0.179526021060247949E+02    0.780748594933088569E+01    0.593537283434189700E+01    0.255690066649362642E+02    0.152468253624549916E+02    0.904037515119849422E+00    0.180074134789326022E-02    0.366210491793624578E+04
    0.262450786613152722E+02    0.894216325233126241E+01    0.925440857614030499E+01    0.251787565460210914E+02    0.153876422704252995E+02    0.894278140023816892E+00    0.173249509989642611E-02    0.366211761954493204E+04
    0.134522316619129043E+02    0.145977044600847492E+02    0.643887033387263585E+01    0.255093308024389103E+02    0.156756468278073697E+02    0.901611407578216117E+00    0.181999359317892243E-02    0.366211789886539736E+04
    0.124215640051108753E+02    0.464025790671621330E+01    0.426755549830302883E+01    0.253782621655720888E+02    0.152370611425097344E+02    0.900732776006213154E+00    0.218864241210183115E-02    0.366212137177984096E+04
    0.177142336627744683E+02    0.765230844584765357E+01    0.671396767590923105E+01    0.250166842493060813E+02    0.156195290616304217E+02    0.888277045039936763E+00    0.181774404441431472E-02    0.366212376968468152E+04
    0.133276586954605278E+02    0.233395397580905950E+01    0.450792947993382054E+01    0.251449678096167872E+02    0.151996428074570797E+02    0.897472690877665125E+00    0.163412111156785618E-02    0.366212400385916726E+04
    0.141029689633883226E+02    0.530126959934556385E+01    0.487378057717281088E+01    0.258667298303748048E+02    0.150433030427181542E+02    0.906163610553437415E+00    0.193378356600524865E-02    0.366212454130386368E+04
    0.167785528765105916E+02    0.100609255093267240E+02    0.558326847633578804E+01    0.255706074579860783E+02    0.152981369788487385E+02    0.896172596316972547E+00    0.169403560210250000E-02    0.366212699324893583E+04
    0.872012069593915484E+01    0.876256978954186039E+01    0.520752242052487535E+01    0.257453283043362120E+02    0.155625498616497282E+02    0.896557372420926924E+00    0.165204615599525068E-02    0.366213322484485025E+04
    0.873409116511933092E+01    0.123458193549746902E+02    0.461886963998088440E+01    0.253307113979549889E+02    0.153693843521399529E+02    0.870856809090843176E+00    0.171506558055312640E-02    0.366215771367772504E+04
    0.111371986660698248E+02    0.780679060751729992E+01    0.417942894586756442E+01    0.258051914047192135E+02    0.158155827144856538E+02    0.892112806937572778E+00    0.230236834908222141E-02    0.366217771735873521E+04
    0.124115039217640692E+02    0.733201283650584035E+01    0.501137508770909612E+01    0.252750454495930583E+02    0.153355212405529624E+02    0.892031256462767930E+00    0.178700524829250758E-02    0.366218456942598186E+04
    0.161114511440830839E+02    0.906148916512450775E+01    0.492158321568324553E+01    0.251442729743968485E+02    0.156636037414202516E+02    0.890838079630799640E+00    0.172111651243662890E-02    0.366219302089447956E+04
    0.149937293015307347E+02    0.166226157027478294E+01    0.365036797619674225E+01    0.256371013241476930E+02    0.150293273806857002E+02    0.875301940976616066E+00    0.187723034176213348E-02    0.366221658590479001E+04
    0.114715639582887956E+02    0.372372422797164182E+01    0.366153202317243931E+01    0.258537748278064896E+02    0.154182988685819389E+02    0.913389483172438954E+00    0.226182753590985219E-02    0.366223008813293745E+04
    0.131196414808475961E+02    0.994143468569845545E+01    0.413503693688928564E+01    0.250307194610913335E+02    0.155305518343059106E+02    0.914026236894130428E+00    0.222148545146968936E-02    0.366226019178723163E+04
    0.135316634540966767E+02    0.218978731635639345E+01    0.375799098255045116E+01    0.250965579778003054E+02    0.152514214629276132E+02    0.884223418946236461E+00    0.187056594388174536E-02    0.366231413882715378E+04
    0.115070364959716258E+02    0.770536923420804420E+01    0.361888607564769638E+01    0.256424094381536101E+02    0.150363049785572560E+02    0.940564634481318218E+00    0.156065325682037915E-02    0.366237240179322498E+04
    0.115891636286929547E+02    0.250109814045096224E+01    0.376334407611425092E+01    0.258966673390963784E+02    0.153019455985835435E+02    0.893777367142957413E+00    0.176175947489654581E-02    0.366237344722126454E+04
    0.877639366098759055E+01    0.119789537747823793E+02    0.420609920802272708E+01    0.259569775250528281E+02    0.153416049798300129E+02    0.870821692342355402E+00    0.166374301380475625E-02    0.366239930164049701E+04
    0.119212442620383428E+02    0.749338507692844580E+01    0.381993877982816965E+01    0.257715132730860716E+02    0.150167219457378298E+02    0.898937353035252351E+00    0.130483113259019295E-02    0.366240668155508183E+04
    0.129041629722060840E+02    0.661694885153830814E+01    0.409354100807922627E+01    0.255002832924567144E+02    0.154326460330243940E+02    0.901812400824269611E+00    0.195704177749080055E-02    0.366241903945036483E+04
    0.107816868703348838E+02    0.856377932596000235E+01    0.392625284374913353E+01    0.251233019906843751E+02    0.154985092508465350E+02    0.874146165933324837E+00    0.213534741740818842E-02    0.366246351669606474E+04
    0.100701908707330254E+02    0.385285011357056417E+01    0.328017907558499200E+01    0.254025048158473723E+02    0.157077141111634919E+02    0.937356452912485816E+00    0.153952050296089077E-02    0.366247271384594387E+04
    0.141635527245741955E+02    0.541822768117953757E+01    0.378421704167170692E+01    0.251791849671649999E+02    0.156412615616761386E+02    0.892072251822415230E+00    0.215431175445250688E-02    0.366248526111076308E+04
    0.732780535712653069E+01    0.120787842206612410E+02    0.418626023177991335E+01    0.257206744754963808E+02    0.152932677906252898E+02    0.875241752151643015E+00    0.201155323208941856E-02    0.366248845656087451E+04
    0.995617619939384824E+01    0.942468288396918830E+01    0.356267526444825489E+01    0.251196135683231567E+02    0.155862395756060153E+02    0.934281647323770059E+00    0.240645042815886261E-02    0.366253894751259213E+04
    0.934631280733637837E+01    0.123926262752132779E+02    0.368844302890934861E+01    0.252845083291865222E+02    0.156466339395099592E+02    0.912312860831550942E+00    0.262344909791757024E-02    0.366255921167876386E+04
    0.105743350155943681E+02    0.736308429591341085E+01    0.354919899747830803E+01    0.251122019094517270E+02    0.155748088614971287E+02    0.876608953133232061E+00    0.243438106254660960E-02    0.366259609226110842E+04
    0.808768615367264054E+01    0.140269949933149825E+02    0.424738384273230185E+01    0.257520397605254949E+02    0.151621910516532772E+02    0.891140256864841662E+00    0.184915589037329929E-02    0.366265583121925420E+04
    0.142046973232819056E+02    0.535483449272491185E+01    0.342308253935339257E+01    0.252724175207238879E+02    0.153415575346238011E+02    0.912131203049636907E+00    0.229901040508482916E-02    0.366273333398639352E+04
    0.134206345342276663E+02    0.304572485850490393E+01    0.309327428504100643E+01    0.254526548906959285E+02    0.153394761969275706E+02    0.930874661065225983E+00    0.153044186386533019E-02    0.366274687722944100E+04
    0.592217708921210484E+01    0.468471828929546241E+01    0.362541417459372717E+01    0.255024194055169247E+02    0.153009920761969198E+02    0.892743787864707872E+00    0.168064204497240513E-02    0.366276333984453595E+04
    0.776731634824702866E+01    0.136346139968405353E+02    0.390060820004715181E+01    0.258878140785937561E+02    0.157602853291219809E+02    0.899103385007369638E+00    0.235746583522950014E-02    0.366276639608329106E+04
    0.724262043598919014E+01    0.108544142574668552E+02    0.391909101330841381E+01    0.257839817221252012E+02    0.152816974919189814E+02    0.916147608111353540E+00    0.189660926798498604E-02    0.366278137559851621E+04
    0.104135322597915412E+02    0.868424119347649182E+01    0.386478462089915764E+01    0.250516289374817447E+02    0.156102659205094696E+02    0.890881701624456790E+00    0.187668388721091896E-02    0.366280550569980278E+04
    0.139617597268769487E+02    0.734991959743616974E+01    0.374739683074992769E+01    0.253837136230594602E+02    0.155078284599977980E+02    0.897655481561412949E+00    0.169925707204818125E-02    0.366281717528048648E+04
    0.103399922593508879E+02    0.324415459846304444E+01    0.324641863572723777E+01    0.258322139859026905E+02    0.154741409709230329E+02    0.912551821416412445E+00    0.212097887610171974E-02    0.366282160872512486E+04
    0.907593671861581619E+01    0.841643192685658548E+01    0.376000645572870162E+01    0.256049582282614203E+02    0.157040726390418737E+02    0.893132156179299419E+00    0.212066408745946932E-02    0.366284145371625482E+04
    0.791775320783777481E+01    0.642119297056973437E+01    0.362658796222018998E+01    0.252601296618238607E+02    0.159234583964802194E+02    0.881996861150615707E+00    0.176351572526167516E-02    0.366291806332078522E+04
    0.106708356863854199E+02    0.739637738876721951E+01    0.316476545361461969E+01    0.250758699088813657E+02    0.154367368633966855E+02    0.864596977328400573E+00    0.952174966075389575E-03    0.366299543014374512E+04
    0.144674185802519464E+02    0.490722792558368148E+01    0.341618705690630353E+01    0.252484807871269972E+02    0.157080043239815126E+02    0.886163481451161084E+00    0.182649372853495263E-02    0.366302286929862157E+04
    0.925313707613718606E+01    0.999196479047739139E+01    0.377398573967599305E+01    0.256024470568873710E+02    0.157350964279310368E+02    0.896467095353022492E+00    0.190597026431663487E-02    0.366306270849842122E+04
    0.113628208067671466E+02    0.328685867060357229E+01    0.309083577918095020E+01    0.259041204116093944E+02    0.155049386821982438E+02    0.920626972210134564E+00    0.154649684244281588E-02    0.366306427696006267E+04
    0.139382327356555322E+02    0.119989850412903927E+02    0.334203481580713335E+01    0.256305590203457143E+02    0.154462012287333259E+02    0.940940992678639954E+00    0.244053457117633134E-02    0.366330244910143074E+04
    0.986038931527795093E+01    0.888936733179525262E+00    0.246366484058014423E+01    0.254472442338202676E+02    0.152940188280776503E+02    0.896997188851084926E+00    0.164161149970616801E-02    0.366335485224337526E+04
    0.783669424648140023E+01    0.202479352270195498E+02    0.389890779230265405E+01    0.255994403401421309E+02    0.155101569688217875E+02    0.892017836288991672E+00    0.218952097720516653E-02    0.366337739911506833E+04
    0.820098768224278274E+01    0.210746281480656066E+02    0.385377788957917655E+01    0.255228542047653022E+02    0.151588783324033685E+02    0.908149395197384801E+00    0.222803992024088893E-02    0.366346664337958873E+04
    0.661910027618253238E+01    0.775569212643017103E+01    0.332005790333067186E+01    0.255411423717231685E+02    0.150064600166770425E+02    0.899394735123226430E+00    0.232814224407154775E-02    0.366355855343198937E+04
    0.298423315186053983E+01    0.187062890767353949E+02    0.376724434741236180E+01    0.253771613766665318E+02    0.153702944870333091E+02    0.882203375201749740E+00    0.231916258466828649E-02    0.366361468930778119E+04
    0.114127730276264963E+02    0.420346656611888214E+01    0.240047865454598330E+01    0.252466035883285826E+02    0.156589503689179406E+02    0.941804494520261604E+00    0.285621992773210306E-02    0.366374196717339510E+04
    0.157209424268995335E+02    0.348220521344292822E+01    0.289778943385932841E+01    0.256261059466644312E+02    0.151678222387899027E+02    0.913591550118823648E+00    0.199869908968056337E-02    0.366374926812782951E+04
    0.157209424268995335E+02    0.348220521344292822E+01    0.289778943385932841E+01    0.256261059466644312E+02    0.151678222387899027E+02    0.913591550118823648E+00    0.199869908968056337E-02    0.366374926812782951E+04
    0.114709220164726684E+02    0.845951825130030066E+01    0.324297125695305732E+01    0.255657630852919233E+02    0.157281887992864142E+02    0.884962080021958530E+00    0.124160732376661165E-02    0.366376507657528782E+04
    0.777500981912230049E+01    0.482133681525142954E+01    0.292510489364195703E+01    0.257095661771182478E+02    0.151192480739057089E+02    0.874236169283130526E+00    0.122770340495536234E-02    0.366390006029642564E+04
    0.742737725643500912E+01    0.809479568113478898E+01    0.305772649716578204E+01    0.259389622767029309E+02    0.151456748114499575E+02    0.955520189669857856E+00    0.170346322681090632E-02    0.366395095379095437E+04
    0.971021957545929837E+01    0.617476470667208410E+01    0.294338516817510554E+01    0.254938361677167435E+02    0.153970010083872673E+02    0.854836190856538281E+00    0.138266505540158300E-02    0.366397883590131823E+04
    0.100151156162332917E+02    0.126160739252478873E+02    0.339401784211253643E+01    0.252140010913176056E+02    0.159357768873467300E+02    0.913569154289867180E+00    0.225920741694657194E-02    0.366401397687502367E+04
    0.124521255476310397E+02    0.542896476481533519E+01    0.290883573876954804E+01    0.256664198361615696E+02    0.154673737366804680E+02    0.942981254077200348E+00    0.186240858549050186E-02    0.366401609250133924E+04
    0.118402848345707596E+02    0.491951678340687604E+01    0.280996458053315479E+01    0.253022579011988604E+02    0.157845478755327164E+02    0.928897494901600229E+00    0.240512999051362922E-02    0.366403513011439190E+04
    0.868740860580284391E+01    0.907894297527264449E+01    0.310441181354646600E+01    0.255601965663167334E+02    0.153857744109373513E+02    0.915005295758685611E+00    0.254315561977407024E-02    0.366405745255744250E+04
    0.794628957375784317E+01    0.125270199750972075E+02    0.346057920035719357E+01    0.251001958554974998E+02    0.154450366407636643E+02    0.917114199772910421E+00    0.183948625572646191E-02    0.366406432017496172E+04
    0.794628957375784317E+01    0.125270199750972075E+02    0.346057920035719357E+01    0.251001958554974998E+02    0.154450366407636643E+02    0.917114199772910421E+00    0.183948625572646191E-02    0.366406432017496172E+04
    0.508691626314700418E+01    0.962079372733953875E+01    0.325354514933780381E+01    0.255614523087572003E+02    0.152532668785973105E+02    0.924312675646256965E+00    0.128956275425012542E-02    0.366408136781751227E+04
    0.150250665352569257E+02    0.293393011140578119E+01    0.214241866785330792E+01    0.253375331428068478E+02    0.152076918945472404E+02    0.968019128584536537E+00    0.236747838318543142E-02    0.366408712429337083E+04
    0.108014678086324878E+02    0.108451054806426903E+02    0.330069226376358849E+01    0.257824189439683913E+02    0.152211350489077901E+02    0.867274932621784789E+00    0.188950286439235689E-02    0.366410667330866772E+04
    0.119700743531975622E+02    0.139433287940247226E+02    0.345625337865979976E+01    0.256910553130963848E+02    0.151750871250976225E+02    0.921186410958848900E+00    0.178674079348328492E-02    0.366412192087547783E+04
    0.333077016789123093E+01    0.817428387631031761E+01    0.331140685693212156E+01    0.259955414333681674E+02    0.152700302404214980E+02    0.889419175536729334E+00    0.195003459768242678E-02    0.366413613279021547E+04
    0.852225258388083162E+01    0.724537862853680714E+01    0.301016400763836733E+01    0.254754905068862350E+02    0.154810629051006750E+02    0.860044445150027870E+00    0.212528149728818255E-02    0.366417807302058736E+04
    0.852225258388083162E+01    0.724537862853680714E+01    0.301016400763836733E+01    0.254754905068862350E+02    0.154810629051006750E+02    0.860044445150027870E+00    0.212528149728818255E-02    0.366417807302058736E+04
    0.114467351488809221E+02    0.943004396162414693E+01    0.318159932705107806E+01    0.256754224524850443E+02    0.153254346656081886E+02    0.897263698444264679E+00    0.235485787416073785E-02    0.366418453092130403E+04
    0.114467351488809221E+02    0.943004396162414693E+01    0.318159932705107806E+01    0.256754224524850443E+02    0.153254346656081886E+02    0.897263698444264679E+00    0.235485787416073785E-02    0.366418453092130403E+04
    0.640099932607712407E+01    0.101765844247532335E+02    0.306714222482653787E+01    0.255590750563513147E+02    0.154450482428407518E+02    0.932601960309205946E+00    0.941463593227699841E-03    0.366422663008954805E+04
    0.810929836467535914E+01    0.676703941930355501E+01    0.233845650946706529E+01    0.254812713881301001E+02    0.155159395917562151E+02    0.964945034485146014E+00    0.127289769634510901E-02    0.366424670155535841E+04
    0.907791523258295463E+01    0.176350830462584831E+02    0.351151912584385295E+01    0.255779595939747395E+02    0.157534060621541396E+02    0.870143518648849645E+00    0.172322720049554240E-02    0.366430020383434339E+04
    0.663024476354251924E+01    0.801985854726170189E+01    0.302931437294766592E+01    0.252114860412109856E+02    0.158429943551024408E+02    0.909813184296428767E+00    0.247986897311429540E-02    0.366431719745275495E+04
    0.229998578688677391E+01    0.424123214102170643E+01    0.244339437390161951E+01    0.252776998342032684E+02    0.153046022537434148E+02    0.897701909120734998E+00    0.240543962837486483E-02    0.366431883110026592E+04
    0.229998578688677391E+01    0.424123214102170643E+01    0.244339437390161951E+01    0.252776998342032684E+02    0.153046022537434148E+02    0.897701909120734998E+00    0.240543962837486483E-02    0.366431883110026592E+04
    0.579650591892894251E+01    0.538732797442844547E+01    0.279361879798423329E+01    0.251430076946154060E+02    0.153921006216092060E+02    0.904360005084832053E+00    0.253973511199179994E-02    0.366436323348682026E+04
    0.117899998683839584E+02    0.239039911193807431E+01    0.256240238928070108E+01    0.253025407864958751E+02    0.156225818495552087E+02    0.901101357907564404E+00    0.188110240000192303E-02    0.366445518450821783E+04
    0.117899998683839584E+02    0.239039911193807431E+01    0.256240238928070108E+01    0.253025407864958751E+02    0.156225818495552087E+02    0.901101357907564404E+00    0.188110240000192303E-02    0.366445518450821783E+04
    0.841938821036766427E+01    0.136653463304560141E+02    0.329365522441935266E+01    0.256694225487948948E+02    0.155073885721884341E+02    0.868984100374749713E+00    0.138475963900338314E-02    0.366447688013458037E+04
    0.841938821036766427E+01    0.136653463304560141E+02    0.329365522441935266E+01    0.256694225487948948E+02    0.155073885721884341E+02    0.868984100374749713E+00    0.138475963900338314E-02    0.366447688013458037E+04
    0.537528517492593583E+01    0.120601095903444424E+02    0.303598101302839973E+01    0.255658830130432904E+02    0.156761440823775917E+02    0.895552841516808029E+00    0.269192816876105082E-02    0.366453154429811048E+04
    0.537528517492593583E+01    0.120601095903444424E+02    0.303598101302839973E+01    0.255658830130432904E+02    0.156761440823775917E+02    0.895552841516808029E+00    0.269192816876105082E-02    0.366453154429811048E+04
    0.719656967381520651E+01    0.879933530893841898E+01    0.312845318917062176E+01    0.258524355213999790E+02    0.152922216801851576E+02    0.927487541948576633E+00    0.181031138951430340E-02    0.366455494820025660E+04
    0.311419508624343777E+01    0.123129972699362131E+02    0.295755175837040696E+01    0.259563232388371503E+02    0.155198222105630457E+02    0.842073427614904335E+00    0.127463389365901143E-02    0.366455606797473956E+04
    0.311419508624343777E+01    0.123129972699362131E+02    0.295755175837040696E+01    0.259563232388371503E+02    0.155198222105630457E+02    0.842073427614904335E+00    0.127463389365901143E-02    0.366455606797473956E+04
    0.150390516638683831E+02    0.737689895040245958E+01    0.294589492960121158E+01    0.252583034066228578E+02    0.156035537053396194E+02    0.905425022737256668E+00    0.235837865901295744E-02    0.366456067429390032E+04
    0.150390516638683831E+02    0.737689895040245958E+01    0.294589492960121158E+01    0.252583034066228578E+02    0.156035537053396194E+02    0.905425022737256668E+00    0.235837865901295744E-02    0.366456067429390032E+04
    0.110112307536093788E+02    0.626430459143898322E+01    0.297055528179395090E+01    0.253445769980077849E+02    0.155343337109487791E+02    0.884921794667979267E+00    0.154523989354494909E-02    0.366456624285914586E+04
    0.188511096584049298E+01    0.137788738115995084E+02    0.288756992999242001E+01    0.256607028515325091E+02    0.158304897668375020E+02    0.866375550732694344E+00    0.180301601821484018E-02    0.366459837552975432E+04
    0.188511096584049298E+01    0.137788738115995084E+02    0.288756992999242001E+01    0.256607028515325091E+02    0.158304897668375020E+02    0.866375550732694344E+00    0.180301601821484018E-02    0.366459837552975432E+04
    0.720960632890621778E+01    0.420755508026915415E+01    0.258540763228424098E+01    0.259754598554838338E+02    0.153707269459274709E+02    0.920371478273425248E+00    0.246957087801191136E-02    0.366462733336466454E+04
    0.720960632890621778E+01    0.420755508026915415E+01    0.258540763228424098E+01    0.259754598554838338E+02    0.153707269459274709E+02    0.920371478273425248E+00    0.246957087801191136E-02    0.366462733336466454E+04
    0.524263182788005633E+01    0.833391628833672193E+01    0.248570256958354463E+01    0.254980155810635161E+02    0.154630022382153349E+02    0.878839740939971525E+00    0.169974905288347708E-02    0.366465768034310349E+04
    0.524263182788005633E+01    0.833391628833672193E+01    0.248570256958354463E+01    0.254980155810635161E+02    0.154630022382153349E+02    0.878839740939971525E+00    0.169974905288347708E-02    0.366465768034310349E+04
    0.117740025129491066E+02    0.238680740467884522E+01    0.225156523142914011E+01    0.256635105795145968E+02    0.157162240813830021E+02    0.958064528044688335E+00    0.155639964926668900E-02    0.366466319827941879E+04
    0.117740025129491066E+02    0.238680740467884522E+01    0.225156523142914011E+01    0.256635105795145968E+02    0.157162240813830021E+02    0.958064528044688335E+00    0.155639964926668900E-02    0.366466319827941879E+04
    0.178386551104655524E+02    0.374687846315691520E+01    0.260685791927746591E+01    0.254472987326418156E+02    0.150987813926089061E+02    0.928464159742496076E+00    0.207272512497549011E-02    0.366467648257978772E+04
    0.110839949274898686E+02    0.438106457741376332E+01    0.256828869432291595E+01    0.252029458100325243E+02    0.151867983267831796E+02    0.953474573170690953E+00    0.192539147269076092E-02    0.366471189568227373E+04
    0.110839949274898686E+02    0.438106457741376332E+01    0.256828869432291595E+01    0.252029458100325243E+02    0.151867983267831796E+02    0.953474573170690953E+00    0.192539147269076092E-02    0.366471189568227373E+04
    0.144042472032936839E+02    0.794302872244237612E+01    0.285488317970314798E+01    0.250674342607387182E+02    0.154368362181697378E+02    0.937634895704744231E+00    0.231817221767281192E-02    0.366472685333845766E+04
    0.870253794571232397E+01    0.912304643370135437E+01    0.267048324761534372E+01    0.258383335153489746E+02    0.154513176087110082E+02    0.889469451974446268E+00    0.266942712349462537E-02    0.366473329339848397E+04
    0.109744589038362292E+02    0.776999379781380028E+01    0.281103403971851895E+01    0.257410855472950892E+02    0.152642953574026841E+02    0.958537762324375486E+00    0.179611525724033823E-02    0.366477636148924785E+04
    0.142546741778767654E+02    0.362794175315942802E+01    0.213812168972515204E+01    0.253666043847445231E+02    0.152553797332322887E+02    0.950252789941994247E+00    0.216891220399554815E-02    0.366479894520856851E+04
    0.142546741778767654E+02    0.362794175315942802E+01    0.213812168972515204E+01    0.253666043847445231E+02    0.152553797332322887E+02    0.950252789941994247E+00    0.216891220399554815E-02    0.366479894520856851E+04
    0.102922458731420008E+02    0.129107556236478480E+02    0.319937423047688574E+01    0.259422506382259570E+02    0.155438918425105275E+02    0.933606861566774082E+00    0.184680605729201715E-02    0.366483350589150768E+04
    0.892147247917001529E+01    0.795903218641959320E+01    0.238468995014969076E+01    0.251487177771330543E+02    0.153303605519345396E+02    0.896185713913677628E+00    0.146276477466228795E-02    0.366486340915325309E+04
    0.678863991530423050E+01    0.149889350071320671E+02    0.312231448794301247E+01    0.259554098087531635E+02    0.156573505548714227E+02    0.897153449504737521E+00    0.258049392436948818E-02    0.366487702992432787E+04
    0.678863991530423050E+01    0.149889350071320671E+02    0.312231448794301247E+01    0.259554098087531635E+02    0.156573505548714227E+02    0.897153449504737521E+00    0.258049392436948818E-02    0.366487702992432787E+04
    0.183156777150316401E+02    0.973511173273084296E+01    0.305563073587139566E+01    0.255143499763961081E+02    0.155989473384301505E+02    0.915502555266931139E+00    0.208383725659413771E-02    0.366488768097099455E+04
    0.183156777150316401E+02    0.973511173273084296E+01    0.305563073587139566E+01    0.255143499763961081E+02    0.155989473384301505E+02    0.915502555266931139E+00    0.208383725659413771E-02    0.366488768097099455E+04
    0.281075367128693543E+01    0.911433182262010533E+01    0.278823178084180157E+01    0.256501807216987423E+02    0.157193206930668019E+02    0.896991948890569768E+00    0.238436366224540567E-02    0.366497000461346215E+04
    0.536774967083615095E+01    0.209772810785337533E+02    0.305881324436359137E+01    0.259580212468523825E+02    0.154130765559492495E+02    0.881340929377509852E+00    0.253813043414565995E-02    0.366497090993402253E+04
    0.536774967083615095E+01    0.209772810785337533E+02    0.305881324436359137E+01    0.259580212468523825E+02    0.154130765559492495E+02    0.881340929377509852E+00    0.253813043414565995E-02    0.366497090993402253E+04
    0.842832555236538994E+01    0.398098745756308059E+01    0.223339202847413709E+01    0.257006239148582054E+02    0.154298597597283766E+02    0.928253174580412010E+00    0.223275720036222175E-02    0.366502059464209879E+04
    0.141666805851161435E+02    0.153415747134580158E+02    0.296801411283942862E+01    0.254839971221413748E+02    0.156008771918801123E+02    0.970249229070246466E+00    0.189900148878482489E-02    0.366502509529335839E+04
    0.615641632786732096E+01    0.107598272389076293E+02    0.298235882216860526E+01    0.255561871542242827E+02    0.153962828138034755E+02    0.892292284237922728E+00    0.244363128320036933E-02    0.366503375104132510E+04
    0.615641632786732096E+01    0.107598272389076293E+02    0.298235882216860526E+01    0.255561871542242827E+02    0.153962828138034755E+02    0.892292284237922728E+00    0.244363128320036933E-02    0.366503375104132510E+04
    0.665682345157695554E+01    0.569820741504658734E+01    0.243980201823425524E+01    0.257178305505042211E+02    0.157035469508473700E+02    0.922577171268052720E+00    0.237125457318097463E-02    0.366503608858077769E+04
    0.103121115578202005E+02    0.737643531815449283E+01    0.280279931171958507E+01    0.253771967063680179E+02    0.152625920124786987E+02    0.946691465810636901E+00    0.187371886514726667E-02    0.366504593451660367E+04
    0.940194678389719307E+01    0.990646734845302745E+01    0.265372856004542523E+01    0.252488907512489469E+02    0.152150413107606326E+02    0.929577224701948479E+00    0.251455357559240370E-02    0.366505891106635681E+04
    0.306937832762606533E+01    0.815373831306716390E+01    0.258572310856701781E+01    0.252888029598680788E+02    0.151689626260499892E+02    0.910668071617062536E+00    0.106649132645569313E-02    0.366507127448763640E+04
    0.577664144347808595E+01    0.256904420850456177E+02    0.350947531211089547E+01    0.258465115547714035E+02    0.153508104295768391E+02    0.870924853197985294E+00    0.195550742028057986E-02    0.366507514004364884E+04
    0.577664144347808595E+01    0.256904420850456177E+02    0.350947531211089547E+01    0.258465115547714035E+02    0.153508104295768391E+02    0.870924853197985294E+00    0.195550742028057986E-02    0.366507514004364884E+04
    0.550705707230703290E+01    0.113272269667352674E+02    0.279005690629471159E+01    0.258019387383046173E+02    0.157309404223158644E+02    0.943813746440609447E+00    0.233505482976678093E-02    0.366507678638822517E+04
    0.550705707230703290E+01    0.113272269667352674E+02    0.279005690629471159E+01    0.258019387383046173E+02    0.157309404223158644E+02    0.943813746440609447E+00    0.233505482976678093E-02    0.366507678638822517E+04
    0.880566625138067494E+01    0.227625215147513860E+01    0.193556475831355890E+01    0.258396422792043907E+02    0.152719643045082982E+02    0.916366820374407531E+00    0.133849166187348292E-02    0.366509827997204502E+04
    0.125417713702430582E+02    0.764491282618302215E+01    0.294527629338765928E+01    0.255201495654422388E+02    0.150440510409958499E+02    0.893991369752056730E+00    0.188233803542010554E-02    0.366511000444880165E+04
    0.125417713702430582E+02    0.764491282618302215E+01    0.294527629338765928E+01    0.255201495654422388E+02    0.150440510409958499E+02    0.893991369752056730E+00    0.188233803542010554E-02    0.366511000444880165E+04
    0.781175052490122113E+01    0.978218345207493556E+01    0.295982848487619599E+01    0.257083761893434648E+02    0.153764014671761906E+02    0.861378740637504858E+00    0.159610432573814532E-02    0.366511425577109549E+04
    0.776627126140438140E+01    0.101712812285685743E+02    0.292483239819947460E+01    0.258565282943065569E+02    0.154695328346606154E+02    0.952005131695681461E+00    0.160767551513673907E-02    0.366512383319536048E+04
    0.134285333837439911E+02    0.421532279147032707E+01    0.243573754482272919E+01    0.253795803619736304E+02    0.154261685866038860E+02    0.953761286653082574E+00    0.183458761184611819E-02    0.366514800762492723E+04
    0.134285333837439911E+02    0.421532279147032707E+01    0.243573754482272919E+01    0.253795803619736304E+02    0.154261685866038860E+02    0.953761286653082574E+00    0.183458761184611819E-02    0.366514800762492723E+04
    0.138391659188261773E+02    0.124303406400039496E+02    0.289700191594491274E+01    0.252745244188255711E+02    0.155448065892198990E+02    0.848379154727846974E+00    0.161655700435979813E-02    0.366517213306347958E+04
    0.138391659188261773E+02    0.124303406400039496E+02    0.289700191594491274E+01    0.252745244188255711E+02    0.155448065892198990E+02    0.848379154727846974E+00    0.161655700435979813E-02    0.366517213306347958E+04
    0.114853992926618886E+02    0.549743607271721668E+01    0.225946430275388277E+01    0.258266353363614662E+02    0.151879914433304712E+02    0.889809501863122909E+00    0.179393957492867176E-02    0.366519002479559140E+04
    0.155868926103720113E+02    0.990956699000510355E+01    0.299839677263402171E+01    0.255136462982894940E+02    0.159009649225514522E+02    0.908650644743490776E+00    0.212754479891043291E-02    0.366519362298360011E+04
    0.147221173784806361E+02    0.522509917465401141E+01    0.266421139416444408E+01    0.251593118642414026E+02    0.151529924550223729E+02    0.871762953922670114E+00    0.186803044077716966E-02    0.366520071018389081E+04
    0.935880815416916612E+01    0.143813828868036175E+02    0.325024820108830159E+01    0.255690206542094813E+02    0.150968130231187523E+02    0.898419108588109361E+00    0.178796369966547361E-02    0.366521054545610650E+04
    0.935880815416916612E+01    0.143813828868036175E+02    0.325024820108830159E+01    0.255690206542094813E+02    0.150968130231187523E+02    0.898419108588109361E+00    0.178796369966547361E-02    0.366521054545610650E+04
    0.107405392155693669E+02    0.726617553947867201E+01    0.281234269408032622E+01    0.253252821796038248E+02    0.152387149463399698E+02    0.910852407153784682E+00    0.118174408295205688E-02    0.366522033222693653E+04
    0.717145134351284774E+01    0.149642548149515520E+02    0.292033743252027067E+01    0.258156908621983092E+02    0.158987083762655068E+02    0.894519884523815367E+00    0.253695062653354298E-02    0.366522199384086662E+04
    0.123534315528737935E+02    0.386450727011455530E+01    0.227118000639278605E+01    0.257701890190696012E+02    0.151940829069659866E+02    0.859964512581645191E+00    0.190312479816072953E-02    0.366523893322441108E+04
    0.123534315528737935E+02    0.386450727011455530E+01    0.227118000639278605E+01    0.257701890190696012E+02    0.151940829069659866E+02    0.859964512581645191E+00    0.190312479816072953E-02    0.366523893322441108E+04
    0.127899104026317438E+02    0.780824488042719622E+01    0.282727934282538129E+01    0.251348005664166259E+02    0.151796602998840306E+02    0.867240602286763806E+00    0.155429382475906421E-02    0.366524325962876219E+04
    0.125041204864528694E+02    0.622310287361619618E+01    0.264799217025627520E+01    0.254410544468622746E+02    0.157351836846600968E+02    0.923526147386387386E+00    0.232610892703080663E-02    0.366526066394033523E+04
    0.112633252728719331E+02    0.579110688876484314E+01    0.234010499565614216E+01    0.255670356724878403E+02    0.154216050986838109E+02    0.897846615480372923E+00    0.220484421696023848E-02    0.366526139597127622E+04
    0.188712964497670939E+02    0.646852156920881871E+01    0.263615102835368953E+01    0.253596272807978487E+02    0.156213749931381667E+02    0.933287757249631089E+00    0.113583888237123870E-02    0.366530536024710455E+04
    0.760428942412750164E+01    0.732497593549195170E+01    0.263061764884707250E+01    0.253134211185726379E+02    0.159094955224794106E+02    0.856401345932117586E+00    0.143421356104296398E-02    0.366530632033301845E+04
    0.576554382667878418E+01    0.776252601546527288E+01    0.275993393115915442E+01    0.253632875165589979E+02    0.154974701144280580E+02    0.880253750978211125E+00    0.224615610569671269E-02    0.366531096223685836E+04
    0.438396548777334605E+01    0.166607201166471270E+02    0.323346100843695572E+01    0.255788467286442689E+02    0.156331430066391199E+02    0.938626143559363024E+00    0.181398483042858509E-02    0.366531459341525033E+04
    0.438396548777334605E+01    0.166607201166471270E+02    0.323346100843695572E+01    0.255788467286442689E+02    0.156331430066391199E+02    0.938626143559363024E+00    0.181398483042858509E-02    0.366531459341525033E+04
    0.126254516117084385E+02    0.146368780575259727E+02    0.302369872605887346E+01    0.252885944613300460E+02    0.151642551514030899E+02    0.952932756572482664E+00    0.153388439963881565E-02    0.366533253873819467E+04
    0.603882248972990876E+01    0.175558044258345731E+02    0.333177334349582566E+01    0.251018151837239323E+02    0.154862047671270258E+02    0.890888327516766498E+00    0.161676647218496382E-02    0.366533792994779333E+04
    0.123798319452889096E+02    0.178324149061973038E+02    0.318220827592055278E+01    0.252273697437914635E+02    0.156040445348750580E+02    0.942772369216488770E+00    0.158409194212956396E-02    0.366535816771261307E+04
    0.124567055891077558E+02    0.108093896751152894E+02    0.284532862773111006E+01    0.252636612703393624E+02    0.157500431427402496E+02    0.956692367721176051E+00    0.169258614420222269E-02    0.366535834305914432E+04
    0.339185818089841717E+01    0.124640784383764505E+02    0.294414585017738650E+01    0.257839251147461788E+02    0.152361265479513470E+02    0.950613720963040087E+00    0.181050383206091733E-02    0.366536722127327585E+04
    0.664270134954901792E+01    0.592997478032546965E+01    0.271320751203273369E+01    0.253497748195944936E+02    0.152346884737292996E+02    0.896741772287372951E+00    0.213293419868045009E-02    0.366540165860011393E+04
    0.416472356647834197E+01    0.997765875285193538E+01    0.287553695552589916E+01    0.256294827209348135E+02    0.159133282311068402E+02    0.894472008687028697E+00    0.228413729601041355E-02    0.366540169684870671E+04
    0.113517282289184589E+02    0.155478217369831420E+02    0.290654586420745087E+01    0.258659293870269629E+02    0.153670806059296261E+02    0.959914341376693070E+00    0.124310222375146251E-02    0.366540658184551239E+04
    0.341740570695113632E+01    0.790270315751825070E+01    0.258456409364629280E+01    0.253817773453569835E+02    0.155674768623942708E+02    0.918223870691873278E+00    0.130225730527173695E-02    0.366543218232826757E+04
    0.580838751517609264E+01    0.363810023474330357E+01    0.242618049066325492E+01    0.255895185697118386E+02    0.155050101429219112E+02    0.924535104833145271E+00    0.199189910649723995E-02    0.366544465167340195E+04
    0.153511793567506807E+02    0.345888624941817779E+01    0.219620150985607321E+01    0.255777032279980538E+02    0.151326896547262315E+02    0.864666053169859339E+00    0.174741149961625693E-02    0.366545586579098654E+04
    0.131795477681145492E+02    0.116332656010978805E+02    0.279837193267622775E+01    0.252001074936346967E+02    0.152985082258646852E+02    0.942423166682292313E+00    0.103527262297624205E-02    0.366545798304979598E+04
    0.103512403646836226E+02    0.152071916628261334E+02    0.276843786347415621E+01    0.258307958159252671E+02    0.152034941603232951E+02    0.962148232393296166E+00    0.149414735457024722E-02    0.366547292502176560E+04
    0.496758209132350537E+01    0.184790884849627801E+02    0.304746221860160826E+01    0.259354264645576507E+02    0.158027270855383648E+02    0.862917866728411309E+00    0.130231185052646393E-02    0.366549671319509980E+04
    0.974942427822058377E+01    0.147646305648257936E+01    0.191045669523707673E+01    0.258795506102984163E+02    0.152614275046157317E+02    0.911676267087525138E+00    0.183567067693795336E-02    0.366550212843478084E+04
    0.596978331233426474E+01    0.127755497418772013E+02    0.292586324528296648E+01    0.259564394415470225E+02    0.157380735258026743E+02    0.865828787232636010E+00    0.131047838893515265E-02    0.366552460374356588E+04
    0.640098426181785118E+01    0.137073351291467453E+02    0.278947105776901250E+01    0.250851731816347652E+02    0.155023904477478780E+02    0.869005579939797435E+00    0.138806867913127499E-02    0.366552492841740832E+04
    0.174567311392057292E+02    0.623659498640646692E+01    0.243033416507027633E+01    0.250109058726720903E+02    0.153031461687490875E+02    0.958238890119449738E+00    0.154966089864581511E-02    0.366553857995765111E+04
    0.174567311392057292E+02    0.623659498640646692E+01    0.243033416507027633E+01    0.250109058726720903E+02    0.153031461687490875E+02    0.958238890119449738E+00    0.154966089864581511E-02    0.366553857995765111E+04
    0.121814772077201390E+02    0.149950781235304262E+02    0.314415659634091504E+01    0.253060420752322948E+02    0.157980914587211174E+02    0.900331515408134053E+00    0.204172275483237515E-02    0.366555036189723569E+04
    0.190313200100243378E+02    0.133278694087287093E+02    0.291784391764029394E+01    0.255810363241192036E+02    0.156224683652618701E+02    0.872810716776820650E+00    0.219689864197696472E-02    0.366557175568167258E+04
    0.116960394816278779E+02    0.140071729129768396E+02    0.310816479167685200E+01    0.257236779382341467E+02    0.153982872290648913E+02    0.897899958277286858E+00    0.192965689759366180E-02    0.366563678283195850E+04
    0.116960394816278779E+02    0.140071729129768396E+02    0.310816479167685200E+01    0.257236779382341467E+02    0.153982872290648913E+02    0.897899958277286858E+00    0.192965689759366180E-02    0.366563678283195850E+04
    0.195272395772799818E+02    0.397638175435878338E+01    0.244743980660208527E+01    0.251066504444027956E+02    0.155858753485108252E+02    0.925298572871755654E+00    0.170645429315828133E-02    0.366564166886785006E+04
    0.145211988072220528E+02    0.175195281534696790E+01    0.193723328940659822E+01    0.252253604946257930E+02    0.151281810981720852E+02    0.923545795167496464E+00    0.174356612347180960E-02    0.366564948925761655E+04
    0.584981294600088209E+01    0.129217032117094259E+02    0.288559169127670012E+01    0.251183959099101415E+02    0.157818381095993061E+02    0.866551944022085685E+00    0.146314923560055920E-02    0.366567181108782870E+04
    0.113904489651515544E+02    0.912134876323058208E+01    0.249554194378908578E+01    0.252999171956654010E+02    0.157277212892145855E+02    0.930772252540743028E+00    0.175387105042965410E-02    0.366568441973595100E+04
    0.561981992082509407E+01    0.102392534744132107E+02    0.282897663455774406E+01    0.256216484731302785E+02    0.150910905273406897E+02    0.871949283811180753E+00    0.184909948914026030E-02    0.366569242866113200E+04
    0.947762118101315565E+01    0.101945305310184118E+02    0.274663105859625700E+01    0.257373859085491006E+02    0.156760107363184282E+02    0.869697269925442829E+00    0.196965419174139744E-02    0.366569546778559607E+04
    0.175461224796764448E+02    0.831824846910942917E+01    0.261621435257522750E+01    0.257809085740814261E+02    0.150812340955248487E+02    0.942594916721950504E+00    0.119630023922523312E-02    0.366570061878344904E+04
    0.174497327056993825E+02    0.132932790970027241E+02    0.292752157435563731E+01    0.254549704754285635E+02    0.153591330042407392E+02    0.918040707702336811E+00    0.110971595743545584E-02    0.366570495924604029E+04
    0.909709473996008811E+01    0.919044006965513027E+01    0.278754019992931790E+01    0.258125900696859496E+02    0.152214219441296930E+02    0.936390050376499694E+00    0.139936839528018143E-02    0.366570671272597156E+04
    0.118120848400722007E+02    0.738084206140190080E+01    0.242488089134392748E+01    0.252905981705510712E+02    0.151246211658302769E+02    0.924239505545939366E+00    0.119965479017354625E-02    0.366571903674855321E+04
    0.116777860419767485E+02    0.968281768082311345E+01    0.270972236279771783E+01    0.250237039543449136E+02    0.154297500346564824E+02    0.897231570741102935E+00    0.994247508752047621E-03    0.366572392048281881E+04
    0.148415393893896770E+02    0.405727495168761187E+01    0.224133402004858517E+01    0.250187479367601533E+02    0.157860362606053712E+02    0.937618410870424857E+00    0.130648054507256505E-02    0.366573133676974976E+04
    0.120053397416950141E+02    0.490482190801958318E+01    0.238815149436202834E+01    0.256019167126254210E+02    0.158288988439336933E+02    0.880677597388215494E+00    0.198748033047812037E-02    0.366573643212736033E+04
    0.124460896343316705E+02    0.965301575231883469E+01    0.283293559796028305E+01    0.256487305693433356E+02    0.157627641301976364E+02    0.934007328178074747E+00    0.177267673408108579E-02    0.366574606688466656E+04
    0.841369387221851106E+01    0.153680034336073277E+02    0.314049063194624445E+01    0.253525185505552777E+02    0.152117505566345415E+02    0.898572464946986171E+00    0.190189610965890623E-02    0.366575826508504861E+04
    0.909402054727844522E+01    0.110696330408175498E+02    0.278978963359203602E+01    0.257122149283991597E+02    0.150857036001875144E+02    0.876802529694358235E+00    0.206916053646783024E-02    0.366576077667118670E+04
    0.182122894001739866E+02    0.772286252645739335E+01    0.245582256348647832E+01    0.253219974083068706E+02    0.158087460161790929E+02    0.907408300032690796E+00    0.216985281952258510E-02    0.366576566605280550E+04
    0.118310753588217903E+02    0.113206358274536925E+02    0.290668074090068984E+01    0.258250371912261230E+02    0.157634874576539268E+02    0.874611330161594758E+00    0.160419992294255718E-02    0.366576631340264703E+04
    0.124611326633156061E+02    0.119171013854433490E+02    0.275684755778881829E+01    0.253804302186974091E+02    0.154795917123356404E+02    0.942943348007009741E+00    0.207543881463881060E-02    0.366579320592558497E+04
    0.747108580277447132E+01    0.151191422705817047E+02    0.282515144901498338E+01    0.257471185573094914E+02    0.152682081355752644E+02    0.898700361392988478E+00    0.210879328102023559E-02    0.366581833889073914E+04
    0.142461222837216077E+02    0.175045248783543812E+02    0.299866159746366812E+01    0.257323744595156718E+02    0.155207448351582151E+02    0.949889097738652932E+00    0.182775698708754217E-02    0.366582457788634974E+04
    0.662150060188904899E+01    0.166635507730466408E+02    0.283062208659990988E+01    0.257852195457297277E+02    0.159308565829683779E+02    0.898397312811881399E+00    0.184628451064182755E-02    0.366582509070113247E+04
    0.172523232262293291E+02    0.139671419692491519E+02    0.289048699284550548E+01    0.257369676231738005E+02    0.153539873744040598E+02    0.866668636740377862E+00    0.148325620814608464E-02    0.366582731674791194E+04
    0.848979347562335640E+01    0.862491854088231058E+01    0.275087302344251539E+01    0.254861088866865124E+02    0.156475087945945894E+02    0.877059816868162923E+00    0.151772376636457652E-02    0.366583982656048920E+04
    0.664993006192177116E+01    0.111429825725664884E+02    0.269490221359069348E+01    0.258141712670793417E+02    0.150397143783287639E+02    0.934892566003375669E+00    0.174196923574792477E-02    0.366584327321615137E+04
    0.139945907732231110E+02    0.446520877942430516E+01    0.241763124051551692E+01    0.258915745790525484E+02    0.156761789842933936E+02    0.928115523485031235E+00    0.184180469210249364E-02    0.366584402651956270E+04
    0.140022953976999798E+02    0.154511900541242895E+02    0.279741217801014708E+01    0.250311974404679169E+02    0.154744052691369181E+02    0.877082785181245606E+00    0.120618407965143466E-02    0.366584511183016411E+04
    0.142923843555233123E+02    0.120687895439639288E+02    0.264057732002423684E+01    0.256483567646771249E+02    0.153085391515400850E+02    0.878474244117907421E+00    0.165405845275411363E-02    0.366584967182954779E+04
    0.847747100564240874E+01    0.830041783247909493E+01    0.271140366392940946E+01    0.258778307101891230E+02    0.152616656887528883E+02    0.907929455912739991E+00    0.118036833614896348E-02    0.366585751310315936E+04
    0.648185290293686034E+01    0.783643336392565182E+01    0.267105854505165219E+01    0.255818871881259433E+02    0.157202581620429207E+02    0.890388249155754874E+00    0.126295965128429225E-02    0.366587150503306930E+04
    0.474872959501538983E+01    0.882615115815285911E+01    0.276997866454809794E+01    0.255395287108048237E+02    0.156725011290424021E+02    0.916995846304297535E+00    0.192416537065211212E-02    0.366587536365605683E+04
    0.113395572891491163E+02    0.113750676334639138E+02    0.286056351787129293E+01    0.254556518881973730E+02    0.155683705190804158E+02    0.874126397627571050E+00    0.156005645063561908E-02    0.366587555927630228E+04
    0.146922619064602014E+02    0.171720869288916766E+02    0.303690635860649571E+01    0.254907094494281807E+02    0.159158168803787348E+02    0.904312809011777130E+00    0.114155285329783592E-02    0.366588149159196109E+04
    0.729529563181597318E+01    0.138616335823272934E+02    0.287460579503812497E+01    0.254865586044969987E+02    0.150459904853557020E+02    0.892138566720505732E+00    0.111576517922507609E-02    0.366588526964092762E+04
    0.121205786647947917E+02    0.572030762380943525E+01    0.258862453248884972E+01    0.253409823916413472E+02    0.153436932591686457E+02    0.919293263983649189E+00    0.171553800072636684E-02    0.366588880390675013E+04
    0.164826358543236893E+02    0.133115377095959460E+02    0.271859289131463511E+01    0.253495837848810659E+02    0.151354287199214284E+02    0.894673368201405972E+00    0.105499818524347803E-02    0.366591695797905277E+04
    0.144700195009842627E+02    0.324930052473292630E+01    0.213811899997589361E+01    0.253866038447432167E+02    0.155002694484799832E+02    0.898155641949180517E+00    0.165042705717943208E-02    0.366592164301564435E+04
    0.806455865010369699E+01    0.127843888329870961E+02    0.281948217323231143E+01    0.254830933387707219E+02    0.154797461164683376E+02    0.891504906007660747E+00    0.115910485609352397E-02    0.366594372677663205E+04
    0.160688829912565438E+02    0.745304690246241464E+01    0.257909148411394806E+01    0.255584431806991610E+02    0.157637117055566875E+02    0.873911920617378102E+00    0.171609731732095703E-02    0.366594940096423761E+04
    0.971197243338508365E+01    0.192000776939989350E+02    0.308419293488253743E+01    0.256394193510636867E+02    0.152858759723779798E+02    0.921638531854508836E+00    0.119787953662626664E-02    0.366595529658399892E+04
    0.120348325737230386E+02    0.146928403668036118E+02    0.280416290558586700E+01    0.253117665776331293E+02    0.158473878382132298E+02    0.911579155593069346E+00    0.103961300880462391E-02    0.366596367134621732E+04
    0.157244732073102931E+02    0.631042102209408462E+01    0.252741643632662605E+01    0.250240259402495262E+02    0.157471278296669457E+02    0.926903585008973296E+00    0.132955334155276375E-02    0.366596705709225171E+04
    0.653843512203495880E+01    0.140210939261320551E+02    0.296439244478812247E+01    0.252859138257695868E+02    0.153799680625887003E+02    0.881172074598220556E+00    0.180225148473330118E-02    0.366598759351757644E+04
    0.216485804439753551E+02    0.146815570868938536E+02    0.294703133134963080E+01    0.254294142167470518E+02    0.154226723994471104E+02    0.923689978607934004E+00    0.130971634319394011E-02    0.366599465588205885E+04
    0.139570060163092275E+02    0.163259074767185020E+02    0.295789163196275862E+01    0.259085311795316855E+02    0.155381569313116223E+02    0.874614491227190261E+00    0.191489752087146275E-02    0.366600113632786270E+04
    0.148717829083427020E+02    0.182038147769752499E+02    0.293291626608103462E+01    0.254796118648378318E+02    0.156437331994934823E+02    0.892722099587543449E+00    0.107629643125133371E-02    0.366600477120025698E+04
    0.117851010973049775E+02    0.599379924306535017E+01    0.257735746319358849E+01    0.252616154781192925E+02    0.154633710337367098E+02    0.907039585437339202E+00    0.145468191441375911E-02    0.366600614479338310E+04
    0.113876578735905216E+02    0.115938228748685503E+02    0.277502566313853416E+01    0.258842340905736705E+02    0.151202890801931460E+02    0.879257225169586709E+00    0.186786010212420888E-02    0.366603964840661547E+04
    0.112437522839807205E+02    0.111022707651336390E+02    0.279835521976013002E+01    0.250338010395149126E+02    0.155056492544401294E+02    0.895764894875027862E+00    0.124599085825723307E-02    0.366604842319658155E+04
    0.109197625736371489E+02    0.731514941843433864E+01    0.259274888838805317E+01    0.259416327301381280E+02    0.154503683788886335E+02    0.924491186229306039E+00    0.138011253426459238E-02    0.366604978502434460E+04
    0.113199815612866423E+02    0.857687203408740828E+01    0.262678288744225430E+01    0.259947128732027224E+02    0.153700708832487010E+02    0.893466142342784320E+00    0.151671165577873385E-02    0.366621678947286728E+04
    0.174069013218176281E+02    0.116974041021308537E+02    0.282394177788973755E+01    0.259253238876906629E+02    0.150982567029510495E+02    0.905732889781224015E+00    0.135495812175759562E-02    0.366618312000559490E+04
    0.169432905424387812E+02    0.182119282848624735E+02    0.302195105522089769E+01    0.254353278985777500E+02    0.152231449592135561E+02    0.910956141316704660E+00    0.207954031252839070E-02    0.366619287911472929E+04
    0.155804866465239495E+02    0.148679744804724194E+02    0.287546825693707309E+01    0.254660141010921208E+02    0.152448637298294312E+02    0.898172039026294722E+00    0.127292754105890154E-02    0.366623963890358482E+04
    0.150514632516606355E+02    0.108900099144113938E+02    0.274785235695757857E+01    0.257480155256153438E+02    0.153137859421793472E+02    0.906120615548376640E+00    0.162324044989726004E-02    0.366638083766119553E+04
    0.153187798186896647E+02    0.158131636606803987E+02    0.303090336360250534E+01    0.254816278149414650E+02    0.153199444036944961E+02    0.896136958956782692E+00    0.171019140988160588E-02    0.366614554762414718E+04
    0.127796074163989690E+02    0.215349306649979084E+02    0.299306703795207785E+01    0.256375953802788494E+02    0.155495370391881522E+02    0.902302634847974350E+00    0.111858610896617286E-02    0.366615257026276231E+04
    0.151616141067411068E+02    0.129042893337711888E+02    0.273439234725818370E+01    0.252561707541760931E+02    0.150644660506708306E+02    0.929463411079845314E+00    0.128891727160062881E-02    0.366617631939751118E+04
    0.109963074576658908E+02    0.132836871672701307E+02    0.294816939508665632E+01    0.252182906174212214E+02    0.157079177587751690E+02    0.922208750468833438E+00    0.163952822886769705E-02    0.366609005736732206E+04
    0.994187218843534026E+01    0.196900269699413322E+02    0.308465978353198222E+01    0.252880858232639909E+02    0.159538393884278626E+02    0.896565195004705218E+00    0.128077639429323301E-02    0.366612533395868468E+04
    0.800835492332196885E+01    0.143700220087180490E+02    0.280244986741492452E+01    0.257276913505163556E+02    0.157130137693391454E+02    0.918199220848764375E+00    0.186634355624911677E-02    0.366612785911009405E+04
    0.131533026481661768E+02    0.197901891456396797E+02    0.306673796108589825E+01    0.250305299650642112E+02    0.154313232361011359E+02    0.917715165822282630E+00    0.147524515499839652E-02    0.366631297566779813E+04
    0.115011900426720608E+02    0.929331370736374929E+01    0.273594857942715164E+01    0.255451150478476094E+02    0.159262309551415662E+02    0.890334853675731508E+00    0.155982464775813057E-02    0.366614885134072256E+04
    0.111424769053874702E+02    0.147057660425998087E+02    0.283448011653698106E+01    0.252587160835838880E+02    0.158393984589812185E+02    0.910659136898026134E+00    0.212501079079236788E-02    0.366609785394763549E+04
    0.129658830363449340E+02    0.708701446180352512E+01    0.253963738842067155E+01    0.252800547850895256E+02    0.159627667979685519E+02    0.896671948794962592E+00    0.162277690460851747E-02    0.366623420548315198E+04
    0.199086809928853050E+02    0.416143672598075209E+01    0.223290101011736830E+01    0.252031576126596129E+02    0.156213068910254655E+02    0.916371118369592619E+00    0.162104793716930334E-02    0.366612552694630722E+04
    0.184143233338685448E+02    0.101987868558102726E+02    0.275914298075914344E+01    0.253747450906145104E+02    0.157251776882319945E+02    0.888160326487538621E+00    0.170941525145996086E-02    0.366619602548696275E+04
    0.175883203981052318E+02    0.821914954839930445E+01    0.260455357979661883E+01    0.250860031486901143E+02    0.157677998881597379E+02    0.915444202355167880E+00    0.195888568894917641E-02    0.366619968925586409E+04
    0.161710149784679054E+02    0.869984448294147938E+01    0.262081941462176493E+01    0.253962753178383451E+02    0.154414722526064594E+02    0.917092632745972969E+00    0.169720127953354514E-02    0.366633154361566039E+04
    0.270758416531968820E+02    0.785581717383112643E+01    0.253123074889466171E+01    0.252049236085089596E+02    0.153278750210714811E+02    0.919251797878490207E+00    0.173156777296250221E-02    0.366636760355599336E+04
    0.178655673119808185E+02    0.125247426286105004E+02    0.275538508176287733E+01    0.258843919076595377E+02    0.152110344380646225E+02    0.933746583930465057E+00    0.154974390390809260E-02    0.366627888966704222E+04
    0.204691533272210791E+02    0.176332903571856967E+02    0.300126627638446397E+01    0.256682050515901068E+02    0.158087763566433459E+02    0.886685034441325959E+00    0.187582604416704343E-02    0.366622931024156424E+04
    0.102651811346581940E+02    0.147633437500895717E+02    0.286571451358720086E+01    0.255340326096996719E+02    0.157900618036021392E+02    0.877165554892508803E+00    0.144927971425289396E-02    0.366605448137122403E+04
