    0.639966163251918561E-98   -0.886475050533900321E+04    0.611251430731981049E+01    0.848131431199614738E+01    0.849420054653166545E+01    0.124522401110698233E-01
    0.110745772421905649E-97   -0.886591398605345057E+04    0.143882070478836450E+02    0.593893630436348374E+01    0.988210528029400592E+01    0.124266580433496365E-01
    0.618050058102628217E-83   -0.893389169976077028E+04    0.940650440492138173E+01    0.873017679371725741E+01    0.574482018859066557E+01    0.109081144210256831E-01
    0.231244215484997253E-81   -0.894120251661464681E+04    0.141502967510457509E+02    0.663723669575899144E+01    0.404425352107782565E+01    0.107461829578618939E-01
    0.153902537273637549E-80   -0.894506004379781552E+04    0.672774522551005028E+01    0.416758893514572026E+01    0.796779336078517275E+01    0.106529389502620919E-01
    0.509803426941542634E-70   -0.899357382369802508E+04    0.621856725475747396E+01    0.568540433207116447E+01    0.250468862824535421E+01   -0.985530547430679693E-02
    0.130640358692957765E-69   -0.899552250651121904E+04    0.784002058162643856E+01    0.603591319296772699E+01    0.828200726509124152E+01    0.947889297306492296E-02
    0.139206580610859157E-60   -0.903716272650571409E+04    0.441554861523040820E+01    0.285187981969402982E+01    0.264188867948755224E+01    0.838449100632443489E-02
    0.230637310219255687E-47   -0.909810638032968382E+04    0.167574350908635559E+02    0.817221258911064341E+00    0.980916428770864712E+00   -0.803717131043935051E-02
    0.422493844310254653E-41   -0.912701472508427105E+04    0.193704184408848548E+02    0.884788749162529342E+01    0.455487670018663948E+01    0.616250113684380096E-02
    0.901144056124858218E-39   -0.913780671262797114E+04    0.164938554329971829E+02    0.972926372155837704E+01    0.875453983187769325E+01   -0.818668397761002087E-02
    0.500408566016034930E-38   -0.914130206901511337E+04    0.154476745387442960E+01    0.908378850873225474E+01    0.874865550886744359E+01    0.576065012617354988E-02
    0.475212341991837610E-28   -0.918731711122792694E+04    0.117082253287852396E+02    0.874904831234824698E+01    0.907151833555171905E+01   -0.743814667618969416E-02
    0.619219102083292993E-28   -0.918791317275759684E+04    0.157482801988363104E+02    0.878171708200021861E+01    0.816095590594750675E+01    0.438683897627911712E-02
    0.142904780539162650E-24   -0.920346795890160865E+04    0.123591588921308357E+02    0.788046192763996434E+01    0.482664061300090985E+01    0.389618298865901380E-02
    0.976004527448556731E-24   -0.920737720294241080E+04    0.709147256317577135E-01    0.532011027439479633E+01    0.302578377660024955E+01   -0.726501689594849509E-02
    0.425679507481530261E-23   -0.921038947881124477E+04    0.809873386051944166E+01    0.581048697718469320E+01    0.882182452616578416E+01   -0.702318046058958423E-02
    0.296711063031469370E-22   -0.921433945982441583E+04    0.679911842553204782E+01    0.661077985550602432E-01    0.279889694878999329E+01   -0.694872817561997813E-02
    0.270011617441760928E-21   -0.921882270902128039E+04    0.365301272037315794E+01    0.690542297305882080E+01    0.316618260031215115E+01    0.337374967001702331E-02
    0.107190533145993488E-17   -0.923546234232969437E+04    0.864013235246501665E+01    0.586609168048522278E+01    0.897074588216114677E+01   -0.650024262492709948E-02
    0.732987506460579832E-14   -0.925318956099995921E+04    0.983468495444762070E+01    0.969003025649596950E+01    0.815502656598541620E+01    0.210445227709099569E-02
    0.213358600837805223E-13   -0.925539308918211464E+04    0.156359993345898651E+02    0.970053198877976186E+01    0.410058383367017854E+01    0.204053372936474631E-02
    0.770264563326125180E-13   -0.925802727529372169E+04    0.222888167663192371E+01    0.137332944119136302E+01    0.958557079904286979E+01   -0.593362523154294941E-02
    0.101641357564046527E-12   -0.925864854508714780E+04    0.159324554344520823E+02    0.430857402493118258E+01    0.965938316556681897E+01    0.187904405647310035E-02
    0.101098372748882604E-12   -0.925870449878477484E+04    0.230471105043055513E+00    0.344455425456846154E+00    0.914567933909786035E+01   -0.591467605166717814E-02
    0.337686902125891026E-11   -0.926578838585877384E+04    0.171980567683623464E+01    0.231043418846415438E+01    0.624923734241984619E+01   -0.570791075115983926E-02
    0.522436948812112862E-10   -0.927133299303806780E+04    0.117980410443991808E+02    0.220121753233063355E+01    0.165577277317537863E+01   -0.422649290509302666E-02
    0.225926067475524033E-09   -0.927432823690324403E+04    0.140285892765460662E+02    0.908686640410341440E+01    0.722363132118605122E+01   -0.543343751446367929E-02
    0.218868449065804847E-09   -0.927433142966880223E+04    0.169023798734448469E+02    0.975516154759899479E+01    0.248331720222866892E+01    0.620791924961450192E-03
    0.555798517912912273E-09   -0.927626196631664425E+04    0.470065900665443426E+01    0.326442001920555436E+01    0.924771328216767685E+01   -0.536664416106291675E-02
    0.346963744031518042E-08   -0.927999143204871507E+04    0.845860839698845801E+01    0.643933456690703743E+01    0.933901189882178784E+01   -0.523229112740497548E-02
    0.374481169880754898E-08   -0.928021074117652461E+04    0.361091387408127451E+01    0.255342393693181746E+01    0.836347337825945658E+01    0.885794188456578979E-03
    0.513251874159323852E-08   -0.928090785821608006E+04    0.115451214371810913E+02    0.527154334930788160E+01    0.932367891394254400E+01    0.849961150765743412E-03
    0.616655350174475206E-08   -0.928134161202419091E+04    0.269950739014368502E+01    0.723352530145567219E+01    0.493373175489904270E+01    0.833550799109961105E-03
    0.377935916172878065E-07   -0.928503427761513740E+04    0.905426361160408533E+01    0.382160105777605885E+01    0.783057809864485677E+01   -0.503678450902067532E-02
    0.520260418257732626E-07   -0.928574015396829054E+04    0.131282569278937160E+02    0.805916328505857038E+01    0.747340983576129858E+01   -0.500799052348210871E-02
    0.723007998868943047E-06   -0.929107017241091307E+04    0.183584492226595586E+02    0.624332762228513261E+01    0.705507930423176788E+01   -0.477628086496084681E-02
    0.861637521042357562E-06   -0.929148766785248517E+04    0.927230718993851255E+01    0.305684595429925476E+01    0.189277158868256024E+01   -0.243141052987660977E-02
    0.182386517626773177E-05   -0.929305409167593098E+04    0.671682770011153618E+01    0.912951838480983824E+01    0.673902824919972687E+01    0.165666049676715943E-03
    0.303562758137648983E-05   -0.929413967876675270E+04    0.158783157662929479E+02    0.347583121596209854E+00    0.682195259241465024E+01    0.969961038859157298E-04
    0.295365681462439841E-05   -0.929415159706618761E+04    0.196378592939979981E+02    0.404436786345720378E+01    0.433965073970669302E+01   -0.464167415253813331E-02
    0.292324725964432127E-05   -0.929419756587833581E+04    0.407954404169989004E+01    0.102102088138790004E+01    0.369114126191243486E+01   -0.463921864409333473E-02
    0.298308323188788590E-05   -0.929430475721223229E+04    0.669944545169000794E+01    0.178606970239940788E+01    0.502324169250416830E+01    0.881136924071324046E-04
    0.401675262971277507E-05   -0.929496645660971990E+04    0.112416154096437886E+02    0.245397071302994929E+01    0.261155898128595787E+01    0.120538921509538710E-03
    0.543386046852609379E-05   -0.929563747539750148E+04    0.152644950853886066E+02    0.486147663768080296E+01    0.347363922278298887E+01    0.706211952654633990E-04
    0.888023650866631592E-05   -0.929668649877881398E+04    0.966659881943213950E+00    0.227803563975469814E+01    0.439910435549518475E+01   -0.640346922264889429E-04
    0.924865809443500212E-05   -0.929683446600472053E+04    0.927550623298973198E+00    0.850404194993567586E+01    0.992210486129548030E+01   -0.797777916594633041E-04
    0.143426229477474372E-04   -0.929777864719058016E+04    0.912577219040718646E+01    0.971637340767282254E+01    0.389709089653854690E+01   -0.738905229475950165E-04
    0.180409734971615076E-04   -0.929830413335066805E+04    0.146904217633500327E+02    0.653370882945629461E+01    0.313340975123196941E+01   -0.423093985334466183E-04
    0.239902703841468372E-04   -0.929894080575944463E+04    0.940370817346850352E+00    0.291618457886115623E+01    0.724472255500341689E+01   -0.226080557416574734E-03
    0.234267827922677998E-04   -0.929895993559437375E+04    0.227631508396364435E+01    0.163216770562102820E+01    0.226088972855553472E+01   -0.443877109491719324E-02
    0.906944642074245709E-04   -0.930173383504012054E+04    0.866314072994249962E+01    0.183961026600615640E+01    0.945078171590811777E+01   -0.420373751416780461E-02
    0.100939274331002702E-03   -0.930201454724801079E+04    0.146302447699171978E+02    0.332375853206671756E+01    0.946226531186383113E+01   -0.456003009702499185E-03
    0.127256886837306379E-03   -0.930254459128012058E+04    0.853895055802519387E+01    0.655286306434260801E+01    0.806261649555014870E+01   -0.497986280284856697E-03
    0.166613437850388811E-03   -0.930315019516948814E+04    0.791726027218339645E+01    0.844032382159929817E+01    0.583601826336708740E+01   -0.411262983121452042E-02
    0.372319600986504727E-03   -0.930482501432018034E+04    0.911015680427779984E+01    0.215676098099695723E+01    0.332299375653475337E+01   -0.406076222138807008E-02
    0.398581899474948691E-03   -0.930502800172412753E+04    0.944718265572135607E+01    0.705439636478974030E+01    0.947541012697107021E+01   -0.706566642261985400E-03
    0.607691980431700500E-03   -0.930593817868272345E+04    0.149839161299248467E+02    0.520211917552923531E+01    0.415793687816089275E+01   -0.394329040676633102E-02
    0.732068907398729938E-03   -0.930637725835510719E+04    0.170784580646314019E+02    0.475179725238869555E+01    0.216509128366029202E+01   -0.270996718190963382E-02
    0.804956554135918259E-03   -0.930663375234301930E+04    0.167319089986505567E+02    0.120371246501427875E+01    0.466386939374966047E+01   -0.850873994005185708E-03
    0.880198200178545945E-03   -0.930687913661697348E+04    0.141435658304307488E+01    0.261845199239047532E+00    0.346319226267662117E+01   -0.872753645916435339E-03
    0.206692638066967044E-02   -0.930865314494953418E+04    0.134486690703325995E+01    0.751415684668837613E+01    0.834679006534368639E+01   -0.105972070044446642E-02
    0.410415750580120451E-02   -0.931009168726057214E+04    0.105385235239173181E+02    0.644425458503751614E+01    0.263722022633893616E+01   -0.119165406017973652E-02
    0.587743570434068850E-02   -0.931087659407993124E+04    0.158749667844877145E+02    0.112218232894356085E+01    0.946063972295913658E+01   -0.343952547851367196E-02
    0.621816773771962684E-02   -0.931105597019727975E+04    0.503610222409049424E+01    0.389606707450909706E+01    0.888260656141565974E+01   -0.341799154018906926E-02
    0.781986882938727999E-02   -0.931158102185045573E+04    0.883063629300490227E+01    0.378161412890062831E+00    0.756694083322927824E+01   -0.142256235616078364E-02
    0.855001225363168950E-02   -0.931182621838800333E+04    0.126373902940702472E+02    0.206135309860623739E+01    0.947097004961439026E+01   -0.331920696679333105E-02
    0.831779833038283171E-02   -0.931183781481455117E+04    0.485225591782671550E+01    0.375709111471695723E+01    0.712102424337372142E+01   -0.146019766968219500E-02
    0.838117373344497880E-02   -0.931191966222578048E+04    0.112730947465233378E+02    0.498186044661089866E+01    0.747030921952827853E+01   -0.330652358247673916E-02
    0.814576088434216909E-02   -0.931192934826584860E+04    0.705689469546704906E+01    0.466256350038902845E+01    0.755167925877855950E+01   -0.147409042934498746E-02
    0.823292394812899161E-02   -0.931201730208408844E+04    0.986571988708485215E+01    0.604538038061085192E+01    0.406013331922818210E+01   -0.140519209898370967E-02
    0.993554704809759652E-02   -0.931245992416350418E+04    0.188329559570834277E+02    0.988526000163869512E+01    0.725956970742278429E+01   -0.155799803482170596E-02
    0.106401800600122876E-01   -0.931266362776916867E+04    0.673434697218637357E+01    0.397616558912341400E+01    0.606629782364420933E+01   -0.319816023138064232E-02
    0.105912445312025434E-01   -0.931272107496678836E+04    0.162518182031475007E+02    0.415751031037478480E+01    0.276932244218642865E+01   -0.126663097972223859E-02
    0.106611659235489112E-01   -0.931280090186199050E+04    0.162278346084313618E+02    0.471392055826707623E+00    0.845001883729090153E+01   -0.161675898693525166E-02
    0.103521854894528809E-01   -0.931280874826740546E+04    0.238518947779692958E+01    0.822892847814331851E+01    0.442515786802809963E+01   -0.324521726476789674E-02
    0.121178841139444986E-01   -0.931319038439711403E+04    0.963123842054944213E+01    0.756135655123829586E+01    0.870820572203169263E+01   -0.168887912527182493E-02
    0.130179892408072359E-01   -0.931340035066642304E+04    0.178973367296725137E+02    0.864127876822513308E+01    0.744522313060624086E+01   -0.173051495411891132E-02
    0.127915075501106625E-01   -0.931343191591192590E+04    0.107697962686957034E+02    0.296613338868681442E+01    0.583259852386104427E+01   -0.173524671842806288E-02
    0.124211830324984368E-01   -0.931343982627079458E+04    0.403330818976537220E+01    0.675692363207466862E+01    0.423986515908555717E+01   -0.164840271880162259E-02
    0.124005466673512126E-01   -0.931350316740452581E+04    0.973681386575631791E+01    0.766815088904339071E+01    0.435401641294475006E+01   -0.313355230509326788E-02
    0.120251628267792031E-01   -0.931350835566893875E+04    0.121859506493699943E+02    0.323994268512358197E+01    0.919237752052131185E+01   -0.175327468977526379E-02
    0.131941971121412784E-01   -0.931376057386286266E+04    0.736113978339548947E+01    0.801278953600688126E+00    0.963381823377078206E+01   -0.180895129604774496E-02
    0.128508273020657912E-01   -0.931377450267059976E+04    0.556508926355132250E+01    0.863802984679846197E+01    0.633000626973965907E+01   -0.180946589764496846E-02
    0.125070292410636268E-01   -0.931378693460684008E+04    0.144675517408357877E+02    0.729643484500956419E+01    0.503354561471634909E+01   -0.179012154045521399E-02
    0.139237816727177267E-01   -0.931406821620222945E+04    0.959505429091456108E+01    0.120270765516571609E+01    0.379411759377425817E+01   -0.297439036433067017E-02
    0.138186034122533882E-01   -0.931411971780445310E+04    0.192596795965000105E+02    0.820603310328057134E+01    0.370726182985641017E+01   -0.160996090356724242E-02
    0.137665685806187404E-01   -0.931417883912851903E+04    0.697594942523977579E+01    0.587882494956311175E+00    0.272169157798751726E+01   -0.305534847141830657E-02
    0.134964330363076829E-01   -0.931420587048442758E+04    0.117901159374183599E+02    0.608283683557954813E+01    0.263942094839609354E+01   -0.335689475004274929E-02
    0.133596342366189280E-01   -0.931425216186956459E+04    0.204360094362571454E+01    0.491971812612157677E+01    0.962360628416898933E+01   -0.287659843405507765E-02
    0.132213002375769096E-01   -0.931429801132258763E+04    0.352429450281175516E+01    0.106213495234923316E+01    0.780706772075800970E+01   -0.286384644287240864E-02
    0.128269147286623492E-01   -0.931430411097541764E+04    0.113631610773011751E+02    0.668928690771695322E+01    0.386717909427010653E+01   -0.308050708923013339E-02
    0.124750344283156064E-01   -0.931431514509193221E+04    0.150576642835597330E+02    0.694168550818279151E+01    0.635352812955972723E+01   -0.286138081930742416E-02
    0.123749321642152334E-01   -0.931436569860928103E+04    0.123872060551432703E+02    0.539715626880452248E+01    0.622421003540944540E+01   -0.284680350509902702E-02
    0.126074539825481516E-01   -0.931446959607234021E+04    0.118929645565436850E+02    0.554135306346533629E+00    0.538657178531941128E+01   -0.200074379198811325E-02
    0.141303013529423833E-01   -0.931476432933637625E+04    0.137841641272449049E+02    0.322649491242089059E+01    0.521742219056610601E+01   -0.210061683678308686E-02
    0.141600722349209222E-01   -0.931483520533493902E+04    0.134959753171799335E+02    0.568665535175681924E+01    0.433221165815933240E+01   -0.201499198563226400E-02
    0.137046519568073451E-01   -0.931483649029060325E+04    0.192635570118012254E+02    0.514166601799413758E+01    0.632455439326850311E+01   -0.267148251368076739E-02
    0.133990222789238302E-01   -0.931485804976916552E+04    0.685686701503883800E+01    0.303805295907185302E+01    0.233990085421187644E+01   -0.257856541558276753E-02
    0.131170101210381085E-01   -0.931488217269661982E+04    0.159505106734764937E+02    0.196486904374444327E+00    0.782355111012801885E+01   -0.264394096091846720E-02
    0.127077906262396106E-01   -0.931488545010348207E+04    0.116418699669904804E+02    0.896548452597036771E+01    0.507309205831507271E+01   -0.211289871379305438E-02
    0.123244004389703784E-01   -0.931489084843473393E+04    0.173027956844847282E+02    0.686294347818856743E+01    0.600379157804510655E+01   -0.264814309785499358E-02
    0.119923983359336260E-01   -0.931490289890986969E+04    0.167150164810258808E+02    0.609377766162019086E+01    0.666068583612086584E+01   -0.218605847670882980E-02
    0.117157792518286195E-01   -0.931492289279680699E+04    0.377059332392098989E-01    0.782561558271062729E+01    0.706943547522319804E+01   -0.262180231633979410E-02
    0.114194646327060358E-01   -0.931493832493575610E+04    0.325500920331225618E+01    0.162329313417236509E+01    0.654293854062545677E+01   -0.220993856054851889E-02
    0.112345227904073457E-01   -0.931497233581470391E+04    0.896241785420332882E+01    0.652382844005721907E+01    0.647144241480289395E+01   -0.223035658512937829E-02
    0.110557916730437793E-01   -0.931500692847034952E+04    0.879435013061870130E+01    0.321417232011779186E+01    0.921492671512041994E+01   -0.226393272527869449E-02
    0.107017196124602667E-01   -0.931500849516909511E+04    0.100609117868622189E+02    0.904126667894712632E+01    0.795364339471157678E+01   -0.226490690571212738E-02
    0.104784377261754116E-01   -0.931503299214746221E+04    0.184169531309632539E+02    0.241561829641665771E+01    0.447664688480971762E+01   -0.261919564463730659E-02
    0.101721638733185508E-01   -0.931504032953776004E+04    0.135717485124861383E+02    0.991191598943779972E+01    0.688481655228490297E+01   -0.252909424008207484E-02
    0.984521705366726146E-02   -0.931504165780698349E+04    0.191218132295392493E+02    0.104356682960613045E+01    0.552835485888332379E+01   -0.252962307212178938E-02
    0.954979160202542102E-02   -0.931504739162071564E+04    0.208012476382674549E+01    0.833081455910473423E+01    0.719598451895808466E+01   -0.251863382845241013E-02
    0.923845940662293072E-02   -0.931504776990416212E+04    0.132375239800570128E+02    0.967628574899151594E+01    0.464311282308632656E+01   -0.210428296324793873E-02
    0.894800707842976356E-02   -0.931505054795847536E+04    0.190743088058951642E+02    0.733378279528719723E+01    0.855140847470487486E+01   -0.251167121220474687E-02
    0.865725694693876210E-02   -0.931505114880100518E+04    0.396932622167104787E+01    0.911589249704573490E+01    0.839890692811784234E+01   -0.231147823520039264E-02
    0.839784130028778039E-02   -0.931505696899195027E+04    0.137375622362716161E+02    0.564344964131369586E+00    0.800944391950718071E+01   -0.231989571896595859E-02
    0.814413774813009007E-02   -0.931506228303655007E+04    0.559093633660650724E+01    0.711698885017530358E+01    0.631413481805913790E+01   -0.250955825988830039E-02
    0.788957950985064334E-02   -0.931506543863451225E+04    0.664010760341345740E+01    0.953022710447320165E+01    0.749533579543625450E+01   -0.249180007601212949E-02
    0.765548469433054418E-02   -0.931507186431134323E+04    0.399557639155075028E+01    0.155682044132388286E+01    0.408419656986630386E+01   -0.219792228190385242E-02
    0.741663779677441577E-02   -0.931507513794382794E+04    0.141235867856031501E+02    0.643946518706436954E+01    0.500068661085872002E+01   -0.258940591930290065E-02
    0.719026825594341282E-02   -0.931507980991701334E+04    0.126934446682521180E+02    0.609531222361417058E+01    0.870928963457947347E+01   -0.245957423995912805E-02
    0.698278180458095435E-02   -0.931508791437586115E+04    0.869699003519932745E+01    0.782497302417247464E+00    0.847427880267778733E+01   -0.239926204697149537E-02
    0.675680323600786475E-02   -0.931508878605734208E+04    0.377226985613486132E+01    0.903216327037635480E+01    0.787474289813821926E+01   -0.242128156825760499E-02
    0.653705675964088434E-02   -0.931508932701060075E+04    0.178120902771075578E+02    0.783369744546368041E-01    0.488736961515935775E+01   -0.242546009889976766E-02
    0.633431507215635129E-02   -0.931509298300218506E+04    0.290455480134596389E+01    0.852433333197929577E+00    0.565950901981664423E+01   -0.241267998583083454E-02
    0.613710070213798007E-02   -0.931509639115367281E+04    0.930051908465824972E+01    0.922581040709701128E+01    0.630208417889936001E+01   -0.244772368594470269E-02
    0.596882712842809315E-02   -0.931510745385016889E+04    0.105966884862335746E+02    0.903786757368910543E+01    0.533107783930067569E+01   -0.228376506765692877E-02
    0.581533902222550452E-02   -0.931512201779362658E+04    0.991379357484652068E+01    0.118986870976446779E+01    0.390144808849715297E+01   -0.259812780353774198E-02
    0.563732075577210064E-02   -0.931512650410777132E+04    0.722205809234481322E+01    0.221836789041226723E+01    0.376306540069995599E+01   -0.210632360067175561E-02
    0.561776352991489973E-02   -0.931518622022833915E+04    0.104137532452168102E+02    0.217425352455003917E+01    0.440340957200718108E+01   -0.234400979174376189E-02
    0.548145023793454155E-02   -0.931520375903824242E+04    0.176175212608783944E+02    0.296957875334613819E+01    0.371231028986183098E+01   -0.207145377799777819E-02
    0.533459640368439108E-02   -0.931521611275154100E+04    0.613810368346171309E+01    0.991858525950483028E+01    0.516118914857196387E+01   -0.240561988267495863E-02
    0.518311658924336480E-02   -0.931522516602276664E+04    0.737176745136090261E+01    0.471022729907260995E+01    0.472269241992156630E+01   -0.239107406294636338E-02
    0.506485620781813636E-02   -0.931524567111827491E+04    0.138954927295399733E+01    0.893663626166024017E+01    0.496169470162763560E+01   -0.248310742979884758E-02
    0.499580042843239102E-02   -0.931528488157948414E+04    0.168719678378394704E+02    0.850387035434486904E+00    0.313632822477226902E+01   -0.268593777007830603E-02
    0.488000221289058757E-02   -0.931530464430241409E+04    0.120064600182277204E+02    0.777503253387428472E+01    0.393849797243681188E+01   -0.197912846040770862E-02
    0.474774436001614529E-02   -0.931531635888979508E+04    0.593505536524574584E+01    0.506337380030415751E+01    0.303391956488083103E+01   -0.318046354025725009E-02
    0.474453499869582906E-02   -0.931538167314727980E+04    0.175645987539249648E+01    0.949720458362059716E+01    0.440089364278717632E+01   -0.217954493134431271E-02
    0.464339914623796302E-02   -0.931540524630107393E+04    0.103519177535307279E+02    0.778701325101438790E+01    0.447930103028119042E+01   -0.251005286444594411E-02
    0.452315725555536320E-02   -0.931541944013816283E+04    0.101079324074740882E+02    0.614552495736275883E+01    0.428318777466264677E+01   -0.255215374384498705E-02
    0.438209606890440327E-02   -0.931542274061801800E+04    0.151492465896317299E+02    0.259687255085947433E+01    0.363392065047287360E+01   -0.266354774368671166E-02
    0.424042940649487984E-02   -0.931542368203422666E+04    0.312131762420672398E+01    0.572167057542408486E+01    0.436671792124687208E+01   -0.240557406366515014E-02
    0.426802782622592771E-02   -0.931550332332873222E+04    0.324470254743231434E+01    0.277589227262058014E+01    0.367038064147082999E+01   -0.221916294180246609E-02
    0.416401683363792647E-02   -0.931552064667590457E+04    0.876113994044822064E+01    0.102291052456526121E+01    0.258452922624641701E+01   -0.290361458082011303E-02
    0.403924955099047803E-02   -0.931552647079578674E+04    0.116075859795593104E+02    0.403596141474709125E+01    0.368570048940425110E+01   -0.272231909807441053E-02
    0.398410086700349587E-02   -0.931556564293727752E+04    0.116856460389526351E+02    0.789800096344405134E+01    0.431816282648609651E+01   -0.240350263171029699E-02
    0.399325311451141987E-02   -0.931563689872035684E+04    0.757785735681425976E+01    0.637065586255119776E+01    0.335759607025211793E+01   -0.181768693937178760E-02
    0.388595378493470159E-02   -0.931564908987211311E+04    0.123861986704503089E+02    0.243105238603230300E+00    0.229070467888608853E+01   -0.239167394470063410E-02
    0.397921052477668430E-02   -0.931576318650045141E+04    0.116057281247346933E+01    0.230941987391765569E+01    0.328288816177462373E+01   -0.241409035267492467E-02
    0.391711119770766017E-02   -0.931579839517463188E+04    0.128266119684952162E+01    0.909782376850772856E+01    0.402176595616185395E+01   -0.222660291768073115E-02
    0.385954376270630437E-02   -0.931583545091636370E+04    0.733363963156879173E+01    0.549238416850745281E+01    0.264011513847209400E+01   -0.213390916834743649E-02
    0.373478156021163658E-02   -0.931583639828707965E+04    0.181207338389077002E+02    0.739022263513631295E+01    0.400699624354793471E+01   -0.233111584520950821E-02
    0.377013208995575057E-02   -0.931592190636503437E+04    0.468941336148212518E+01    0.910553313501926453E+01    0.377263452281290590E+01   -0.203133498568552895E-02
    0.364734392011456391E-02   -0.931592235137491662E+04    0.257622966204161230E+01    0.734830134908748001E+01    0.309510135387679952E+01   -0.201285569485232241E-02
    0.359358120851327499E-02   -0.931595931813521747E+04    0.613889770569179838E+01    0.711676582437577387E+01    0.371842707783710757E+01   -0.210289148548747917E-02
    0.349948899609303166E-02   -0.931597292020253371E+04    0.168682088672900505E+02    0.396340360105368106E+01    0.360122997697962788E+01   -0.237312860162286476E-02
    0.338932755548034068E-02   -0.931597561603676331E+04    0.144502884699687417E+02    0.321767830079438433E+01    0.349437889215946917E+01   -0.244209918340576593E-02
    0.333031803341868587E-02   -0.931600715523235340E+04    0.129416606942213015E+02    0.454288177527241910E+01    0.278515665107485333E+01   -0.315952832174826170E-02
    0.333749849300539123E-02   -0.931607812943347926E+04    0.129114863545823475E+02    0.487059693756673884E+01    0.363534609259918895E+01   -0.232645712136070326E-02
    0.326525962369800639E-02   -0.931610103150931900E+04    0.125704891926968045E+02    0.799237657846644289E+01    0.370005900805842103E+01   -0.275637962913344303E-02
    0.317536304049405565E-02   -0.931611186356096914E+04    0.191594073314025124E+02    0.773269100459419079E+01    0.383073081249678182E+01   -0.227418658033529120E-02
    0.319364587427372780E-02   -0.931619001263203609E+04    0.109477370527906270E+02    0.592692827587397097E+01    0.365020379262246841E+01   -0.258133660780601737E-02
    0.317718471747817539E-02   -0.931624634394717214E+04    0.117488201372173062E+02    0.819764551329870805E+01    0.368122792617262817E+01   -0.211858450963675615E-02
    0.319466649287370461E-02   -0.931632398501903663E+04    0.103964286621498463E+02    0.482623103040824475E+01    0.253276355083978011E+01   -0.267570540694295200E-02
    0.313137318029097595E-02   -0.931635062953727902E+04    0.388525283236739494E+01    0.922239951621820886E+01    0.383813939167627538E+01   -0.251391463860561881E-02
    0.309364284507740667E-02   -0.931639305157736271E+04    0.714992103056146355E+01    0.617080000994148392E+01    0.361584305228881320E+01   -0.238353198075735850E-02
    0.314590338675548855E-02   -0.931649322181102070E+04    0.378739324251339093E+01    0.425679282280716809E+01    0.279515121866731420E+01   -0.274689030392016864E-02
    0.308148545047347766E-02   -0.931651850982876749E+04    0.519320545327864558E+01    0.785481728434786675E+01    0.299224079236795326E+01   -0.298420764151441364E-02
    0.308991951866604501E-02   -0.931659064304542335E+04    0.517418992710184877E+01    0.975072719875458560E+01    0.296185354920690713E+01   -0.220962561467319407E-02
    0.298890449187641689E-02   -0.931659083348160493E+04    0.158662434967889645E+02    0.579895264379263153E+01    0.275460097782849545E+01   -0.310019798682126257E-02
    0.313122141336128054E-02   -0.931675053260178174E+04    0.186165987384829137E+02    0.576152576591345866E+01    0.270754427918534191E+01   -0.306743032301048935E-02
    0.312452578988404311E-02   -0.931681291800463441E+04    0.117000385071225885E+02    0.823855398084607238E+01    0.344672671217739079E+01   -0.209612419422089413E-02
    0.312845848032334683E-02   -0.931688210039229853E+04    0.147860077925875704E+02    0.492335940403097272E+01    0.326029655076024660E+01   -0.228667257942183344E-02
    0.310484503381215421E-02   -0.931693361390018435E+04    0.386534911447456508E+01    0.825317170409929268E+01    0.351074352471124485E+01   -0.241442527044899435E-02
    0.300529948332098383E-02   -0.931693510740514466E+04    0.463803417673486074E+01    0.461378183526719976E+01    0.308323628750444989E+01   -0.227244927946190778E-02
    0.291056203056810122E-02   -0.931693771202280186E+04    0.196603513906503444E+02    0.566131643604604307E+01    0.333851476732218266E+01   -0.234715481974934193E-02
    0.285077367170748523E-02   -0.931696286713148947E+04    0.150203852487432865E+02    0.968453994250316441E+01    0.350626399243256515E+01   -0.211579979845255561E-02
    0.280277278861991398E-02   -0.931699557137341253E+04    0.663902755535069744E+01    0.538678974164623270E+01    0.284043521383295960E+01   -0.213216293595519524E-02
    0.271547697354528658E-02   -0.931699895486006790E+04    0.158691169739755917E+02    0.352427423203822254E+01    0.274451953615842825E+01   -0.289033411216321756E-02
    0.269833961473463354E-02   -0.931705295954177564E+04    0.507254136722315430E+01    0.593742369987726271E+01    0.297813064029619312E+01   -0.217496472045697331E-02
    0.265280052473620834E-02   -0.931708558472328878E+04    0.122742728054023011E+02    0.776118114165903350E+01    0.342746399645397481E+01   -0.225780505648343066E-02
    0.263094679109402438E-02   -0.931713570717846778E+04    0.123185351323063852E+02    0.876749130053568848E+01    0.326571375875524339E+01   -0.199803960064059982E-02
    0.273649772038806393E-02   -0.931728104408621948E+04    0.163472192569166666E+02    0.750691532478773915E+01    0.279447644071958834E+01   -0.204170958187555041E-02
    0.267523008101018880E-02   -0.931730242373224428E+04    0.163849407976491648E+02    0.625192676052723151E+01    0.321633461326046977E+01   -0.222358948679279855E-02
    0.261037420093988837E-02   -0.931732000678855911E+04    0.183184169359935254E+02    0.280880784256808402E+01    0.267867274968733859E+01   -0.270532377536902846E-02
    0.256461751099490909E-02   -0.931735130498705985E+04    0.104520363699854286E+02    0.402652873497497765E+01    0.274345649984714335E+01   -0.219421993721768960E-02
    0.249561374547599196E-02   -0.931736342233400865E+04    0.907101022117744371E+01    0.517532286110971551E+01    0.305510313309609494E+01   -0.225770021415505617E-02
    0.241662500732872133E-02   -0.931736576350583346E+04    0.446294766839746426E+01    0.950242432954847871E+01    0.307006307524542521E+01   -0.250616067096454120E-02
    0.234718299742230335E-02   -0.931737411805831471E+04    0.125763352514616766E+02    0.401138910221695966E+01    0.296990477312442991E+01   -0.251930902455033134E-02
    0.228914956756330655E-02   -0.931739071371719183E+04    0.108491445422762656E+02    0.539712330418649522E+01    0.311924030321526935E+01   -0.231097369605415270E-02
    0.224741945494415230E-02   -0.931742058492062642E+04    0.873288420912373198E+01    0.691335615710188556E+01    0.326355341186869197E+01   -0.236649326888049849E-02
    0.218969019687647801E-02   -0.931743520643150987E+04    0.115835525222718125E+02    0.708131189205754819E+01    0.303762703746190077E+01   -0.205620362731917528E-02
    0.217227090137018814E-02   -0.931748589919312508E+04    0.668210096105999352E+01    0.866993537923592150E+01    0.293684980808024854E+01   -0.255390481804484981E-02
    0.211281214966104348E-02   -0.931749705928740150E+04    0.826126923474526009E+01    0.716528531321776363E+01    0.319674711916748855E+01   -0.265552816531366975E-02
    0.207861788081186404E-02   -0.931753109267403306E+04    0.851310044303497904E+01    0.913755567283411096E+01    0.296748786932459474E+01   -0.280822395594026997E-02
    0.209885575581222807E-02   -0.931761713759185113E+04    0.947829505847154508E+01    0.705658852394057057E+01    0.317168029143888219E+01   -0.228491009062026240E-02
    0.204715739904242277E-02   -0.931763392401496640E+04    0.162340871147851722E+02    0.872829723744868957E+01    0.335248912591066173E+01   -0.237255293511007270E-02
    0.202023720439751305E-02   -0.931767411615397214E+04    0.187056806669918672E+02    0.972758656338960037E+01    0.335797564258062131E+01   -0.223157519837147156E-02
    0.240697807183699831E-02   -0.931802480074293999E+04    0.122391983622004510E+02    0.792238515144028632E+01    0.314530375432021003E+01   -0.240817128005699210E-02
    0.204832399596370507E-02   -0.931770210043738552E+04    0.676591136820360539E+01    0.740737639373239087E+01    0.309867918113932816E+01   -0.260301605266355374E-02
    0.298767331642134761E-02   -0.931845704650462721E+04    0.147245511788555667E+02    0.942438202862464536E+01    0.305148742548677987E+01   -0.243644269423359816E-02
    0.238462753745264950E-02   -0.931800614253247113E+04    0.113084707772164315E+02    0.810725862261674024E+01    0.307990518253065737E+01   -0.226625646813194415E-02
    0.222533208021552693E-02   -0.931786786895378100E+04    0.175227518217335287E+02    0.728490341915202144E+01    0.279514535772587713E+01   -0.276729745441595121E-02
    0.264167084392476778E-02   -0.931821087987052852E+04    0.181136411138071018E+02    0.770186934199156426E+01    0.308911227747970862E+01   -0.245538377082421544E-02
    0.218590250252722945E-02   -0.931783211422155364E+04    0.167526806321672161E+02    0.952261618544049604E+01    0.282617418707191881E+01   -0.241837331534677791E-02
    0.254473475596371946E-02   -0.931813610949163922E+04    0.125667970197848522E+02    0.906027937294526531E+01    0.315248565936268044E+01   -0.230604424479508019E-02
    0.244799809954293537E-02   -0.931805859782238622E+04    0.171211914549092228E+02    0.689346136748679950E+01    0.307287588595493943E+01   -0.246559043164207292E-02
    0.208497056045387624E-02   -0.931773756611667704E+04    0.165456099442428233E+02    0.542903715869601911E+01    0.267057734974664562E+01   -0.266651209943957745E-02
    0.218525124752886593E-02   -0.931783151826447647E+04    0.123660757447584242E+02    0.766277374178577109E+01    0.287713492231065615E+01   -0.275574616976625997E-02
    0.235759648772513111E-02   -0.931798334197109398E+04    0.123316703048579726E+02    0.894414957358173979E+01    0.288706940661385758E+01   -0.259394931338607915E-02
    0.228432334285203495E-02   -0.931792019634664393E+04    0.965478946701950136E+01    0.886837820150341116E+01    0.310566831057948534E+01   -0.271819598312494914E-02
    0.256153827181826834E-02   -0.931814927257666750E+04    0.115290563988618793E+02    0.791570164056652903E+01    0.299377903889585184E+01   -0.259661298023639020E-02
    0.227384872898663644E-02   -0.931791100438799185E+04    0.145438305745147858E+02    0.671623648884513180E+01    0.277618670849322768E+01   -0.263603965740077939E-02
    0.203694457756397598E-02   -0.931769095850375197E+04    0.116118315053123986E+02    0.701189199857940704E+01    0.303189332491618835E+01   -0.277327818101802404E-02
    0.256461242901742572E-02   -0.931815167138056313E+04    0.197120714793948828E+02    0.960922945385327765E+01    0.319776454687029954E+01   -0.224338663544254580E-02
    0.211125964922341189E-02   -0.931776262616477470E+04    0.168203169947375173E+02    0.341871711244377652E+01    0.266678426719442285E+01   -0.244734359933462819E-02
    0.270420719023623619E-02   -0.931825767420345437E+04    0.187986426690647761E+02    0.932053292647101372E+01    0.287288267834183841E+01   -0.238862524456162628E-02
    0.234176540084238402E-02   -0.931796986682519491E+04    0.126851828573942722E+02    0.769233037285669496E+01    0.283686928417164985E+01   -0.244141296560973498E-02
    0.262699787841592144E-02   -0.931819974005193944E+04    0.164403110913885513E+02    0.874181464458069435E+01    0.297937779742155584E+01   -0.221379268003463192E-02
    0.216628824877793677E-02   -0.931781408708288654E+04    0.149880702018481884E+02    0.888418162279402956E+01    0.329168284963049729E+01   -0.256824553574852565E-02
    0.215738537698636915E-02   -0.931780585067547509E+04    0.853643858870622019E+01    0.886104808039998915E+01    0.311341926091961341E+01   -0.220312723370719166E-02
    0.251652468022093515E-02   -0.931811381435483963E+04    0.142152798417443353E+02    0.885189498314879408E+01    0.317583678929032942E+01   -0.232880984860017737E-02
    0.238610320612070090E-02   -0.931800737980096892E+04    0.151766702745236870E+02    0.518338833908372631E+01    0.283745619157075346E+01   -0.254675513181834567E-02
    0.227838321811935128E-02   -0.931791498879887877E+04    0.144315157239850951E+02    0.610517385009277191E+01    0.294268666154301961E+01   -0.267912178377749388E-02
    0.253629709625368197E-02   -0.931812946700821340E+04    0.143577471188411501E+02    0.857099575533992031E+01    0.290303188003420942E+01   -0.230854129015023446E-02
    0.209368981080260749E-02   -0.931774591258394503E+04    0.154910056602077937E+02    0.868134746623912434E+01    0.329084818321864425E+01   -0.259814388925583284E-02
    0.217845343047101854E-02   -0.931782528702468517E+04    0.164847731418669667E+02    0.691318543933063978E+01    0.315622751892698972E+01   -0.249844240369367920E-02
    0.214130922205888960E-02   -0.931779089150170330E+04    0.848628099461545204E+01    0.857265032187236109E+01    0.297524058410732906E+01   -0.269943110639458972E-02
