    0.447364906473830537E+00    0.420112580682725394E+02    0.144496466890373720E+01    0.282396735163167878E-02   -0.196334233323723811E+04
    0.431985542015211443E+00    0.432043944703855800E+02    0.144265274411019906E+01    0.220016326777469629E-02   -0.196120806851292627E+04
    0.412292468695753200E+00    0.424422364952363225E+02    0.145234965233609525E+01    0.189564623700003154E-02   -0.196115339149390616E+04
    0.305535370690503960E+00    0.433285812365310008E+02    0.151010410345748669E+01    0.373880356808678482E-02   -0.196064130442695136E+04
    0.414139173304948649E+00    0.428751708087181100E+02    0.146594189039551193E+01    0.288752589208443600E-02   -0.195993122701554125E+04
    0.577608010388194870E+00    0.437116056445010841E+02    0.141359618673441245E+01    0.289652205585252953E-02   -0.195985636223013580E+04
    0.515870938404834334E+00    0.438693822586660502E+02    0.144639218959128968E+01    0.315290422281308547E-02   -0.195969672812619274E+04
    0.429498119955606938E+00    0.429298054223134784E+02    0.145985318483899151E+01    0.378186375643116413E-02   -0.195960381742749587E+04
    0.402581040034875492E+00    0.433768886505839433E+02    0.147111697002370478E+01    0.810471138305438044E-02   -0.195952467941363375E+04
    0.406908809129789439E+00    0.429413886231277857E+02    0.146265800927460798E+01    0.394201216941411636E-02   -0.195942681794497275E+04
    0.396273265496765781E+00    0.438116783775042151E+02    0.148023140336659909E+01    0.101513007143093914E-01   -0.195867933899961827E+04
    0.405457830373545214E+00    0.429532117677228982E+02    0.145743979362652332E+01    0.888466176059976576E-03   -0.195863814910074552E+04
    0.433697048999762913E+00    0.431683954817277922E+02    0.145827481321903418E+01    0.238122497538459377E-02   -0.195818005666220824E+04
    0.421291110809627334E+00    0.440905924239464397E+02    0.147887158776413696E+01    0.110930522679341392E-01   -0.195768097641921349E+04
    0.423362992883298261E+00    0.433058948592263491E+02    0.146205275157730230E+01    0.287614973199837309E-02   -0.195752078385399591E+04
    0.338125409765557272E+00    0.438116783775042151E+02    0.149475808475646943E+01    0.456856550308862297E-02   -0.195700884010018649E+04
    0.518894373075373672E+00    0.439337807359348886E+02    0.143672106287514145E+01    0.404706221806630517E-02   -0.195698314732167410E+04
    0.383416103432093536E+00    0.443104635121549535E+02    0.147521899712854587E+01    0.664044941435795733E-02   -0.195695953195739048E+04
    0.496526503289295817E+00    0.437593991861089364E+02    0.143527667437008821E+01    0.114776377401987206E-02   -0.195691532694722582E+04
    0.450394527059364336E+00    0.441896239683575089E+02    0.147148175609201326E+01    0.598799553455772737E-02   -0.195687663748340492E+04
    0.498585296994772165E+00    0.437593991861089364E+02    0.143707733937265436E+01    0.736073030635886472E-03   -0.195684670848697237E+04
    0.362682212203054632E+00    0.439337807359348886E+02    0.147551717288509021E+01    0.216476342613391992E-02   -0.195674667450226752E+04
    0.426984638905755887E+00    0.446833021943201132E+02    0.147125825115863740E+01    0.117388804342541120E-01   -0.195653479359882544E+04
    0.501660925174748584E+00    0.439337807359348886E+02    0.143618111758956291E+01    0.151247425279987802E-02   -0.195636351385394028E+04
    0.377463360850736507E+00    0.441896239683575089E+02    0.147778337813872396E+01    0.543823633530901573E-02   -0.195605386689428337E+04
    0.380743899513376505E+00    0.441896239683575089E+02    0.149139085826916395E+01    0.715846089531849139E-02   -0.195591396372742383E+04
    0.526318474153482541E+00    0.443104635121549535E+02    0.143145739911533632E+01    0.452869965755470227E-03   -0.195585132783092740E+04
    0.432588686709115322E+00    0.450524111144222559E+02    0.147178991581302920E+01    0.123972047701091104E-01   -0.195559139640953458E+04
    0.568988246384380503E+00    0.450524111144222559E+02    0.144010904283907015E+01    0.113375844798972725E-01   -0.195558922197041966E+04
    0.384932138735603502E+00    0.438116783775042151E+02    0.148111501708263082E+01    0.457970895852144455E-04   -0.195550185886591998E+04
    0.446918970278071370E+00    0.450524111144222559E+02    0.145155419326315016E+01    0.382281439724149741E-02   -0.195528472428634063E+04
    0.432348185132600094E+00    0.439337807359348886E+02    0.145429510761463865E+01    0.873138803133943764E-03   -0.195514928917422071E+04
    0.492275835650435312E+00    0.450524111144222559E+02    0.144786397309636472E+01    0.906882123788640970E-02   -0.195499110594123840E+04
    0.403155551878488616E+00    0.441896239683575089E+02    0.147383327217622662E+01    0.589527565453415447E-02   -0.195497109226795760E+04
    0.543472177076252727E+00    0.450524111144222559E+02    0.144818723368723568E+01    0.111877373505166744E-01   -0.195494122127565288E+04
    0.438332624195757248E+00    0.440066513085720885E+02    0.146245046010537805E+01    0.219966594523224312E-03   -0.195492220225201027E+04
    0.494603593022977961E+00    0.444656655072943963E+02    0.145086125184690640E+01    0.270760703727099261E-02   -0.195478419267061349E+04
    0.346533829058803811E+00    0.446833021943201132E+02    0.150102434637323245E+01    0.797118154718015615E-02   -0.195478383940628714E+04
    0.408955712650931780E+00    0.450524111144222559E+02    0.148461581620906857E+01    0.126535399452885888E-01   -0.195477036146120827E+04
    0.507434347394183582E+00    0.450524111144222559E+02    0.145921014487675560E+01    0.553419222849346748E-02   -0.195466978801782625E+04
    0.486074434677842504E+00    0.446833021943201132E+02    0.146138986226089340E+01    0.893840294707734517E-02   -0.195465934545287223E+04
    0.548833392316426583E+00    0.450524111144222559E+02    0.143319775727705867E+01    0.331488777035843230E-03   -0.195451096545222117E+04
    0.408937038528058849E+00    0.441896239683575089E+02    0.146487444418147428E+01    0.256629136035194105E-02   -0.195451058832977378E+04
    0.476134668486122514E+00    0.443104635121549535E+02    0.144761122151190103E+01    0.309469835386008696E-02   -0.195448049940880219E+04
    0.512448206739857248E+00    0.450524111144222559E+02    0.145525181457157515E+01    0.428314221229628145E-02   -0.195439356449621073E+04
    0.517363426255751158E+00    0.446833021943201132E+02    0.144402614892591696E+01    0.359803233066904871E-02   -0.195428517726597102E+04
    0.494476980428371959E+00    0.450524111144222559E+02    0.146539068978117948E+01    0.974034427459111174E-02   -0.195424245414314282E+04
    0.392496416095697853E+00    0.444656655072943963E+02    0.146722033387172823E+01    0.105624491209566074E-02   -0.195420339044859475E+04
    0.380962430794521190E+00    0.444656655072943963E+02    0.147370916753852166E+01    0.221739291386990889E-02   -0.195409143930056780E+04
    0.447089429553071405E+00    0.446833021943201132E+02    0.144930114916176800E+01    0.341623462837892244E-03   -0.195408712785099192E+04
    0.520653542788189760E+00    0.450524111144222559E+02    0.144478331099395452E+01    0.908746717042199781E-02   -0.195401398214843039E+04
    0.408317808709227847E+00    0.450524111144222559E+02    0.146190687415216125E+01    0.104665837447004417E-02   -0.195400722908547596E+04
    0.416884336124176968E+00    0.443104635121549535E+02    0.147378330261814994E+01    0.523542506763449711E-02   -0.195397661925419243E+04
    0.414194206440496870E+00    0.441896239683575089E+02    0.146342359806262845E+01    0.134986208522619444E-02   -0.195388653908672541E+04
    0.436493356006539379E+00    0.450524111144222559E+02    0.145404352851230678E+01    0.144417004691457795E-02   -0.195382433778261429E+04
    0.392803252886708698E+00    0.440905924239464397E+02    0.147202692162437154E+01    0.104249233188166701E-02   -0.195375215124827855E+04
    0.460090466512117047E+00    0.450524111144222559E+02    0.146656670993747396E+01    0.110617067149645087E-01   -0.195363482636663093E+04
    0.460090466512117047E+00    0.450524111144222559E+02    0.146656670993747396E+01    0.110617067149645087E-01   -0.195363482636663093E+04
    0.526742365302109050E+00    0.450524111144222559E+02    0.144723987909437346E+01    0.855737894567085156E-02   -0.195362775038226437E+04
    0.491309891418843847E+00    0.450524111144222559E+02    0.145326289627493033E+01    0.922955373290393344E-02   -0.195356080633609145E+04
    0.400480656565746607E+00    0.444656655072943963E+02    0.147697398323469020E+01    0.538791707941779774E-02   -0.195352771313944368E+04
    0.372060849290497764E+00    0.441896239683575089E+02    0.148148353800061261E+01    0.166607715754690799E-02   -0.195349935962483573E+04
    0.461259028564819928E+00    0.446833021943201132E+02    0.146312718479437187E+01    0.740570814521976373E-02   -0.195347315429494483E+04
    0.499788685183971459E+00    0.450524111144222559E+02    0.145584695719765578E+01    0.279376730293781628E-02   -0.195346310764680175E+04
    0.499788685183971459E+00    0.450524111144222559E+02    0.145584695719765578E+01    0.279376730293781628E-02   -0.195346310764680175E+04
    0.420249253279452617E+00    0.450524111144222559E+02    0.148895666913340419E+01    0.640426228108267881E-02   -0.195345072782029911E+04
    0.494627564470110137E+00    0.446833021943201132E+02    0.144375136666664394E+01    0.329395257002040864E-03   -0.195343043781891311E+04
    0.395889270119532455E+00    0.450524111144222559E+02    0.149684908040559117E+01    0.928779897771889185E-02   -0.195340629999158045E+04
    0.460907239891450438E+00    0.444656655072943963E+02    0.145671506774980752E+01    0.322652847837198720E-02   -0.195338806231527610E+04
    0.416115083512386796E+00    0.446833021943201132E+02    0.147944506131613362E+01    0.783872314352743182E-02   -0.195338224137715906E+04
    0.421656402481134229E+00    0.444656655072943963E+02    0.146098027917005746E+01    0.144699814454835041E-02   -0.195337919850266735E+04
    0.522653486813183576E+00    0.450524111144222559E+02    0.144609324890186053E+01    0.761179330083258665E-02   -0.195334402581287850E+04
    0.380108037631268658E+00    0.443104635121549535E+02    0.148621073949889548E+01    0.513133116600256178E-03   -0.195333829149359372E+04
    0.378664116505168735E+00    0.444656655072943963E+02    0.148950201978696151E+01    0.447772677385002704E-02   -0.195333497489997717E+04
    0.369778646244087739E+00    0.446833021943201132E+02    0.148944093170596537E+01    0.610738854202994008E-02   -0.195332776935080437E+04
    0.419982428354182424E+00    0.444656655072943963E+02    0.147479434103662088E+01    0.461422445425599403E-02   -0.195327742658683064E+04
    0.427786154748829084E+00    0.450524111144222559E+02    0.146615021430057335E+01    0.642488501257285072E-02   -0.195319659010998362E+04
    0.523948251946659838E+00    0.450524111144222559E+02    0.144301197888672972E+01    0.605148002300290311E-02   -0.195319525888733710E+04
    0.431954340526176317E+00    0.443104635121549535E+02    0.145988952012176165E+01    0.336923229045049677E-03   -0.195316099323625167E+04
    0.405551619662873009E+00    0.444656655072943963E+02    0.146770488914560238E+01    0.192095618007837032E-02   -0.195314404913119915E+04
    0.471495867124288814E+00    0.446833021943201132E+02    0.145841328152698546E+01    0.246727011803440921E-02   -0.195313065396406591E+04
    0.469555710391878378E+00    0.450524111144222559E+02    0.146942734377862827E+01    0.983303716120428883E-02   -0.195310413342277889E+04
    0.469555710391878378E+00    0.450524111144222559E+02    0.146942734377862827E+01    0.983303716120428883E-02   -0.195310413342277889E+04
    0.487508255251487554E+00    0.450524111144222559E+02    0.145656615674289691E+01    0.905326453077501259E-02   -0.195306812977249842E+04
    0.479455275552464144E+00    0.446833021943201132E+02    0.145425178574582081E+01    0.330564709078387531E-02   -0.195306201446802311E+04
    0.393369117554506431E+00    0.450524111144222559E+02    0.149381135904623230E+01    0.984568732548177228E-02   -0.195300341349579753E+04
    0.393369117554506431E+00    0.450524111144222559E+02    0.149381135904623230E+01    0.984568732548177228E-02   -0.195300341349579753E+04
    0.507025230121262993E+00    0.450524111144222559E+02    0.145309726436004816E+01    0.781026215500310594E-02   -0.195299196572468691E+04
    0.507025230121262993E+00    0.450524111144222559E+02    0.145309726436004816E+01    0.781026215500310594E-02   -0.195299196572468691E+04
    0.494660570381804554E+00    0.450524111144222559E+02    0.145344959439210220E+01    0.816038786458070375E-02   -0.195293285738234226E+04
    0.320908348810696076E+00    0.446833021943201132E+02    0.151274301589252325E+01    0.155780993145998581E-02   -0.195293214058771355E+04
    0.355437875931663427E+00    0.446833021943201132E+02    0.148178690653345635E+01    0.447076995186146409E-04   -0.195290062605322191E+04
    0.394419920407282909E+00    0.450524111144222559E+02    0.149524070877111814E+01    0.894225162962611342E-02   -0.195288442345604403E+04
    0.310740539428688400E+00    0.446833021943201132E+02    0.151227980361746628E+01    0.226509308721989377E-02   -0.195287876941712989E+04
    0.504852549125631711E+00    0.450524111144222559E+02    0.145356524885370586E+01    0.581898863914029341E-02   -0.195278301520856485E+04
    0.507455466669449073E+00    0.450524111144222559E+02    0.144967574236021468E+01    0.284025734067913649E-02   -0.195277517817963439E+04
    0.507455466669449073E+00    0.450524111144222559E+02    0.144967574236021468E+01    0.284025734067913649E-02   -0.195277517817963439E+04
    0.395505367548424580E+00    0.446833021943201132E+02    0.146926463026444387E+01    0.988388897759373553E-03   -0.195276175270742783E+04
    0.509601769015188388E+00    0.450524111144222559E+02    0.144248740145294541E+01    0.322984275093676776E-02   -0.195272847748193271E+04
    0.476837270457068030E+00    0.450524111144222559E+02    0.146587663990769723E+01    0.703018512310119026E-02   -0.195271509572618606E+04
    0.417223485087772517E+00    0.450524111144222559E+02    0.148470969218607740E+01    0.973835622651583743E-02   -0.195268964859852622E+04
    0.355172803259661052E+00    0.450524111144222559E+02    0.149954835182381663E+01    0.747097017112038908E-02   -0.195265845077479435E+04
    0.355172803259661052E+00    0.450524111144222559E+02    0.149954835182381663E+01    0.747097017112038908E-02   -0.195265845077479435E+04
    0.460434272243346321E+00    0.450524111144222559E+02    0.146031854883732626E+01    0.736563061067782576E-02   -0.195264344529726532E+04
    0.460434272243346321E+00    0.450524111144222559E+02    0.146031854883732626E+01    0.736563061067782576E-02   -0.195264344529726532E+04
    0.380186094648815143E+00    0.446833021943201132E+02    0.147337259668796605E+01    0.965744087511044569E-04   -0.195263414029809428E+04
    0.380186094648815143E+00    0.446833021943201132E+02    0.147337259668796605E+01    0.965744087511044569E-04   -0.195263414029809428E+04
    0.351171038657721368E+00    0.444656655072943963E+02    0.149142753436238396E+01    0.180438270101296316E-02   -0.195262394404703900E+04
    0.358693617446797397E+00    0.450524111144222559E+02    0.150723956711713925E+01    0.355468265702388320E-02   -0.195258368078469834E+04
    0.502090659917510784E+00    0.450524111144222559E+02    0.145312855417324593E+01    0.508082354463654240E-02   -0.195257395500006260E+04
    0.418838363461115470E+00    0.450524111144222559E+02    0.146392450078899317E+01    0.261407400695648495E-02   -0.195252532499564995E+04
    0.418838363461115470E+00    0.450524111144222559E+02    0.146392450078899317E+01    0.261407400695648495E-02   -0.195252532499564995E+04
    0.395530195928678552E+00    0.444656655072943963E+02    0.147963474897801284E+01    0.227187572258946702E-02   -0.195247415027858119E+04
    0.395530195928678552E+00    0.444656655072943963E+02    0.147963474897801284E+01    0.227187572258946702E-02   -0.195247415027858119E+04
    0.393339974594083763E+00    0.446833021943201132E+02    0.148689280020356707E+01    0.436820925845834984E-02   -0.195246401250006511E+04
    0.475930990807483134E+00    0.450524111144222559E+02    0.146193148476577695E+01    0.779404491344734551E-02   -0.195233064995143695E+04
    0.475930990807483134E+00    0.450524111144222559E+02    0.146193148476577695E+01    0.779404491344734551E-02   -0.195233064995143695E+04
    0.444146840371749896E+00    0.450524111144222559E+02    0.145534689404774076E+01    0.147032685980222344E-02   -0.195231641278416191E+04
    0.444146840371749896E+00    0.450524111144222559E+02    0.145534689404774076E+01    0.147032685980222344E-02   -0.195231641278416191E+04
    0.479141292777382155E+00    0.450524111144222559E+02    0.145250671182174518E+01    0.505007442769908610E-02   -0.195229264962233628E+04
    0.479141292777382155E+00    0.450524111144222559E+02    0.145250671182174518E+01    0.505007442769908610E-02   -0.195229264962233628E+04
    0.390442453444357795E+00    0.446833021943201132E+02    0.148156584718246753E+01    0.447250086693165572E-02   -0.195228468403342140E+04
    0.390442453444357795E+00    0.446833021943201132E+02    0.148156584718246753E+01    0.447250086693165572E-02   -0.195228468403342140E+04
    0.342315750282467413E+00    0.450524111144222559E+02    0.150065124318756382E+01    0.555551311818061611E-02   -0.195227776017877704E+04
    0.375882093605744316E+00    0.450524111144222559E+02    0.149909671004155576E+01    0.163455815793578374E-02   -0.195215670914827979E+04
    0.375882093605744316E+00    0.450524111144222559E+02    0.149909671004155576E+01    0.163455815793578374E-02   -0.195215670914827979E+04
    0.391807539721865439E+00    0.450524111144222559E+02    0.147935889552486133E+01    0.537982716202420330E-02   -0.195214936003742400E+04
    0.391807539721865439E+00    0.450524111144222559E+02    0.147935889552486133E+01    0.537982716202420330E-02   -0.195214936003742400E+04
    0.385283678498864468E+00    0.446833021943201132E+02    0.148839902335615859E+01    0.298516778604815403E-02   -0.195210466650075841E+04
    0.361247230202547343E+00    0.446833021943201132E+02    0.149527485943022898E+01    0.329856383891916072E-02   -0.195209851456329079E+04
    0.361247230202547343E+00    0.446833021943201132E+02    0.149527485943022898E+01    0.329856383891916072E-02   -0.195209851456329079E+04
    0.429238322711829490E+00    0.450524111144222559E+02    0.146484230403169846E+01    0.433141792723865104E-02   -0.195209680251717123E+04
    0.491610088621885488E+00    0.450524111144222559E+02    0.144936461945635520E+01    0.644393626794165231E-03   -0.195207439225222515E+04
    0.491610088621885488E+00    0.450524111144222559E+02    0.144936461945635520E+01    0.644393626794165231E-03   -0.195207439225222515E+04
    0.330994906745692319E+00    0.446833021943201132E+02    0.150128621400998252E+01    0.179328517556534561E-02   -0.195207023175564927E+04
    0.330994906745692319E+00    0.446833021943201132E+02    0.150128621400998252E+01    0.179328517556534561E-02   -0.195207023175564927E+04
    0.437081980016657212E+00    0.446833021943201132E+02    0.146642698675938821E+01    0.656117411006212903E-03   -0.195205315364426201E+04
    0.437081980016657212E+00    0.446833021943201132E+02    0.146642698675938821E+01    0.656117411006212903E-03   -0.195205315364426201E+04
    0.403723021936915671E+00    0.446833021943201132E+02    0.147001159027211603E+01    0.148161361419707482E-02   -0.195205300226314966E+04
    0.403723021936915671E+00    0.446833021943201132E+02    0.147001159027211603E+01    0.148161361419707482E-02   -0.195205300226314966E+04
    0.490651670446282218E+00    0.450524111144222559E+02    0.145122402431380149E+01    0.406980781744556430E-02   -0.195203258763569374E+04
    0.490651670446282218E+00    0.450524111144222559E+02    0.145122402431380149E+01    0.406980781744556430E-02   -0.195203258763569374E+04
    0.371338970996784923E+00    0.450524111144222559E+02    0.147886346304063809E+01    0.103535469127385982E-02   -0.195196068116184415E+04
    0.370073926362072925E+00    0.444656655072943963E+02    0.148564623991439437E+01    0.330054193326295708E-03   -0.195195839295991823E+04
    0.370073926362072925E+00    0.444656655072943963E+02    0.148564623991439437E+01    0.330054193326295708E-03   -0.195195839295991823E+04
    0.396038329478265005E+00    0.446833021943201132E+02    0.148285533197615793E+01    0.296963310440215289E-02   -0.195186476767121349E+04
    0.396038329478265005E+00    0.446833021943201132E+02    0.148285533197615793E+01    0.296963310440215289E-02   -0.195186476767121349E+04
    0.466872662359618218E+00    0.450524111144222559E+02    0.146224941529224206E+01    0.644828647014436540E-02   -0.195184669545935617E+04
    0.466872662359618218E+00    0.450524111144222559E+02    0.146224941529224206E+01    0.644828647014436540E-02   -0.195184669545935617E+04
    0.437880733769242525E+00    0.450524111144222559E+02    0.147601103792147725E+01    0.731240719493705948E-02   -0.195182678174029161E+04
    0.437880733769242525E+00    0.450524111144222559E+02    0.147601103792147725E+01    0.731240719493705948E-02   -0.195182678174029161E+04
    0.399881898238407807E+00    0.446833021943201132E+02    0.148089274293607298E+01    0.301686159774108842E-02   -0.195182500989794494E+04
    0.399881898238407807E+00    0.446833021943201132E+02    0.148089274293607298E+01    0.301686159774108842E-02   -0.195182500989794494E+04
    0.351932761710937569E+00    0.446833021943201132E+02    0.149688967916436866E+01    0.225416687752783007E-02   -0.195181370452993360E+04
    0.351932761710937569E+00    0.446833021943201132E+02    0.149688967916436866E+01    0.225416687752783007E-02   -0.195181370452993360E+04
    0.332196011689678272E+00    0.450524111144222559E+02    0.149305651324552091E+01    0.255719998937808946E-04   -0.195180141466757186E+04
    0.332196011689678272E+00    0.450524111144222559E+02    0.149305651324552091E+01    0.255719998937808946E-04   -0.195180141466757186E+04
    0.484898060898099281E+00    0.450524111144222559E+02    0.145126279138620840E+01    0.201813001436870754E-02   -0.195176244709215689E+04
    0.417285709606290744E+00    0.450524111144222559E+02    0.148335549773919295E+01    0.707607481996799792E-02   -0.195171881053456536E+04
    0.417285709606290744E+00    0.450524111144222559E+02    0.148335549773919295E+01    0.707607481996799792E-02   -0.195171881053456536E+04
    0.470687676217364626E+00    0.450524111144222559E+02    0.146082218324222923E+01    0.236497169515381689E-02   -0.195169534103037358E+04
    0.470687676217364626E+00    0.450524111144222559E+02    0.146082218324222923E+01    0.236497169515381689E-02   -0.195169534103037358E+04
    0.430492062053797753E+00    0.446833021943201132E+02    0.146580879292623312E+01    0.549503842664084141E-03   -0.195169410786475373E+04
    0.379461660744567553E+00    0.450524111144222559E+02    0.147955670158980235E+01    0.257091270543882700E-02   -0.195162877212038893E+04
    0.379461660744567553E+00    0.450524111144222559E+02    0.147955670158980235E+01    0.257091270543882700E-02   -0.195162877212038893E+04
    0.472307917102141595E+00    0.450524111144222559E+02    0.146034883613364341E+01    0.376783387311394047E-02   -0.195161153199307523E+04
    0.472307917102141595E+00    0.450524111144222559E+02    0.146034883613364341E+01    0.376783387311394047E-02   -0.195161153199307523E+04
    0.385949189674111182E+00    0.450524111144222559E+02    0.149357668270486621E+01    0.109661005194122696E-02   -0.195159903167511811E+04
    0.385949189674111182E+00    0.450524111144222559E+02    0.149357668270486621E+01    0.109661005194122696E-02   -0.195159903167511811E+04
    0.425104980737672555E+00    0.450524111144222559E+02    0.147830887335421468E+01    0.981584725206430253E-03   -0.195159310840103512E+04
    0.432267675327656420E+00    0.450524111144222559E+02    0.145948198547904617E+01    0.566082895124581098E-03   -0.195159304514146788E+04
    0.432267675327656420E+00    0.450524111144222559E+02    0.145948198547904617E+01    0.566082895124581098E-03   -0.195159304514146788E+04
    0.467787276641209893E+00    0.450524111144222559E+02    0.145803690051871127E+01    0.441257465150166062E-02   -0.195157301440454012E+04
    0.411200543077202774E+00    0.450524111144222559E+02    0.148498152581545639E+01    0.250002903951887512E-02   -0.195156433632494827E+04
    0.411200543077202774E+00    0.450524111144222559E+02    0.148498152581545639E+01    0.250002903951887512E-02   -0.195156433632494827E+04
    0.399797678769918008E+00    0.446833021943201132E+02    0.147365670098709334E+01    0.119912459206325539E-02   -0.195152680550526088E+04
    0.399797678769918008E+00    0.446833021943201132E+02    0.147365670098709334E+01    0.119912459206325539E-02   -0.195152680550526088E+04
    0.394445216605988414E+00    0.450524111144222559E+02    0.149183893732858941E+01    0.462267898718779491E-02   -0.195152094662480522E+04
    0.394445216605988414E+00    0.450524111144222559E+02    0.149183893732858941E+01    0.462267898718779491E-02   -0.195152094662480522E+04
    0.417499956595182020E+00    0.450524111144222559E+02    0.146768753987399037E+01    0.287601636987969145E-02   -0.195150182271351173E+04
    0.362766008938748108E+00    0.446833021943201132E+02    0.148396760547354711E+01    0.102911765944652123E-03   -0.195150083222808848E+04
    0.362766008938748108E+00    0.446833021943201132E+02    0.148396760547354711E+01    0.102911765944652123E-03   -0.195150083222808848E+04
    0.447194155748302791E+00    0.450524111144222559E+02    0.145951580210112919E+01    0.285125310595610304E-02   -0.195147307824775635E+04
    0.447194155748302791E+00    0.450524111144222559E+02    0.145951580210112919E+01    0.285125310595610304E-02   -0.195147307824775635E+04
    0.365954320643227859E+00    0.450524111144222559E+02    0.148188272189056036E+01    0.849729565350093585E-03   -0.195144512834657326E+04
    0.365954320643227859E+00    0.450524111144222559E+02    0.148188272189056036E+01    0.849729565350093585E-03   -0.195144512834657326E+04
    0.339737433920005216E+00    0.446833021943201132E+02    0.150005178099424841E+01    0.359625891005910248E-03   -0.195143471860110185E+04
    0.339737433920005216E+00    0.446833021943201132E+02    0.150005178099424841E+01    0.359625891005910248E-03   -0.195143471860110185E+04
    0.378674591585122400E+00    0.450524111144222559E+02    0.149697288860020450E+01    0.396322547267005665E-02   -0.195142816196052354E+04
    0.310952575088553118E+00    0.450524111144222559E+02    0.151819831244991432E+01    0.151299702592355700E-02   -0.195139995511012467E+04
    0.338110487722437902E+00    0.450524111144222559E+02    0.151031418675592022E+01    0.167671395275781343E-02   -0.195139486002926992E+04
    0.338110487722437902E+00    0.450524111144222559E+02    0.151031418675592022E+01    0.167671395275781343E-02   -0.195139486002926992E+04
    0.433919692163517112E+00    0.450524111144222559E+02    0.146099541955735734E+01    0.141475771142110518E-02   -0.195137549911510541E+04
    0.433919692163517112E+00    0.450524111144222559E+02    0.146099541955735734E+01    0.141475771142110518E-02   -0.195137549911510541E+04
    0.408293202830530610E+00    0.450524111144222559E+02    0.147224176701036891E+01    0.349550697635339636E-02   -0.195137091571134124E+04
    0.408293202830530610E+00    0.450524111144222559E+02    0.147224176701036891E+01    0.349550697635339636E-02   -0.195137091571134124E+04
    0.456271619887131052E+00    0.450524111144222559E+02    0.146212011711962586E+01    0.454063683490910086E-02   -0.195134653394102270E+04
    0.456271619887131052E+00    0.450524111144222559E+02    0.146212011711962586E+01    0.454063683490910086E-02   -0.195134653394102270E+04
    0.440279271793109217E+00    0.450524111144222559E+02    0.147351839747614277E+01    0.394080384984782373E-02   -0.195134555855723556E+04
    0.440279271793109217E+00    0.450524111144222559E+02    0.147351839747614277E+01    0.394080384984782373E-02   -0.195134555855723556E+04
    0.392844489538215491E+00    0.446833021943201132E+02    0.147813929437971825E+01    0.126663307259108904E-02   -0.195133838270861906E+04
    0.392844489538215491E+00    0.446833021943201132E+02    0.147813929437971825E+01    0.126663307259108904E-02   -0.195133838270861906E+04
    0.396619847542678983E+00    0.446833021943201132E+02    0.147665206646520231E+01    0.112892331933905909E-02   -0.195133378377011786E+04
    0.396619847542678983E+00    0.446833021943201132E+02    0.147665206646520231E+01    0.112892331933905909E-02   -0.195133378377011786E+04
    0.344706850397979991E+00    0.450524111144222559E+02    0.150780570450224216E+01    0.293065028394354221E-02   -0.195132506332034882E+04
    0.344706850397979991E+00    0.450524111144222559E+02    0.150780570450224216E+01    0.293065028394354221E-02   -0.195132506332034882E+04
    0.400850023821599066E+00    0.446833021943201132E+02    0.147320270832569822E+01    0.367182569938173664E-03   -0.195131109929847139E+04
    0.400850023821599066E+00    0.446833021943201132E+02    0.147320270832569822E+01    0.367182569938173664E-03   -0.195131109929847139E+04
    0.389533934854555675E+00    0.446833021943201132E+02    0.147853293399545560E+01    0.105241832225685950E-02   -0.195130836534742321E+04
    0.389533934854555675E+00    0.446833021943201132E+02    0.147853293399545560E+01    0.105241832225685950E-02   -0.195130836534742321E+04
    0.464460318171076914E+00    0.450524111144222559E+02    0.146039946190614600E+01    0.310849294863038694E-02   -0.195126137843179458E+04
    0.464460318171076914E+00    0.450524111144222559E+02    0.146039946190614600E+01    0.310849294863038694E-02   -0.195126137843179458E+04
    0.437123212995741639E+00    0.450524111144222559E+02    0.147338930167459603E+01    0.561985970471742813E-02   -0.195125854527159322E+04
    0.437123212995741639E+00    0.450524111144222559E+02    0.147338930167459603E+01    0.561985970471742813E-02   -0.195125854527159322E+04
    0.466384610410263356E+00    0.450524111144222559E+02    0.145851506643255457E+01    0.168302197866990189E-02   -0.195125464462185164E+04
    0.466384610410263356E+00    0.450524111144222559E+02    0.145851506643255457E+01    0.168302197866990189E-02   -0.195125464462185164E+04
    0.349992296497134703E+00    0.450524111144222559E+02    0.150392483181126035E+01    0.446988065486622621E-02   -0.195122932514275863E+04
    0.349992296497134703E+00    0.450524111144222559E+02    0.150392483181126035E+01    0.446988065486622621E-02   -0.195122932514275863E+04
    0.339386221975408908E+00    0.450524111144222559E+02    0.149160462208283140E+01    0.325727550712640035E-04   -0.195121892007847759E+04
    0.339386221975408908E+00    0.450524111144222559E+02    0.149160462208283140E+01    0.325727550712640035E-04   -0.195121892007847759E+04
    0.378246237303588195E+00    0.446833021943201132E+02    0.148490264726345500E+01    0.889576733561048272E-03   -0.195121084900466349E+04
    0.360536797768246764E+00    0.450524111144222559E+02    0.150199618284343139E+01    0.145177119594741555E-02   -0.195120392048644544E+04
    0.365472356061061987E+00    0.450524111144222559E+02    0.150056672669222646E+01    0.341617706354660489E-02   -0.195120088392083198E+04
    0.415532341787323567E+00    0.450524111144222559E+02    0.147818399911610698E+01    0.597102494363513370E-02   -0.195119737949057685E+04
    0.415532341787323567E+00    0.450524111144222559E+02    0.147818399911610698E+01    0.597102494363513370E-02   -0.195119737949057685E+04
    0.389982531655064690E+00    0.446833021943201132E+02    0.147632956182899955E+01    0.138442237525571166E-04   -0.195119127674323749E+04
    0.389982531655064690E+00    0.446833021943201132E+02    0.147632956182899955E+01    0.138442237525571166E-04   -0.195119127674323749E+04
    0.359165411097102982E+00    0.446833021943201132E+02    0.149039108338960702E+01    0.498850005546253028E-03   -0.195116065881750660E+04
    0.359165411097102982E+00    0.446833021943201132E+02    0.149039108338960702E+01    0.498850005546253028E-03   -0.195116065881750660E+04
    0.378747473455455008E+00    0.450524111144222559E+02    0.149587594307090344E+01    0.374126108550562608E-02   -0.195115966455098624E+04
    0.373584057550105264E+00    0.446833021943201132E+02    0.148201499689101546E+01    0.170753366863785061E-04   -0.195114971991635775E+04
    0.373584057550105264E+00    0.446833021943201132E+02    0.148201499689101546E+01    0.170753366863785061E-04   -0.195114971991635775E+04
    0.406412393553984508E+00    0.450524111144222559E+02    0.148447379178243066E+01    0.134133546822204353E-02   -0.195109977280942826E+04
    0.406412393553984508E+00    0.450524111144222559E+02    0.148447379178243066E+01    0.134133546822204353E-02   -0.195109977280942826E+04
    0.337375375823517842E+00    0.450524111144222559E+02    0.150935560827472681E+01    0.207546235859226713E-02   -0.195109728501291875E+04
    0.337375375823517842E+00    0.450524111144222559E+02    0.150935560827472681E+01    0.207546235859226713E-02   -0.195109728501291875E+04
    0.365836091981896594E+00    0.446833021943201132E+02    0.148686236740450872E+01    0.288083343057382590E-03   -0.195109557513303571E+04
    0.365836091981896594E+00    0.446833021943201132E+02    0.148686236740450872E+01    0.288083343057382590E-03   -0.195109557513303571E+04
    0.459205460716630043E+00    0.450524111144222559E+02    0.145849354229126704E+01    0.178860065307848148E-02   -0.195107625894134162E+04
    0.459205460716630043E+00    0.450524111144222559E+02    0.145849354229126704E+01    0.178860065307848148E-02   -0.195107625894134162E+04
    0.376680752695200738E+00    0.450524111144222559E+02    0.148625726050872053E+01    0.409939702089542890E-02   -0.195107570198911958E+04
    0.376680752695200738E+00    0.450524111144222559E+02    0.148625726050872053E+01    0.409939702089542890E-02   -0.195107570198911958E+04
    0.432330456459328438E+00    0.450524111144222559E+02    0.146497720733850989E+01    0.276074610511320429E-02   -0.195107121806629902E+04
    0.446700239833736745E+00    0.450524111144222559E+02    0.146771292715390267E+01    0.190652167801177996E-02   -0.195102461919485950E+04
    0.446700239833736745E+00    0.450524111144222559E+02    0.146771292715390267E+01    0.190652167801177996E-02   -0.195102461919485950E+04
    0.362872392867915394E+00    0.450524111144222559E+02    0.148437845166695515E+01    0.860577035685816671E-03   -0.195100787785015564E+04
    0.437215737746337929E+00    0.450524111144222559E+02    0.146775851582078509E+01    0.422552017598573637E-02   -0.195100543438373188E+04
    0.315014075474503663E+00    0.450524111144222559E+02    0.150981156370040726E+01    0.178665828371316060E-02   -0.195100160374317693E+04
    0.315014075474503663E+00    0.450524111144222559E+02    0.150981156370040726E+01    0.178665828371316060E-02   -0.195100160374317693E+04
    0.400036846182159955E+00    0.450524111144222559E+02    0.147707212701089663E+01    0.371277479678930322E-02   -0.195098803097109294E+04
    0.395640008580006253E+00    0.450524111144222559E+02    0.148913818460591729E+01    0.346536427226359911E-02   -0.195098713253245182E+04
    0.395640008580006253E+00    0.450524111144222559E+02    0.148913818460591729E+01    0.346536427226359911E-02   -0.195098713253245182E+04
    0.415788737121513208E+00    0.450524111144222559E+02    0.147073704186444587E+01    0.311155271814397838E-02   -0.195097995341425894E+04
    0.429586974587389037E+00    0.450524111144222559E+02    0.147139446277192443E+01    0.456357474681060027E-02   -0.195092973252937486E+04
    0.338014651564830793E+00    0.450524111144222559E+02    0.150186408256539794E+01    0.304831030742871989E-02   -0.195091950717968166E+04
    0.416107890040740003E+00    0.450524111144222559E+02    0.146799457695971247E+01    0.159460853419021720E-02   -0.195091862006163228E+04
    0.438383285689539548E+00    0.450524111144222559E+02    0.147115070451336694E+01    0.231857919500788601E-02   -0.195091294085476079E+04
    0.398257662320167682E+00    0.450524111144222559E+02    0.147099735379282270E+01    0.594112442928174112E-04   -0.195088384651682327E+04
    0.394289041326901568E+00    0.450524111144222559E+02    0.148906054081202566E+01    0.297564427895777306E-02   -0.195086980073199220E+04
    0.453016774010750467E+00    0.450524111144222559E+02    0.145982445783236270E+01    0.363559897945897603E-03   -0.195086360384495379E+04
    0.453016774010750467E+00    0.450524111144222559E+02    0.145982445783236270E+01    0.363559897945897603E-03   -0.195086360384495379E+04
    0.331223474583591582E+00    0.450524111144222559E+02    0.149631658907800813E+01    0.146264566900367043E-04   -0.195085785486768918E+04
    0.331223474583591582E+00    0.450524111144222559E+02    0.149631658907800813E+01    0.146264566900367043E-04   -0.195085785486768918E+04
    0.446446974311953682E+00    0.450524111144222559E+02    0.146458607617899617E+01    0.514349088892668282E-03   -0.195078992652811166E+04
    0.378121198621576227E+00    0.450524111144222559E+02    0.148896278383128555E+01    0.440792006455106855E-02   -0.195078831867684494E+04
    0.378121198621576227E+00    0.450524111144222559E+02    0.148896278383128555E+01    0.440792006455106855E-02   -0.195078831867684494E+04
    0.360155168732455344E+00    0.450524111144222559E+02    0.150069815788596705E+01    0.153966278809711254E-02   -0.195078307430794621E+04
    0.360155168732455344E+00    0.450524111144222559E+02    0.150069815788596705E+01    0.153966278809711254E-02   -0.195078307430794621E+04
    0.366161581848395201E+00    0.450524111144222559E+02    0.149781199153609812E+01    0.373765896444674950E-02   -0.195078171477071055E+04
    0.395526856872857380E+00    0.450524111144222559E+02    0.148575345634602374E+01    0.483796227348451402E-02   -0.195078105592954057E+04
    0.409446277811133186E+00    0.450524111144222559E+02    0.148055385945547124E+01    0.477715126263808521E-02   -0.195077750311672116E+04
    0.428589072627685752E+00    0.450524111144222559E+02    0.147182953321252263E+01    0.407965103868054846E-02   -0.195077620650383983E+04
    0.400314085860967950E+00    0.450524111144222559E+02    0.147382293490830296E+01    0.182112441977708150E-02   -0.195077208465393255E+04
    0.403901000243674702E+00    0.450524111144222559E+02    0.147573059977796905E+01    0.321698515893595327E-02   -0.195076681975036126E+04
    0.312358526339156839E+00    0.450524111144222559E+02    0.150930113691572898E+01    0.882665186433012616E-03   -0.195076607227029035E+04
    0.421964499382634806E+00    0.450524111144222559E+02    0.147744694995284154E+01    0.371757170460693120E-02   -0.195075819184787747E+04
    0.412197862962013772E+00    0.450524111144222559E+02    0.147180231467816203E+01    0.256032185986634908E-02   -0.195074300648132134E+04
    0.441228640280859175E+00    0.450524111144222559E+02    0.146793538715770566E+01    0.264724574160998816E-02   -0.195073928909047390E+04
    0.412271697010516469E+00    0.450524111144222559E+02    0.148128272553868356E+01    0.353093484771063726E-02   -0.195071653180755197E+04
    0.363665165505446808E+00    0.450524111144222559E+02    0.149730615308063286E+01    0.383209598291042730E-02   -0.195069832540303787E+04
    0.427246752562108867E+00    0.450524111144222559E+02    0.146593990261336637E+01    0.150554952016665466E-02   -0.195069566333278249E+04
    0.403735856325750042E+00    0.450524111144222559E+02    0.147465537930902579E+01    0.252108732243863654E-02   -0.195067198125196455E+04
    0.388924804754616105E+00    0.450524111144222559E+02    0.148988899537587538E+01    0.338070675410231947E-02   -0.195066469907868623E+04
    0.392412407977039024E+00    0.450524111144222559E+02    0.148080168333421835E+01    0.336061584463950846E-02   -0.195062565871090874E+04
    0.409936833084311836E+00    0.450524111144222559E+02    0.147395019536811889E+01    0.290611945932020554E-02   -0.195062534203617656E+04
    0.403102955569958787E+00    0.450524111144222559E+02    0.148148351115529664E+01    0.418605209671954470E-02   -0.195059140515448712E+04
    0.332068509687124092E+00    0.450524111144222559E+02    0.149821735305843795E+01    0.502444739766128023E-03   -0.195058871504061699E+04
    0.347108567319814654E+00    0.450524111144222559E+02    0.149492160550279163E+01    0.183515480499338302E-02   -0.195058736965066055E+04
    0.355655428349098912E+00    0.450524111144222559E+02    0.149796474424153070E+01    0.326011282585822459E-02   -0.195054606741228122E+04
    0.438610113921981792E+00    0.450524111144222559E+02    0.146515408277141823E+01    0.108971736503557515E-02   -0.195053703586686470E+04
    0.427209807348939208E+00    0.450524111144222559E+02    0.147287183766408436E+01    0.140298392244167514E-02   -0.195049313492615238E+04
    0.431111815338786286E+00    0.450524111144222559E+02    0.147025905185075345E+01    0.223353300259829246E-02   -0.195049166156345859E+04
    0.427281155921051869E+00    0.450524111144222559E+02    0.146994293085029915E+01    0.245558033198509107E-02   -0.195049152574208529E+04
    0.364267914439839302E+00    0.450524111144222559E+02    0.149786665160522858E+01    0.938181702758306146E-03   -0.195047162468916213E+04
    0.433305731543415895E+00    0.450524111144222559E+02    0.146902425854699570E+01    0.106324618234668322E-02   -0.195046288625606235E+04
    0.353783070732567317E+00    0.450524111144222559E+02    0.149142454600495200E+01    0.141199903065905574E-02   -0.195046240527500004E+04
    0.421843702705602119E+00    0.450524111144222559E+02    0.146976284262128809E+01    0.192583238519947186E-02   -0.195045356485145749E+04
    0.350451311279499578E+00    0.450524111144222559E+02    0.150126281801177530E+01    0.243247995852927112E-02   -0.195043752055417690E+04
    0.434154799813317283E+00    0.450524111144222559E+02    0.146559965203971343E+01    0.559672644822373222E-03   -0.195042965192568545E+04
    0.331471270886853908E+00    0.450524111144222559E+02    0.150675823970179890E+01    0.153289259739358696E-02   -0.195041428702410576E+04
    0.377624259539997453E+00    0.450524111144222559E+02    0.149095486494726881E+01    0.342381925386561758E-02   -0.195040703639246681E+04
    0.417209082653404728E+00    0.450524111144222559E+02    0.147546221620402873E+01    0.282358265897705851E-02   -0.195038184659557328E+04
    0.351423753366384872E+00    0.450524111144222559E+02    0.149278730468114684E+01    0.137228134377714861E-02   -0.195038002023769286E+04
    0.396538700965498592E+00    0.450524111144222559E+02    0.148165545661879161E+01    0.326580530282163939E-02   -0.195036474894001344E+04
    0.393093298602477326E+00    0.450524111144222559E+02    0.148620500277105094E+01    0.376171629984739520E-03   -0.195036242410669342E+04
    0.403347332371754241E+00    0.450524111144222559E+02    0.147755295158851263E+01    0.274378163725960689E-02   -0.195035613661001048E+04
    0.377518389376549912E+00    0.450524111144222559E+02    0.149223308887482364E+01    0.396414578440695831E-03   -0.195034564072270609E+04
    0.390981018396061586E+00    0.450524111144222559E+02    0.148152032336726758E+01    0.273117521308605116E-02   -0.195033966782754214E+04
    0.324968972877606177E+00    0.450524111144222559E+02    0.150762456261883004E+01    0.100094194981698026E-02   -0.195033028266918222E+04
    0.405493577594633337E+00    0.450524111144222559E+02    0.147102555541253599E+01    0.118020493577453145E-04   -0.195032437790720292E+04
    0.393091123077158322E+00    0.450524111144222559E+02    0.148545906351216850E+01    0.311080663051035988E-02   -0.195031964912549120E+04
    0.393635189375542538E+00    0.450524111144222559E+02    0.147702793815769162E+01    0.128461688517633732E-02   -0.195031550384087086E+04
    0.422547752549532696E+00    0.450524111144222559E+02    0.147318162494181659E+01    0.167281860004778182E-02   -0.195031041316135679E+04
    0.417515705307248020E+00    0.450524111144222559E+02    0.147385616867064462E+01    0.229763170492236490E-02   -0.195030322538021233E+04
    0.344538802644994036E+00    0.450524111144222559E+02    0.149648158317720759E+01    0.134489252317099295E-02   -0.195028983882143075E+04
    0.372054128072552004E+00    0.450524111144222559E+02    0.149121758002625682E+01    0.293864265144230807E-02   -0.195027459989899739E+04
    0.400896670146844158E+00    0.450524111144222559E+02    0.147476801663490309E+01    0.113632755772874461E-02   -0.195026691573525136E+04
    0.404954953612689295E+00    0.450524111144222559E+02    0.148125196075688415E+01    0.189434520088166414E-02   -0.195025878505771698E+04
    0.383982013514883924E+00    0.450524111144222559E+02    0.148394261825667284E+01    0.249264503233334600E-02   -0.195025234224867381E+04
    0.372888042885278104E+00    0.450524111144222559E+02    0.148533203385292545E+01    0.153633439614914158E-02   -0.195022781609736739E+04
    0.401692191056204351E+00    0.450524111144222559E+02    0.148236563475189298E+01    0.160643939397947522E-02   -0.195021920153783321E+04
    0.401134251603147973E+00    0.450524111144222559E+02    0.148142011163303522E+01    0.252944837923799182E-02   -0.195019869367017327E+04
    0.391828577575964232E+00    0.450524111144222559E+02    0.147824150241992225E+01    0.124267103982428351E-02   -0.195019093205981062E+04
    0.394848116527271031E+00    0.450524111144222559E+02    0.148281390953159065E+01    0.271183835149105268E-02   -0.195018984803756325E+04
    0.390860273282028103E+00    0.450524111144222559E+02    0.148618524357912540E+01    0.237171583212486548E-03   -0.195018733762909437E+04
    0.368218217796030700E+00    0.450524111144222559E+02    0.149252056602264682E+01    0.256206580391368788E-02   -0.195018564413810941E+04
    0.366137897038832705E+00    0.450524111144222559E+02    0.149458521889390905E+01    0.233098583641505597E-02   -0.195018547807359028E+04
    0.347928506180686270E+00    0.450524111144222559E+02    0.149650234362068613E+01    0.152460381084876251E-02   -0.195017670866712433E+04
    0.419574050371717355E+00    0.450524111144222559E+02    0.147314285528319755E+01    0.763150640563980964E-03   -0.195017409388764509E+04
    0.386935326951597602E+00    0.450524111144222559E+02    0.147830642191089012E+01    0.480137814878461855E-03   -0.195016578022903400E+04
    0.382127741028636336E+00    0.450524111144222559E+02    0.147983313599286248E+01    0.381944894564861803E-03   -0.195013977092131972E+04
    0.367584053435736635E+00    0.450524111144222559E+02    0.149467804096474044E+01    0.158950853779082912E-02   -0.195012029075719670E+04
    0.389820949760868452E+00    0.450524111144222559E+02    0.148430459804143577E+01    0.241298126048430928E-02   -0.195010464688068532E+04
    0.378066284662958552E+00    0.450524111144222559E+02    0.149076263214115023E+01    0.171689439926350773E-02   -0.195010325227838212E+04
    0.400818257091340335E+00    0.450524111144222559E+02    0.147474573407296305E+01    0.514649731936628330E-03   -0.195007695011612350E+04
    0.403625518911074010E+00    0.450524111144222559E+02    0.147943930584229877E+01    0.181391212899559284E-02   -0.195007585822355986E+04
    0.385830723476440873E+00    0.450524111144222559E+02    0.148513809543750708E+01    0.225027695447918563E-02   -0.195006306549416217E+04
    0.376012747008631187E+00    0.450524111144222559E+02    0.148411982669498088E+01    0.107360362227498785E-02   -0.195004710942286601E+04
    0.411646771087442076E+00    0.450524111144222559E+02    0.147584621462620103E+01    0.137534403534700367E-03   -0.195004230612111496E+04
    0.354809303243965424E+00    0.450524111144222559E+02    0.148996631113044709E+01    0.107809525731916711E-03   -0.195002599453643597E+04
    0.372734341190658292E+00    0.450524111144222559E+02    0.148389435325501573E+01    0.262431812656532815E-03   -0.194995073201952187E+04
    0.388081638536499796E+00    0.450524111144222559E+02    0.148497250695222061E+01    0.133386504773819192E-03   -0.194982831814106567E+04
    0.385732653457218966E+00    0.450524111144222559E+02    0.148718800594896372E+01    0.130963874477585396E-04   -0.195000929194628179E+04
    0.354878489378544160E+00    0.450524111144222559E+02    0.149055575376079519E+01    0.322538861078885963E-03   -0.195001510826867570E+04
    0.377661409502319856E+00    0.450524111144222559E+02    0.148340884874364809E+01    0.107973873717526203E-04   -0.194971087715929139E+04
    0.356201199263219692E+00    0.450524111144222559E+02    0.149187919535889657E+01    0.168313021942950725E-03   -0.194972204919479373E+04
    0.387855225988948504E+00    0.450524111144222559E+02    0.148388974103670823E+01    0.902281653622827307E-03   -0.194980026501372208E+04
    0.376706176639903134E+00    0.450524111144222559E+02    0.148785631182545508E+01    0.890548590706086163E-03   -0.194975499852684129E+04
    0.379428895361724194E+00    0.450524111144222559E+02    0.148826950460026008E+01    0.167628282625731373E-02   -0.194994027017749227E+04
    0.404159938896317961E+00    0.450524111144222559E+02    0.147726369369165145E+01    0.826125915939779354E-04   -0.194985909969719114E+04
    0.372299217649208813E+00    0.450524111144222559E+02    0.149066238138174079E+01    0.269580509720368511E-03   -0.194974833268514044E+04
    0.388243965157692550E+00    0.450524111144222559E+02    0.148372367147479345E+01    0.635229793679581434E-03   -0.194976827788287710E+04
    0.349036003909334980E+00    0.450524111144222559E+02    0.149900525100444759E+01    0.177097420478083967E-03   -0.194978296877210369E+04
    0.370531033803154664E+00    0.450524111144222559E+02    0.148928710155519739E+01    0.708151906393394981E-03   -0.194970790792725165E+04
    0.371941571024247075E+00    0.450524111144222559E+02    0.149052745933477038E+01    0.179926776277317124E-02   -0.194996134030879239E+04
    0.380946635638683695E+00    0.450524111144222559E+02    0.148682018640300351E+01    0.413848578742076478E-03   -0.194972893871681686E+04
    0.357409749981299818E+00    0.450524111144222559E+02    0.148994800165975350E+01    0.129263211314428750E-03   -0.194986840837551699E+04
    0.353510315751569770E+00    0.450524111144222559E+02    0.149387323095044944E+01    0.939951807850641918E-03   -0.194992947215321806E+04
    0.381158093023142186E+00    0.450524111144222559E+02    0.148771505589413389E+01    0.195795406681203987E-02   -0.194999668876389660E+04
    0.391472737931084502E+00    0.450524111144222559E+02    0.147753478375961089E+01    0.271803547198468110E-03   -0.194998493850592786E+04
    0.341747092064808022E+00    0.450524111144222559E+02    0.149938030166612868E+01    0.118444328180311587E-03   -0.194974455547573348E+04
    0.365804433278932528E+00    0.450524111144222559E+02    0.148691007247665086E+01    0.237016456831273814E-03   -0.194987095026448969E+04
    0.394428835798078303E+00    0.450524111144222559E+02    0.147956968254482923E+01    0.840483793420027103E-03   -0.194985917885565527E+04
    0.392777072748313749E+00    0.450524111144222559E+02    0.148131190591747308E+01    0.459703605002553806E-03   -0.194976214787121626E+04
    0.398589103802059697E+00    0.450524111144222559E+02    0.148015166199985315E+01    0.555982009634803376E-03   -0.194985687260373334E+04
    0.396272321801037108E+00    0.450524111144222559E+02    0.148312871828616410E+01    0.884704572127498201E-03   -0.195002409396275561E+04
    0.404984630007196422E+00    0.450524111144222559E+02    0.147784112968527936E+01    0.128727259275993045E-02   -0.194999802583798282E+04
