    0.566248154115580784E-79   -0.663456968397521723E+04    0.370449561570121233E+02    0.416809624712866125E+02    0.651486996436910881E+00
    0.950680719307292392E-76   -0.664952148624855090E+04    0.395733536020341035E+02    0.381675134997998526E+02    0.658538379001828988E+00
    0.382384784626326244E-67   -0.668924651615562743E+04    0.286499954575486768E+02    0.202485995971446862E+02    0.411519830537851905E+00
    0.455018311277091946E-66   -0.669429950688457029E+04    0.336022605156176013E+02    0.222254418772284446E+02    0.578602336665216765E+00
    0.181219925827965580E-62   -0.671097893501011276E+04    0.246254176278677441E+02    0.265166027345138389E+02    0.111843696925957348E+01
    0.383443759929529087E-60   -0.672178823859626027E+04    0.415130590022142698E+02    0.295583933733392001E+02    0.129839853010933903E+01
    0.239976018579056314E-58   -0.673016127103858707E+04    0.314471977483167748E+02    0.271995691978429512E+02    0.664031603211915789E+00
    0.201493200907945618E-56   -0.673912204469588960E+04    0.346111160516738892E+02    0.339595344662666321E+02    0.739534558138838172E+00
    0.418291570098446535E-53   -0.675449840142796347E+04    0.249731984734535217E+02    0.329969745874404907E+02    0.147348308040335896E+01
    0.751787447525308671E-50   -0.676958646180382675E+04    0.250161115875984628E+02    0.240616274848594465E+02    0.136241356028757510E+01
    0.224956439471639979E-48   -0.677648370846916987E+04    0.353883852582444263E+02    0.378586185190455922E+02    0.811386330106955156E+00
    0.254534617999484674E-48   -0.677683076860757137E+04    0.319520729526689777E+02    0.218419669628384092E+02    0.561946637482592881E+00
    0.143162425889158120E-47   -0.678038502475504083E+04    0.249754506376337702E+02    0.270266125653653262E+02    0.124883391381393949E+01
    0.655116467168890151E-47   -0.678352669115753179E+04    0.294664141535758972E+02    0.341114056110382080E+02    0.765961517103218137E+00
    0.429913556623971975E-44   -0.679659974396563848E+04    0.239833241536810462E+02    0.286866028862892861E+02    0.131359811322396869E+01
    0.116587321896666016E-43   -0.679869502690971512E+04    0.377846598171819252E+02    0.358176432439983756E+02    0.788062822119223738E+00
    0.143694015091837569E-42   -0.680381828831004714E+04    0.366579033320957919E+02    0.363389130550942099E+02    0.854638014923998823E+00
    0.137058673243410069E-42   -0.680382373423486388E+04    0.316386078446210917E+02    0.335332598822080854E+02    0.843840920134399819E+00
    0.177291111289292898E-41   -0.680904367236504277E+04    0.286760868903867276E+02    0.321655000689252475E+02    0.112698180029886097E+01
    0.294065293903464036E-39   -0.681936603024241231E+04    0.431179686103790232E+02    0.344647335518004212E+02    0.143649675141723709E+01
    0.298269833779623006E-39   -0.681949442369940789E+04    0.253359005132418389E+02    0.291725996417766709E+02    0.111706413423872886E+01
    0.601242319400219249E-39   -0.682099642267474064E+04    0.346721207602398138E+02    0.434949848971362059E+02    0.904412808340326557E+00
    0.532470920758177908E-38   -0.682545865334120026E+04    0.378993853815551489E+02    0.344231071766536871E+02    0.116803287679770262E+01
    0.111240129692198647E-33   -0.684545283008724982E+04    0.410902168186343530E+02    0.311219172985010530E+02    0.116112885582699743E+01
    0.291501577260564421E-32   -0.685208470871599002E+04    0.320418384967865819E+02    0.313765135466377743E+02    0.112294512651358724E+01
    0.278387452074532455E-32   -0.685209264559450003E+04    0.331424835761884893E+02    0.245063658509638493E+02    0.744730707344562592E+00
    0.281368603877397749E-32   -0.685221394901735766E+04    0.410961773020232926E+02    0.238505214658233058E+02    0.133091761604600123E+01
    0.367151648232151346E-32   -0.685284616782905050E+04    0.311838035417416286E+02    0.370329601544647886E+02    0.100106284780239085E+01
    0.921170902537491075E-32   -0.685478590904469456E+04    0.295656140110019692E+02    0.371533139148358913E+02    0.128090874205403904E+01
    0.636238511679517756E-31   -0.685875093509154613E+04    0.398892855691262582E+02    0.386966273562534440E+02    0.880972957678649027E+00
    0.163346562038851421E-30   -0.686073670643719288E+04    0.395756554717929987E+02    0.399503326024922245E+02    0.986089238716156946E+00
    0.132122331783274495E-25   -0.688343826568336408E+04    0.241383699018830207E+02    0.239036129501814365E+02    0.122124226477704334E+01
    0.165786366261839555E-25   -0.688399220920326024E+04    0.417775458197511611E+02    0.362500477303773820E+02    0.105542870154699076E+01
    0.208029179318488782E-25   -0.688454616589476427E+04    0.280378108619523303E+02    0.296059227939457905E+02    0.119201904842248196E+01
    0.961496061307454772E-25   -0.688770779012190269E+04    0.265672382457508256E+02    0.294504724051409852E+02    0.116405441659614306E+01
    0.201718123856722518E-24   -0.688928972196352879E+04    0.356770956866596549E+02    0.403180665804259775E+02    0.956127223749159816E+00
    0.267199363820011045E-24   -0.688995196949215097E+04    0.358667347797803018E+02    0.403456233712043542E+02    0.957842253891135531E+00
    0.237417547600556749E-23   -0.689442079034704693E+04    0.214114649418143017E+02    0.250192795652228419E+02    0.129011527086598043E+01
    0.554528859462018873E-23   -0.689621738725935575E+04    0.260260393946813693E+02    0.296199803391139973E+02    0.111846297773684422E+01
    0.171292816825600115E-22   -0.689857306868493470E+04    0.291059152211159358E+02    0.270345711992728148E+02    0.113492705722388609E+01
    0.907044094906998163E-22   -0.690200670187293144E+04    0.416275777783844987E+02    0.358777871143419489E+02    0.111166304669468419E+01
    0.530071320517740624E-21   -0.690563751305763708E+04    0.370474250281458950E+02    0.352404309025369713E+02    0.100614918492417038E+01
    0.226756373725076768E-20   -0.690864441250989330E+04    0.264333611734878140E+02    0.236062515681565266E+02    0.133006746549056976E+01
    0.564594691126000973E-20   -0.691056887634037230E+04    0.371372140060384552E+02    0.394334692671726188E+02    0.107806643636343047E+01
    0.167387466093402284E-19   -0.691284245286311489E+04    0.350105661597328748E+02    0.388243825603618475E+02    0.108218806421000102E+01
    0.353919412960888591E-19   -0.691443996878102917E+04    0.280543745095484880E+02    0.244725658750957358E+02    0.103208149075730993E+01
    0.338074866688160830E-19   -0.691444836504066461E+04    0.365960964602523617E+02    0.403848339527539224E+02    0.106977231958584129E+01
    0.486152987383680136E-19   -0.691527487702703911E+04    0.375135310660964052E+02    0.398917067886905556E+02    0.114687063660902511E+01
    0.115614747555627464E-18   -0.691710752753081033E+04    0.272370234059865517E+02    0.376691955131303970E+02    0.121401536335455762E+01
    0.158904095819038940E-18   -0.691784360218516667E+04    0.357459249167586179E+02    0.418102559688984030E+02    0.105140107199163979E+01
    0.631461946956743263E-18   -0.692070307585016872E+04    0.271507726694078642E+02    0.373962448671700116E+02    0.119121771010904354E+01
    0.790821774240668072E-18   -0.692125314573731521E+04    0.363210441345800419E+02    0.402524856942926164E+02    0.112760610366604475E+01
    0.286169826547333914E-17   -0.692392534153998986E+04    0.305388816880766569E+02    0.378237406834111312E+02    0.111488471085191554E+01
    0.380222963689293948E-17   -0.692459368632697988E+04    0.304454476116919892E+02    0.369087806353629730E+02    0.108823899302352878E+01
    0.947961445935628519E-17   -0.692652079833774224E+04    0.415048620116912446E+02    0.306751211140342619E+02    0.121205159655686479E+01
    0.381773720609210774E-16   -0.692940699701590165E+04    0.308008221599530572E+02    0.301312001530332267E+02    0.102711494022470706E+01
    0.522822874095412124E-16   -0.693013582632625184E+04    0.302420809432613709E+02    0.307985881982229621E+02    0.103386291913058281E+01
    0.164813103974116141E-15   -0.693253213530199173E+04    0.301948175430280159E+02    0.304397542302370141E+02    0.106471941261906355E+01
    0.182152840821930367E-15   -0.693283220328333209E+04    0.261543504111271510E+02    0.239166348202242851E+02    0.127131002450144437E+01
    0.674638361438904234E-15   -0.693555086461749124E+04    0.316858071423946868E+02    0.397865927125333343E+02    0.112103467200681317E+01
    0.687992896560719723E-15   -0.693569006807077858E+04    0.314208285986727276E+02    0.398057321370725532E+02    0.112413643954003928E+01
    0.805712859635432970E-15   -0.693610596589550914E+04    0.274227845690054330E+02    0.359513439442365765E+02    0.116414112748719578E+01
    0.298167333381472070E-14   -0.693882299093119036E+04    0.275642699612379580E+02    0.353048492402802623E+02    0.113991310923814715E+01
    0.917831678721814375E-14   -0.694117170926513154E+04    0.293954065844127115E+02    0.247480699707251119E+02    0.104624091644145878E+01
    0.916561589879027783E-14   -0.694126893976293741E+04    0.264264159534572549E+02    0.262684729868616778E+02    0.998340323154004228E+00
    0.920864774949714837E-14   -0.694137830763317288E+04    0.266816312897793715E+02    0.262908267375576514E+02    0.990222188538825487E+00
    0.178215966660228360E-13   -0.694279884363790188E+04    0.381405999108043616E+02    0.400198606595148050E+02    0.108604580119702199E+01
    0.170136083344279617E-13   -0.694280604863070585E+04    0.351202245747659632E+02    0.446048845191219812E+02    0.107887325569022696E+01
    0.256174816836292063E-13   -0.694372457159590886E+04    0.296911945906131507E+02    0.315579361746744098E+02    0.106271406009306535E+01
    0.335070053959252654E-13   -0.694436153066904626E+04    0.297357882371032716E+02    0.315084793491398543E+02    0.107405728664577360E+01
    0.766975437824591141E-13   -0.694611776097084294E+04    0.307562078185788330E+02    0.279614768139543806E+02    0.102148799627975428E+01
    0.929238523319097272E-13   -0.694660158233377479E+04    0.308686342079379443E+02    0.271401612131030205E+02    0.102600348489087212E+01
    0.119532688732352582E-12   -0.694720520136219966E+04    0.308624612255631092E+02    0.279352672271487101E+02    0.103211970091553318E+01
    0.127576083833676638E-12   -0.694743544744766041E+04    0.300856236909720494E+02    0.313533257537783996E+02    0.106097928072314884E+01
    0.608018773331394111E-12   -0.695065843311987373E+04    0.253500354552765295E+02    0.227495820382822735E+02    0.135644807267196055E+01
    0.771524357220880200E-11   -0.695583992827361726E+04    0.344295480833463898E+02    0.440307853409073857E+02    0.108557482155069929E+01
    0.679592801805805345E-10   -0.696029134957035421E+04    0.286148297799188569E+02    0.230122223069562999E+02    0.106038033269207466E+01
    0.276459621261990229E-09   -0.696319766171063839E+04    0.260523714808730347E+02    0.247811879351038904E+02    0.127678393993508998E+01
    0.624099914236425006E-09   -0.696492615310951987E+04    0.268604573949991376E+02    0.368252070511697553E+02    0.118964468163890613E+01
    0.904331542581092563E-09   -0.696576792424807627E+04    0.263232088041790817E+02    0.245330440295625500E+02    0.126843331649110969E+01
    0.175860817251122305E-08   -0.696719808808868584E+04    0.264520192218368351E+02    0.254595220346088951E+02    0.100611115908285376E+01
    0.177130637169519698E-08   -0.696731247739335504E+04    0.266683388713878031E+02    0.250433744286264286E+02    0.100405105640919556E+01
    0.203198146684618571E-08   -0.696768706553650009E+04    0.261052141116149272E+02    0.253472988371873491E+02    0.996158433210737382E+00
    0.202804558930011115E-08   -0.696778318784925796E+04    0.261613052053970030E+02    0.259371709855092973E+02    0.993694799582250599E+00
    0.195424680348912657E-08   -0.696780905242333483E+04    0.265956046062851357E+02    0.250752553867502925E+02    0.992984514668139084E+00
    0.199199984267693044E-08   -0.696794732087881403E+04    0.261213732410352932E+02    0.256930177061177432E+02    0.988704831554418240E+00
    0.197769742448564287E-08   -0.696803290922057840E+04    0.262196767280442629E+02    0.257481331087237066E+02    0.985420266500305786E+00
    0.189895595790862770E-08   -0.696805165119705725E+04    0.267543096923517147E+02    0.254151765009118371E+02    0.984592639514009660E+00
    0.184247216138445390E-08   -0.696809125919007056E+04    0.261348767420771821E+02    0.255198228636394298E+02    0.982644908961410879E+00
    0.176858635919310321E-08   -0.696810940383916113E+04    0.263784228443080195E+02    0.259319900909017775E+02    0.981629210097086147E+00
    0.314826943031355612E-08   -0.696936274854777821E+04    0.263223222308398803E+02    0.245488293873213230E+02    0.125632406871880509E+01
    0.389505837806723399E-08   -0.696988846005276537E+04    0.299722212930285750E+02    0.296964490924013589E+02    0.105872178295937158E+01
    0.419061894189487679E-08   -0.697013473960215197E+04    0.271714583246392536E+02    0.368225456998041381E+02    0.117425918579079758E+01
    0.419755356590391351E-08   -0.697023804646098506E+04    0.271627401509746065E+02    0.367272118858805570E+02    0.117044113354837176E+01
    0.444830757961429591E-08   -0.697045409012774508E+04    0.273401526658488478E+02    0.362035711477504378E+02    0.115311253637561628E+01
    0.446208473610417741E-08   -0.697056027489132521E+04    0.266145521151016631E+02    0.245967656029347630E+02    0.125216743923743823E+01
    0.118865334911672156E-06   -0.697722502514429652E+04    0.269346769781530355E+02    0.247077610942583128E+02    0.122770439934856213E+01
    0.365914055517471186E-06   -0.697957383968811610E+04    0.275685572124082796E+02    0.249521144636226495E+02    0.101363768412583211E+01
    0.355569957130642394E-06   -0.697961648674856588E+04    0.276835323213303752E+02    0.248851513795598294E+02    0.101260210245507021E+01
    0.372720304170343841E-06   -0.697981069928562556E+04    0.270325292249165585E+02    0.246559460266170518E+02    0.100723327966613008E+01
    0.363712526320436875E-06   -0.697986177030395174E+04    0.270846820033772424E+02    0.245399731875829055E+02    0.100556709181648674E+01
    0.349718689615573829E-06   -0.697988330089314877E+04    0.271175708408459322E+02    0.243016416186863111E+02    0.100481815724930934E+01
    0.363928187078681835E-06   -0.698006295583829888E+04    0.271959584760464885E+02    0.247993104714399308E+02    0.996481281813198505E+00
    0.357352264156147308E-06   -0.698012648677765992E+04    0.271603236970319202E+02    0.249006543421105100E+02    0.989874025110698996E+00
    0.340414845546866402E-06   -0.698012937273406988E+04    0.270394244794293783E+02    0.244650264292088764E+02    0.989086070381488214E+00
    0.762838764376367903E-06   -0.698184313610037862E+04    0.223060805626347758E+02    0.234332601610833002E+02    0.139844882490944067E+01
    0.445264774990736862E-05   -0.698547155111483789E+04    0.221582130765325793E+02    0.233321871105176442E+02    0.139037112990980050E+01
    0.304794393872854439E-04   -0.698941865795209560E+04    0.226431493984036365E+02    0.234805467147162901E+02    0.138143805725227442E+01
    0.110231668815429805E-03   -0.699208972173891743E+04    0.227284906316227051E+02    0.235716657139823482E+02    0.137530206722506132E+01
    0.274225347109739448E-01   -0.700322279405454628E+04    0.264287466031723071E+02    0.249501445415879672E+02    0.978121395514372827E+00
    0.332000841574964026E-01   -0.700370516865593981E+04    0.269301966551719900E+02    0.249925580587986218E+02    0.985817837122039964E+00
    0.321396309973249750E-01   -0.700374024359265150E+04    0.272185819922217469E+02    0.259212490591577520E+02    0.984721922876530709E+00
    0.312254626179607163E-01   -0.700378253157743075E+04    0.261370726659609929E+02    0.244390183327102122E+02    0.987207404959750567E+00
    0.307173057939574973E-01   -0.700384971623919955E+04    0.272882028003104580E+02    0.255812810437212192E+02    0.985990788068678237E+00
    0.307121286234082365E-01   -0.700394937912585283E+04    0.267204036321273541E+02    0.248560461615140369E+02    0.990406123935669624E+00
    0.292281347264744459E-01   -0.700395032736120993E+04    0.262702409857981216E+02    0.247839905126490159E+02    0.990425202835308216E+00
    0.283413483237312629E-01   -0.700398870745403747E+04    0.262114312051426559E+02    0.243741693712202974E+02    0.991207002072958643E+00
    0.272016790056766218E-01   -0.700400662123346592E+04    0.260272526742398718E+02    0.247434107420210267E+02    0.991578554465433748E+00
    0.263252963159988883E-01   -0.700404112446242198E+04    0.261980378125829994E+02    0.243088515539341330E+02    0.992306838009253900E+00
    0.258724402100795961E-01   -0.700410642046959765E+04    0.264244679928524988E+02    0.247216438556946230E+02    0.993734476092311025E+00
    0.267875448580462104E-01   -0.700427593790514675E+04    0.269089406259495902E+02    0.248964060743394846E+02    0.997812917607220795E+00
    0.255281058074370085E-01   -0.700427962390182711E+04    0.265639038715493392E+02    0.242425834267144644E+02    0.997908881537212800E+00
    0.243058146712872604E-01   -0.700428149505158490E+04    0.268908950249880121E+02    0.241325852257183264E+02    0.997957735915579791E+00
    0.231711324334137360E-01   -0.700428587825884279E+04    0.268949323787662777E+02    0.242852106256786939E+02    0.998072547568923163E+00
    0.220797337002319877E-01   -0.700428938415568882E+04    0.266502207702177429E+02    0.242734809819139912E+02    0.998164757794449797E+00
    0.214757493702986586E-01   -0.700433391255891183E+04    0.262137749055293412E+02    0.245322340683773490E+02    0.999366737144607664E+00
    0.205601651235177846E-01   -0.700434677477808054E+04    0.261878027588117348E+02    0.247915373696272781E+02    0.999725303281799649E+00
    0.196075764201466690E-01   -0.700435189592155803E+04    0.264123612379680637E+02    0.244283684043329608E+02    0.999869591138861868E+00
    0.190011329337410537E-01   -0.700438906104533271E+04    0.270843452100594320E+02    0.254704787739534311E+02    0.992717470603989627E+00
    0.181333540877234335E-01   -0.700439556985384570E+04    0.264643650433953823E+02    0.243626702664429722E+02    0.100113802295686627E+01
    0.175805458742321549E-01   -0.700443364971965548E+04    0.266952486199760628E+02    0.248587352787991875E+02    0.100230601500468919E+01
    0.171447192756466922E-01   -0.700448344425885261E+04    0.271354935429571533E+02    0.251054612548096330E+02    0.993991016258747084E+00
    0.163922206458675668E-01   -0.700449367757722939E+04    0.266578558057458004E+02    0.244143261239443916E+02    0.100429094034343125E+01
    0.158875128904332197E-01   -0.700453113073011627E+04    0.267319669108421643E+02    0.248822369340873415E+02    0.100564058771372777E+01
    0.152143035198171201E-01   -0.700454453584719249E+04    0.271797685915518059E+02    0.250781447740418848E+02    0.994833507172854903E+00
    0.144727075209695258E-01   -0.700454459310608036E+04    0.262873885503486129E+02    0.247404287386882764E+02    0.100615123669611073E+01
    0.138068044084920013E-01   -0.700455038692181552E+04    0.273130978755823790E+02    0.252575352518523175E+02    0.994914981398894227E+00
    0.132630973910650863E-01   -0.700457003492747208E+04    0.270276763649754130E+02    0.250033626483468545E+02    0.995189594352556828E+00
    0.133851688976299437E-01   -0.700468835842500903E+04    0.273907590793145026E+02    0.252149343997626687E+02    0.996878248228446173E+00
    0.129340994050691736E-01   -0.700471979821148761E+04    0.271288010517775326E+02    0.254237967433607501E+02    0.997337526142239028E+00
    0.125145516698044936E-01   -0.700475384803600173E+04    0.273302323385578489E+02    0.252319910752612060E+02    0.997840236936671121E+00
    0.119526473169211979E-01   -0.700476196940765112E+04    0.271208502671125942E+02    0.253922649806922429E+02    0.997960975027404218E+00
    0.113774615512953394E-01   -0.700476333251745200E+04    0.270778770121077770E+02    0.254538356220484197E+02    0.997981270522537711E+00
    0.112517300550570402E-01   -0.700484110763336957E+04    0.273693771401561001E+02    0.253242710765738686E+02    0.999154989102038038E+00
    0.110562413024266580E-01   -0.700490605401889206E+04    0.270602232848952653E+02    0.250289171557705856E+02    0.100015984264244628E+01
    0.105685603777102791E-01   -0.700491583101780088E+04    0.276181520549255524E+02    0.251945251023459171E+02    0.100031316689647443E+01
    0.101816848932139697E-01   -0.700494124484950407E+04    0.274024646625553814E+02    0.250811188068062307E+02    0.100071431715848247E+01
    0.970960529461588513E-02   -0.700494629509858623E+04    0.274217360861194024E+02    0.252708676861905062E+02    0.100079448912303737E+01
    0.946363766502030142E-02   -0.700499497751504532E+04    0.274854769494505931E+02    0.251650033566680733E+02    0.100157527945567981E+01
    0.909493280218713618E-02   -0.700501549868138864E+04    0.272896362819485212E+02    0.253919513658882003E+02    0.100190885471140279E+01
    0.866565350280382000E-02   -0.700501879851236663E+04    0.272791548838355133E+02    0.253407240071963500E+02    0.100196274638863403E+01
    0.829009950873732700E-02   -0.700503018777945545E+04    0.276159756830198120E+02    0.252316190146521464E+02    0.100214929967028943E+01
    0.798591653319816533E-02   -0.700505542294826409E+04    0.273786857492544442E+02    0.250422540728507173E+02    0.100256570990151994E+01
    0.768754187744748966E-02   -0.700507926599555321E+04    0.272998364193141754E+02    0.251018093257256396E+02    0.100296312211372118E+01
    0.735603941172095158E-02   -0.700509110716335817E+04    0.274128424079024420E+02    0.252096803918640191E+02    0.100316196032384353E+01
    0.707203477787952776E-02   -0.700511236032039233E+04    0.274503496662449393E+02    0.252772446284820909E+02    0.100352134864437859E+01
    0.678162333267979048E-02   -0.700512849684015691E+04    0.274571887320479355E+02    0.252067218864889142E+02    0.100379641116864238E+01
    0.651651168056773759E-02   -0.700514874226326720E+04    0.275765399821698090E+02    0.252549754798919821E+02    0.100414425689454445E+01
    0.620582490514696213E-02   -0.700515104053802497E+04    0.273312225490847283E+02    0.250804446451461303E+02    0.100418394236110653E+01
    0.598967972991773425E-02   -0.700518013972084918E+04    0.273516322280019928E+02    0.250502939751364941E+02    0.100468993332108392E+01
    0.569956811250509759E-02   -0.700518084463884043E+04    0.273612463640250532E+02    0.251135006253192294E+02    0.100470227390595856E+01
    0.546847022303216957E-02   -0.700519806165556838E+04    0.274155820831413095E+02    0.250979296123105406E+02    0.100500490736080494E+01
    0.520291859965631501E-02   -0.700519850330897134E+04    0.275851559861321292E+02    0.251702374979939982E+02    0.100501270228334216E+01
    0.501289009488635993E-02   -0.700522408906241344E+04    0.273008074949134318E+02    0.250460488850072736E+02    0.100546701352594292E+01
    0.480077018943500175E-02   -0.700523761655672115E+04    0.273690186790769729E+02    0.250951538070899716E+02    0.100570943591560735E+01
    0.458968878002668362E-02   -0.700524768827008847E+04    0.275466255614731637E+02    0.251269106390335644E+02    0.100589095027908471E+01
    0.437132439281278599E-02   -0.700525019589019121E+04    0.276937748984332650E+02    0.252120783160338746E+02    0.100593627945089836E+01
    0.418152647918870746E-02   -0.700526141656693471E+04    0.276041701786227733E+02    0.251507825646736727E+02    0.100613979264615305E+01
    0.399012074553065609E-02   -0.700526770681933522E+04    0.273078954719013964E+02    0.250502992557818231E+02    0.100625437145371377E+01
    0.420138743512605845E-02   -0.700537172672314227E+04    0.276188167797620174E+02    0.252021038128163148E+02    0.100820328303694140E+01
    0.413695356641850288E-02   -0.700534081642515594E+04    0.276445531160064775E+02    0.252131321754712516E+02    0.100761304572279164E+01
    0.410772229428794586E-02   -0.700532663447544292E+04    0.277122749420106835E+02    0.252394552706016881E+02    0.100734547617379300E+01
    0.446120633818418606E-02   -0.700549173551601689E+04    0.271110833928589585E+02    0.250366348507339751E+02    0.101059530055276814E+01
    0.411320105001399157E-02   -0.700532930023757581E+04    0.272662226136404122E+02    0.250547621372704867E+02    0.100739561824930002E+01
    0.402775146782863996E-02   -0.700528731364190753E+04    0.272926364481446093E+02    0.251201346098399050E+02    0.100661380928468724E+01
    0.433478552185737834E-02   -0.700543424136443537E+04    0.270994405215874750E+02    0.250421950866630993E+02    0.100942833740901605E+01
    0.399223281764157258E-02   -0.700526959845387410E+04    0.271945187664508161E+02    0.250708679751276122E+02    0.100628889738072980E+01
    0.408147051912460899E-02   -0.700531381178793981E+04    0.272574821976708854E+02    0.251251676366114083E+02    0.100710525226342251E+01
    0.436368255810453461E-02   -0.700544752974684343E+04    0.272165458524581965E+02    0.250771856790385996E+02    0.100969447154026448E+01
    0.426372894107488864E-02   -0.700540118532962515E+04    0.272751941161531235E+02    0.250403679750431323E+02    0.100877516600122941E+01
    0.426100267716424987E-02   -0.700539990610389668E+04    0.272811580460282599E+02    0.251043636245294977E+02    0.100875013539542868E+01
    0.399203392591820482E-02   -0.700526949881205110E+04    0.272302010401188390E+02    0.250609586002176492E+02    0.100628707637968118E+01
    0.447380877052834351E-02   -0.700549737733779239E+04    0.270873934028909531E+02    0.250511617582757431E+02    0.101071205105815376E+01
    0.416422258823875326E-02   -0.700535395630769744E+04    0.273163130376875642E+02    0.250522855278960996E+02    0.100786275452303120E+01
    0.410504079212880169E-02   -0.700532532845834430E+04    0.271711887639566037E+02    0.250714357087759012E+02    0.100732093653008037E+01
    0.409624501978131383E-02   -0.700532103850873318E+04    0.272690834503223485E+02    0.250827663991524616E+02    0.100724044301186577E+01
    0.403363495350952863E-02   -0.700529023298427273E+04    0.272819641166476714E+02    0.250512138572827183E+02    0.100666762942469257E+01
    0.421078081262120634E-02   -0.700537619329162862E+04    0.272273777697378563E+02    0.250747541737157960E+02    0.100828939461888800E+01
    0.427335738920901244E-02   -0.700540569668248918E+04    0.272816406813538634E+02    0.251098668828963838E+02    0.100886358025261069E+01
