    0.291515970205338093E-88   -0.673975314716520188E+04    0.425069764058573156E+02    0.447389057320665771E+02    0.178687491790499964E+01
    0.363808252032831756E-87   -0.674490138166743782E+04    0.363091032390288007E+02    0.420895666864677125E+02    0.184233801205691439E+01
    0.376322497896676989E-80   -0.677730521203781700E+04    0.402017113566398621E+02    0.238048267364501953E+02    0.153268553006430008E+01
    0.104947873638269459E-79   -0.677945641682862151E+04    0.327598695256270247E+02    0.449499855743479344E+02    0.145769675729291448E+01
    0.395459440996460276E-77   -0.679141992609137742E+04    0.398867879217933563E+02    0.260346790291930468E+02    0.680757246982525266E+00
    0.123843459982494377E-67   -0.683524956818695227E+04    0.369684068796113223E+02    0.348394957196919322E+02    0.169273184325813197E+01
    0.795303431052797597E-62   -0.686209482985195154E+04    0.369701788714093595E+02    0.290088891012380401E+02    0.801918054947858505E+00
    0.365516461440964797E-60   -0.686985034542433186E+04    0.267667326906488512E+02    0.374890488625208107E+02    0.887620150697764565E+00
    0.475452716692763304E-60   -0.687047625766751480E+04    0.339561223477823475E+02    0.412641772413470207E+02    0.141104504288392940E+01
    0.136978535745985485E-59   -0.687269254145801824E+04    0.274064321729466478E+02    0.300168514773091317E+02    0.144010136722511772E+01
    0.332234150660908679E-59   -0.687456457296449116E+04    0.381884036380076139E+02    0.360030056270261412E+02    0.122019984848188701E+01
    0.305626300322713167E-58   -0.687910278939338241E+04    0.441279961858803063E+02    0.393774474905682155E+02    0.146445663890208455E+01
    0.324144065184069239E-58   -0.687932043928886560E+04    0.351081974504718488E+02    0.285024433332284133E+02    0.158127691663105652E+01
    0.380549727594769943E-57   -0.688434646706744752E+04    0.316726532578468323E+02    0.420206901431083679E+02    0.117036939510173332E+01
    0.476964369124020733E-57   -0.688489811693015145E+04    0.348548428979816975E+02    0.332301365658373840E+02    0.106723399284033138E+01
    0.744803085610147183E-57   -0.688588947308731076E+04    0.312049311399459839E+02    0.214395192265510559E+02    0.126924612024912720E+01
    0.229039242538826056E-55   -0.689284136042897990E+04    0.412698444707639993E+02    0.368017898620551733E+02    0.130252322913689134E+01
    0.672359717899871911E-54   -0.689970033089122080E+04    0.416001691242977643E+02    0.286000011662468694E+02    0.771701078213126945E+00
    0.158354381553913335E-53   -0.690151358497893580E+04    0.439369174599183907E+02    0.447781268456669181E+02    0.129255393376896732E+01
    0.424516656725463104E-53   -0.690358581658049297E+04    0.262031295447363277E+02    0.303318340112550580E+02    0.778813820523011735E+00
    0.744141378736872955E-52   -0.690941354636353026E+04    0.269827814865094062E+02    0.245714058625884135E+02    0.127871807882642718E+01
    0.889004557735070201E-50   -0.691907962937620141E+04    0.382773781391902830E+02    0.445519350897341582E+02    0.112189102573967125E+01
    0.142086019450909017E-49   -0.692011746012751973E+04    0.407792306140838434E+02    0.380407623987322481E+02    0.132465884172203574E+01
    0.449116582302533056E-49   -0.692251915984320567E+04    0.443932244556592934E+02    0.439651581187383300E+02    0.137934790857443068E+01
    0.250428520546976201E-48   -0.692605611208892969E+04    0.278630088554764868E+02    0.284232020238432170E+02    0.772084480986267030E+00
    0.267978752239893891E-48   -0.692629158041291521E+04    0.334047773523914060E+02    0.388701261019257203E+02    0.107724173183915295E+01
    0.823242860361850836E-47   -0.693324143770697356E+04    0.286149514676459908E+02    0.265315687847707480E+02    0.848605372763400423E+00
    0.423243422040273178E-45   -0.694122117054020873E+04    0.263191602357307808E+02    0.292061275974132784E+02    0.897453316206389351E+00
    0.956895237544603704E-44   -0.694755783359912675E+04    0.341679421489040607E+02    0.340147607306005995E+02    0.109904556210750393E+01
    0.705655427670800348E-43   -0.695165387006461970E+04    0.275333516894925765E+02    0.297822464842145997E+02    0.117334762812347226E+01
    0.765378049335963452E-43   -0.695191635574128850E+04    0.331023688577340423E+02    0.376014806338573919E+02    0.103362989219443446E+01
    0.464551128660067036E-42   -0.695562292938880546E+04    0.377637706072337380E+02    0.344533593836021481E+02    0.121528634950684800E+01
    0.528075002837806253E-42   -0.695597926278837622E+04    0.390099675702222868E+02    0.380084704340472115E+02    0.126218349992320400E+01
    0.842095176928448172E-42   -0.695701257222865479E+04    0.345604411286381321E+02    0.288365245991433738E+02    0.120721760917332688E+01
    0.175213569724596487E-41   -0.695857796758200857E+04    0.304113662553599369E+02    0.322627502331646525E+02    0.940391853760257579E+00
    0.169818260125712579E-41   -0.695861541393970219E+04    0.306355894679702807E+02    0.361327585564220541E+02    0.970983282254641922E+00
    0.260169731274438516E-41   -0.695956862478671064E+04    0.329877554369708648E+02    0.365290020870131471E+02    0.104124496243666398E+01
    0.952118339799549531E-40   -0.696686850517861421E+04    0.313477151457706995E+02    0.301187523689963861E+02    0.112001061923195278E+01
    0.724428192138846257E-39   -0.697102706198378382E+04    0.263971442145694333E+02    0.288986383988438220E+02    0.738244481893761351E+00
    0.212178735048918966E-38   -0.697327632490208453E+04    0.301212700789761669E+02    0.203779933403839983E+02    0.114629723113735493E+01
    0.312952079779040389E-38   -0.697415356704157784E+04    0.350610441614020445E+02    0.362199356767119554E+02    0.127478297256126827E+01
    0.854699467222181445E-38   -0.697626296669707699E+04    0.269764767976242368E+02    0.225703209958790900E+02    0.115633310359363817E+01
    0.710671195730555385E-37   -0.698059905680857537E+04    0.285106888339919493E+02    0.308429588718185812E+02    0.109011622199047609E+01
    0.229980586965750927E-36   -0.698304779705713918E+04    0.347862336468772568E+02    0.362356899663723482E+02    0.113429956814432686E+01
    0.114570205425809309E-35   -0.698635935300723850E+04    0.368487549933090150E+02    0.283124527049988970E+02    0.112056356320534811E+01
    0.151337488125069002E-35   -0.698701600216853330E+04    0.286090778690044587E+02    0.248876369758270179E+02    0.841025125032195287E+00
    0.477673675551178729E-34   -0.699402000325183326E+04    0.248151520324858197E+02    0.323932780601612365E+02    0.102253406232367072E+01
    0.546040900768172581E-34   -0.699438753539292884E+04    0.359233493088962490E+02    0.229940330244225386E+02    0.126371158328171940E+01
    0.690835120615861106E-34   -0.699495794999834288E+04    0.275038023465882695E+02    0.264882595272137316E+02    0.801169424141263686E+00
    0.959108040773265467E-34   -0.699571415508411519E+04    0.274999478850517001E+02    0.248507413958596253E+02    0.898304680228030672E+00
    0.190880844864407452E-33   -0.699719061658236387E+04    0.386149132929228927E+02    0.243745712451649688E+02    0.129211298536766894E+01
    0.258877372725526263E-33   -0.699790002678377459E+04    0.283933686170452546E+02    0.258048341462922686E+02    0.853890123116556321E+00
    0.414961536000362870E-33   -0.699894368947657222E+04    0.251259746899834084E+02    0.281041907196150049E+02    0.116597884481251990E+01
    0.102370747102035573E-32   -0.700084968999728608E+04    0.284389200813572671E+02    0.216781916160918620E+02    0.841306799629491509E+00
    0.107966818209586371E-32   -0.700105613588159667E+04    0.283804917479146752E+02    0.219168952646289341E+02    0.842117675824021972E+00
    0.113884896527315799E-32   -0.700126286451684246E+04    0.369037306017544964E+02    0.381862048195501416E+02    0.110745142857117740E+01
    0.128881100256579489E-32   -0.700161026855115233E+04    0.365685430269769824E+02    0.388845194317338212E+02    0.111069053765812020E+01
    0.287458630478563398E-32   -0.700331464591115491E+04    0.265145059795749134E+02    0.216202284542120822E+02    0.114593106052634619E+01
    0.312774616295540261E-32   -0.700358345371021915E+04    0.366208935863740663E+02    0.388415844380001829E+02    0.113387106390231573E+01
    0.458709677038654066E-32   -0.700444932299544780E+04    0.365758162465773466E+02    0.380508197102468131E+02    0.120111218295454614E+01
    0.168713867250415245E-31   -0.700715406655900733E+04    0.273064114076157658E+02    0.220380475038091568E+02    0.117495315157383229E+01
    0.312954206973221077E-31   -0.700848977193782503E+04    0.275550203128803766E+02    0.258393532035249969E+02    0.923873246965962513E+00
    0.375050982537007542E-31   -0.700895178212567407E+04    0.267825147439626150E+02    0.236898100101574229E+02    0.114829704364175766E+01
    0.407585020216376567E-31   -0.700921815728432466E+04    0.269412247840894885E+02    0.233109868362057746E+02    0.114715721162869388E+01
    0.178102743965603691E-30   -0.701226754956545665E+04    0.272672924248567838E+02    0.258612827196283668E+02    0.943948123125235350E+00
    0.214872002894084544E-30   -0.701274291340227683E+04    0.269507267253708420E+02    0.231121942091954722E+02    0.113138884585858923E+01
    0.207221690779424720E-30   -0.701277040675160970E+04    0.280066188469368811E+02    0.219451214413960578E+02    0.899887496431577061E+00
    0.313097747309930657E-30   -0.701369585923836348E+04    0.273425234372794961E+02    0.228867420056575419E+02    0.114606576798728366E+01
    0.605431038300916185E-30   -0.701511470970004575E+04    0.328480152654007540E+02    0.268400609643173098E+02    0.106422334830666054E+01
    0.590394721700680643E-30   -0.701516441103741454E+04    0.328633704079708906E+02    0.260250073118163776E+02    0.106028558892452129E+01
    0.143142787994166649E-29   -0.701703568385635663E+04    0.286117545410309617E+02    0.216090878933470165E+02    0.933768459863504097E+00
    0.180424808999735221E-29   -0.701759862679801699E+04    0.270685630194353237E+02    0.227678643551035549E+02    0.112627926184079685E+01
    0.231859117806960843E-29   -0.701820025843009262E+04    0.270931401597275077E+02    0.221631175193509016E+02    0.112299352770233307E+01
    0.250621782494468260E-29   -0.701845588847742965E+04    0.282361102786238760E+02    0.212270235089805013E+02    0.950263517929085810E+00
    0.290539115580498967E-29   -0.701885147499009963E+04    0.291058482434194765E+02    0.217947312455866928E+02    0.902228978013795535E+00
    0.401615752176847585E-29   -0.701959899013963968E+04    0.280537856337945719E+02    0.215333116222385677E+02    0.969729539014999475E+00
    0.444627810907112333E-29   -0.701990247366177027E+04    0.357391142646525140E+02    0.379206907497981973E+02    0.127258395009227132E+01
    0.192633220241091239E-28   -0.702293474467845499E+04    0.354573676800708597E+02    0.373440901637306197E+02    0.124065217971670982E+01
    0.206807040388450056E-28   -0.702317674111628821E+04    0.356216979122339765E+02    0.371261357229250706E+02    0.114336555086417491E+01
    0.294424602523774495E-28   -0.702398321464675246E+04    0.353959632600674681E+02    0.375521904433754514E+02    0.115659028242550765E+01
    0.297456129440993923E-28   -0.702410370224341113E+04    0.359394766376489159E+02    0.374081198046535874E+02    0.122094271679530286E+01
    0.334434554992889728E-28   -0.702443805116367730E+04    0.356529627544130818E+02    0.374043442129321448E+02    0.121243532464257120E+01
    0.359889304889667959E-28   -0.702468476173881299E+04    0.359228780908829037E+02    0.371462184242211464E+02    0.117653947837023076E+01
    0.355258193703940414E-28   -0.702475885840596493E+04    0.358947665347485199E+02    0.378568725550773735E+02    0.119856164043704339E+01
    0.345776964972083104E-28   -0.702480475665791619E+04    0.355345978060722842E+02    0.375934598546339771E+02    0.119367369972303461E+01
    0.329505491195587950E-28   -0.702480835478139670E+04    0.359313347522369781E+02    0.376560399247788382E+02    0.118657099249734799E+01
    0.314277262130447629E-28   -0.702481371993673201E+04    0.353899522473425776E+02    0.370643093548837825E+02    0.119153958854660424E+01
    0.890523575359243364E-28   -0.702699678789666268E+04    0.275808954372209847E+02    0.221972045639341751E+02    0.106084842390456813E+01
    0.270957366666497588E-26   -0.703392743209515174E+04    0.274163821204301286E+02    0.262653131165494145E+02    0.934903785755451411E+00
    0.256009286740822926E-24   -0.704312427692757410E+04    0.268118515026756228E+02    0.266818122107122448E+02    0.976565704215292540E+00
    0.339709909769354514E-24   -0.704379003358099089E+04    0.268062002521695035E+02    0.263579046923001599E+02    0.985902768843431421E+00
    0.388441541242580489E-24   -0.704415813485825493E+04    0.267649172654249448E+02    0.267320744597282278E+02    0.992107603334594690E+00
    0.496209925139480634E-24   -0.704474784763397565E+04    0.267523111628574384E+02    0.264324777228810284E+02    0.100533871935865604E+01
    0.518533723321695190E-24   -0.704493585961869212E+04    0.267596170756719260E+02    0.264666400969892379E+02    0.101161477868304672E+01
    0.738194837873092593E-24   -0.704574226508269749E+04    0.269044757948772109E+02    0.280946401199973934E+02    0.921588957221389671E+00
    0.172482910763597145E-23   -0.704753961600030925E+04    0.282026799974903746E+02    0.202747822720085509E+02    0.107635832932092534E+01
    0.510657881680806096E-22   -0.705441558957626330E+04    0.285443078518018751E+02    0.200412722382580171E+02    0.104074809335683693E+01
    0.115082900105019920E-21   -0.705614066552351051E+04    0.284046079697098008E+02    0.207758964503418184E+02    0.103010883368685024E+01
    0.130003029395988019E-21   -0.705648447555169241E+04    0.262863906197622192E+02    0.284336433574447121E+02    0.989236130652830559E+00
    0.154122532935792504E-21   -0.705692485595413564E+04    0.331050651457616283E+02    0.248909480608190847E+02    0.112913678022926955E+01
    0.120565720501041943E-20   -0.706113892023642802E+04    0.289606804445874850E+02    0.202379925198775048E+02    0.862829446724374671E+00
    0.158497473612572738E-20   -0.706178600753889532E+04    0.286201355713491523E+02    0.203684998434162665E+02    0.869247410794452002E+00
    0.159428093945596883E-20   -0.706189771622905300E+04    0.284083749277680440E+02    0.201072682918842531E+02    0.870434662527640124E+00
    0.247796937365747515E-20   -0.706287974945085989E+04    0.281970912252393759E+02    0.206876509623965816E+02    0.882316885976335286E+00
    0.250743759171824088E-20   -0.706300339330699171E+04    0.289079065636581056E+02    0.201103544837070238E+02    0.884062861792209609E+00
    0.369661285219244566E-20   -0.706387970451323781E+04    0.280883149840810304E+02    0.207863964143275197E+02    0.899723946438354294E+00
    0.362033146639076569E-20   -0.706393800177709090E+04    0.282545563601407217E+02    0.206655202177069235E+02    0.901127389792838018E+00
    0.354690790968446740E-20   -0.706399702302835612E+04    0.284134109088822981E+02    0.204462388726929447E+02    0.902636750856037673E+00
    0.342469483297857992E-20   -0.706402689533896501E+04    0.284607859999277650E+02    0.201711772257208253E+02    0.903440339524454350E+00
    0.342712083250547884E-20   -0.706412831160568749E+04    0.285298411363478692E+02    0.205030773794487153E+02    0.906420922113032601E+00
    0.355475776953283263E-20   -0.706430144444913276E+04    0.286569731481882215E+02    0.201410230468224150E+02    0.913062906041306577E+00
    0.353294097397352104E-20   -0.706438913192556083E+04    0.287808521530844814E+02    0.204482898475338146E+02    0.933058635901242606E+00
    0.339415987281642006E-20   -0.706440898314368587E+04    0.287855610075580159E+02    0.205185042304483005E+02    0.931092183877644586E+00
    0.325239242486344080E-20   -0.706442365231571148E+04    0.288241472830483616E+02    0.202871932036793865E+02    0.928939638815526103E+00
    0.347317036925693658E-20   -0.706465500625902951E+04    0.311687048651975900E+02    0.234572941088386457E+02    0.112583819646130023E+01
    0.533799498820699455E-20   -0.706561457082738070E+04    0.317492319350969439E+02    0.233987513232041167E+02    0.111724001782278326E+01
    0.561763859188331593E-20   -0.706581669339564723E+04    0.312311614767945258E+02    0.230944358220368215E+02    0.111530556761210864E+01
    0.538891535380651744E-20   -0.706583355886641766E+04    0.311603159728595642E+02    0.233643939651934929E+02    0.111514192354839459E+01
    0.676148932494562207E-20   -0.706638735696345702E+04    0.319015189954792859E+02    0.237481140195023777E+02    0.110955615781477901E+01
    0.656963412222916122E-20   -0.706642978688677158E+04    0.312393156530639757E+02    0.230030808632482113E+02    0.110910963474892577E+01
    0.748064038376982921E-20   -0.706678950740544678E+04    0.317225214551073478E+02    0.236924821589020809E+02    0.110520105658106571E+01
    0.779542848615009831E-20   -0.706697194554391172E+04    0.316006467168754703E+02    0.231446854411233645E+02    0.110312586544161650E+01
    0.878545671849611441E-20   -0.706731106602066302E+04    0.312437090935173742E+02    0.231780717142340933E+02    0.109907303613658081E+01
    0.963436164422669171E-17   -0.708141105325281842E+04    0.277556466793154151E+02    0.206293216548099139E+02    0.110798621374920447E+01
    0.173581673290290515E-16   -0.708268850743127132E+04    0.274877083085640983E+02    0.203505007403934108E+02    0.110134004215301040E+01
    0.745963742624232935E-16   -0.708570456496845691E+04    0.271645963469771416E+02    0.203342102543051126E+02    0.108436032436259810E+01
    0.796077006924159131E-16   -0.708593460282223714E+04    0.271939091895460905E+02    0.202780838874063924E+02    0.108297598444018384E+01
    0.874353608490128746E-16   -0.708622218073558361E+04    0.271482291721062552E+02    0.202761754387717588E+02    0.108122458037527047E+01
    0.162745786660396580E-15   -0.708756475994583707E+04    0.279641786433878821E+02    0.205071021594582845E+02    0.107271147548548074E+01
    0.592513727987667064E-15   -0.709024912924584169E+04    0.275573905314675969E+02    0.207534059105297821E+02    0.874802245177399351E+00
    0.631155785294380264E-15   -0.709047548659802396E+04    0.275659246135938183E+02    0.209935952735427591E+02    0.876439702564488221E+00
    0.731358880345370819E-15   -0.709087018972848273E+04    0.278610876100197977E+02    0.208294327513146449E+02    0.879378180842536383E+00
    0.828067125834056411E-15   -0.709121856960305468E+04    0.275830337771114316E+02    0.208402166544300300E+02    0.882067804503042563E+00
    0.797943515398579825E-15   -0.709124445678563279E+04    0.279725273349504526E+02    0.208436385158490722E+02    0.882271527825716162E+00
    0.785609003075236723E-15   -0.709131329959536288E+04    0.278406915163523969E+02    0.209127015692057050E+02    0.882816013106546782E+00
    0.928990142921177875E-15   -0.709174857741783853E+04    0.277942255548719430E+02    0.206314389201102948E+02    0.886355319123509955E+00
    0.979330769996375322E-15   -0.709195412006242441E+04    0.278606919837351725E+02    0.208325578516580485E+02    0.888089262744274577E+00
    0.955372101058832376E-15   -0.709200458295957924E+04    0.276453163534319017E+02    0.205952936607659218E+02    0.888521600733208072E+00
    0.954965312698518100E-15   -0.709210373119723954E+04    0.277737723970320651E+02    0.207439690880058976E+02    0.889378990377823420E+00
    0.947226707271722993E-15   -0.709218745808066888E+04    0.277280688589794906E+02    0.206300041162650487E+02    0.890111457009926332E+00
    0.100230883788216004E-14   -0.709240050407234776E+04    0.276659456417487455E+02    0.206668157639631964E+02    0.892011831540688194E+00
    0.993782416258588632E-15   -0.709248341773230277E+04    0.278623917229124274E+02    0.207859544785214254E+02    0.892766330162081734E+00
    0.101699911601355642E-14   -0.709262960421483695E+04    0.275694100239159816E+02    0.206506229039125877E+02    0.894118168933001445E+00
    0.974966724873434705E-15   -0.709264518784532174E+04    0.277059013625769808E+02    0.206098485380763030E+02    0.894263954202358380E+00
    0.112658437031013402E-14   -0.709303427246723641E+04    0.276242901331144211E+02    0.205397939895945285E+02    0.898017361571856298E+00
    0.141914067701483822E-14   -0.709359599478192467E+04    0.278342554337850814E+02    0.204203530743965658E+02    0.903885171363908446E+00
    0.160834328305380444E-14   -0.709394630098404195E+04    0.278684345924980761E+02    0.204274895997960151E+02    0.907881455918437941E+00
    0.163379619343955339E-14   -0.709407770423920738E+04    0.278014234859660405E+02    0.203590863091706566E+02    0.909462282750974293E+00
    0.187165570550155275E-14   -0.709444953860540318E+04    0.279957886903031756E+02    0.203560628525648823E+02    0.914229998466509541E+00
    0.342038452367264961E-01   -0.715562261009412396E+04    0.302135654302799139E+02    0.227144213964723036E+02    0.112167871215479464E+01
    0.386935919462663147E-01   -0.715596928195806504E+04    0.304270837995644072E+02    0.227431377467472480E+02    0.111411068613703623E+01
    0.389386776359296333E-01   -0.715608191003168577E+04    0.305186916929662360E+02    0.226152948748483063E+02    0.111123666671941113E+01
    0.382645524301868448E-01   -0.715614698183819928E+04    0.301873182955491544E+02    0.225125767128775500E+02    0.110943968697477247E+01
    0.370794100402490057E-01   -0.715618405761120994E+04    0.305680195426312196E+02    0.226783418107868044E+02    0.110836111294086170E+01
    0.368792012467071967E-01   -0.715627322943155104E+04    0.309345730366103950E+02    0.227276804939666626E+02    0.110556519822643606E+01
    0.351110010850760462E-01   -0.715627496295616766E+04    0.305966111037787485E+02    0.229266449877128373E+02    0.110550753602666951E+01
    0.335866106614593901E-01   -0.715628618894164538E+04    0.309326437373833016E+02    0.227261415090161023E+02    0.110513062099918535E+01
    0.322545511414791750E-01   -0.715630525225888414E+04    0.309748837310291592E+02    0.227046053322988790E+02    0.110447599420678211E+01
    0.308165178935109370E-01   -0.715631403563391905E+04    0.306778535431131161E+02    0.226868753297684407E+02    0.110416782525317059E+01
    0.293363505593286118E-01   -0.715631558871197740E+04    0.309245202557838113E+02    0.227524742255465924E+02    0.110411288387179396E+01
    0.279092687164402553E-01   -0.715631585164241369E+04    0.307596748729404368E+02    0.227303020568223708E+02    0.110410356787287589E+01
    0.267204169516631201E-01   -0.715632878985703246E+04    0.307126438663871895E+02    0.226288679390323075E+02    0.110364020835281473E+01
    0.254194737487501085E-01   -0.715632896507757141E+04    0.305765357442902008E+02    0.228403828870305539E+02    0.110363386619287751E+01
    0.243096090334906402E-01   -0.715633967736230261E+04    0.304633410794806991E+02    0.227746124681767981E+02    0.110324239319449280E+01
    0.236675173280457216E-01   -0.715638614101331405E+04    0.309615357902226478E+02    0.227080610149320776E+02    0.110145242864516502E+01
    0.225445272655132242E-01   -0.715638891863731897E+04    0.307084565962764522E+02    0.229115639528356212E+02    0.110134011346613958E+01
    0.216275323655408802E-01   -0.715640586825012360E+04    0.307757706439410796E+02    0.228680916085682711E+02    0.110063987723902001E+01
    0.206324883807480139E-01   -0.715641166782964501E+04    0.308457561701015806E+02    0.228585971576444571E+02    0.110039406977206222E+01
    0.196394273578430548E-01   -0.715641301224211929E+04    0.307717181925805221E+02    0.228136993087014588E+02    0.110033661081966305E+01
    0.188233661398068096E-01   -0.715642813190673678E+04    0.308633367114018284E+02    0.225797038378439368E+02    0.109967735565216618E+01
    0.179409726346257646E-01   -0.715643210809325774E+04    0.309130559590111282E+02    0.229133546418695637E+02    0.109949979149296828E+01
    0.172357747192628530E-01   -0.715645190824959718E+04    0.309807546876738300E+02    0.228233977417600897E+02    0.109858678181060099E+01
    0.164223821856345972E-01   -0.715645522429457833E+04    0.305325611298364095E+02    0.223163135793849321E+02    0.109842881853181162E+01
    0.156245255318239375E-01   -0.715645561760937835E+04    0.309320701134495337E+02    0.227108753898296278E+02    0.109840998126821887E+01
    0.148813486235074045E-01   -0.715645815126817888E+04    0.308531917849996873E+02    0.226680648693211388E+02    0.109828809203723443E+01
    0.142432846597881461E-01   -0.715647050503837363E+04    0.301054842845342101E+02    0.220840449785842701E+02    0.109767993609266878E+01
    0.135510878454096415E-01   -0.715647086760677666E+04    0.308938146283974646E+02    0.226973112937034216E+02    0.109766172275794172E+01
    0.129769716745968301E-01   -0.715648428670500925E+04    0.301029891449089462E+02    0.220553125647629216E+02    0.109697169879170442E+01
    0.123600055555391965E-01   -0.715648686575399552E+04    0.301405747965526132E+02    0.220666005031392949E+02    0.109683531914649834E+01
    0.117863517393504719E-01   -0.715649181841057816E+04    0.307281160689911417E+02    0.223520580641841384E+02    0.109656975428834369E+01
    0.112133698276054555E-01   -0.715649214755292996E+04    0.307509322998114989E+02    0.223630338923489411E+02    0.109655192809903790E+01
    0.106759718658962464E-01   -0.715649392514352712E+04    0.305912176335005981E+02    0.222771405496007517E+02    0.109645527363622697E+01
    0.101673071574910692E-01   -0.715649628873509846E+04    0.303611601692933917E+02    0.221579345864475243E+02    0.109632571947029267E+01
    0.967801800835946247E-02   -0.715649764820922519E+04    0.300143638680850877E+02    0.220018287950597689E+02    0.109625065230870278E+01
    0.926636536786823971E-02   -0.715651071638546455E+04    0.303656222118937791E+02    0.221464457777997552E+02    0.109550723720949894E+01
    0.881610104675377600E-02   -0.715651109337916387E+04    0.300695721179619753E+02    0.220073371802552629E+02    0.109548516921577987E+01
    0.841686034180785629E-02   -0.715651840770637500E+04    0.307080259143120458E+02    0.222927559642223052E+02    0.109504933478028987E+01
    0.800795342141167113E-02   -0.715651880440195964E+04    0.307701145059220735E+02    0.223084334514219016E+02    0.109502527027256380E+01
    0.762002062860246774E-02   -0.715651949210470320E+04    0.303449608674809781E+02    0.221011363213323548E+02    0.109498344141749837E+01
    0.725015865433198663E-02   -0.715651998065494899E+04    0.301703796788367775E+02    0.220289159350458128E+02    0.109495363768422749E+01
    0.689735719004822521E-02   -0.715652021059557956E+04    0.308397735307524066E+02    0.225544350567755103E+02    0.109493958733414565E+01
    0.656538440335474854E-02   -0.715652155606994984E+04    0.305785398517855675E+02    0.222141730639083974E+02    0.109485705548351953E+01
    0.624869365056079321E-02   -0.715652267880296404E+04    0.305684164923452499E+02    0.222191293720549758E+02    0.109478776145884016E+01
    0.594728824254585516E-02   -0.715652380466720842E+04    0.308929097971134752E+02    0.226904561727044936E+02    0.109471788564892503E+01
    0.565901296559833452E-02   -0.715652443292959106E+04    0.304429857197598999E+02    0.221582458196599568E+02    0.109467872196143645E+01
    0.538803356386914276E-02   -0.715652629492678807E+04    0.306771003812498115E+02    0.222515448517871057E+02    0.109456190552758170E+01
    0.513205488408822585E-02   -0.715652894623334123E+04    0.306301999325024177E+02    0.222266703635521488E+02    0.109439361355014531E+01
    0.488515293508408679E-02   -0.715653033513515038E+04    0.308883736720861393E+02    0.226904125232239338E+02    0.109430449975413002E+01
    0.465765798157882077E-02   -0.715653495943646612E+04    0.308789333067314757E+02    0.226829191230048046E+02    0.109400288542397095E+01
    0.443482773754389544E-02   -0.715653691149781480E+04    0.308856254379327133E+02    0.227078492684164495E+02    0.109387318115416687E+01
    0.422343953692114107E-02   -0.715653923365540686E+04    0.309304523538857623E+02    0.228100430243851484E+02    0.109371695004603375E+01
    0.423922738255928713E-02   -0.715654752927797199E+04    0.308589754395430056E+02    0.227149473147503400E+02    0.109314028912953076E+01
    0.423423035403303408E-02   -0.715654517036888865E+04    0.308318445863771871E+02    0.227020933859203602E+02    0.109330737252911514E+01
    0.422779919899139798E-02   -0.715654213036235615E+04    0.308880115949067147E+02    0.227491218453516417E+02    0.109351899027329003E+01
    0.423595558603397874E-02   -0.715654598510048345E+04    0.308289779663791919E+02    0.226753819879149532E+02    0.109324995387542945E+01
    0.423352495183304880E-02   -0.715654483715085098E+04    0.309344994252863223E+02    0.228978414857882555E+02    0.109333076875581825E+01
    0.422895622573259133E-02   -0.715654267762980817E+04    0.309087014352359333E+02    0.228857645058048611E+02    0.109348119320682780E+01
    0.423063170699330884E-02   -0.715654346985812754E+04    0.308818347953360686E+02    0.228241880231478120E+02    0.109342624779395825E+01
    0.423053525558696533E-02   -0.715654342426091534E+04    0.308864700168137034E+02    0.228202181214627693E+02    0.109342941720317466E+01
    0.423606624025820149E-02   -0.715654603734502507E+04    0.308713869297805914E+02    0.228278542792672994E+02    0.109324626158647731E+01
    0.425757288232144968E-02   -0.715655616571884275E+04    0.308823868652763238E+02    0.228868358713000539E+02    0.109250499847972526E+01
    0.425204837871811982E-02   -0.715655356889145878E+04    0.309200943368905143E+02    0.228764848681042707E+02    0.109270014764190160E+01
    0.423317887235003746E-02   -0.715654467364945049E+04    0.309227647248043809E+02    0.228237229752408481E+02    0.109334222932803327E+01
    0.426729100847367607E-02   -0.715656072561820838E+04    0.305246802696153949E+02    0.221087610696485974E+02    0.109215285721403288E+01
    0.431973673763895623E-02   -0.715658515613495729E+04    0.306817956608421056E+02    0.221135220928723051E+02    0.108999184401698823E+01
    0.426195397354149630E-02   -0.715655822268359225E+04    0.306794700280797592E+02    0.221901318775404448E+02    0.109234769417443389E+01
    0.434877789170446966E-02   -0.715659855693726695E+04    0.306767403990107255E+02    0.220648405639853102E+02    0.108848649229125427E+01
    0.424665363018058694E-02   -0.715655102979819185E+04    0.304760048752928689E+02    0.221097540660206633E+02    0.109288743846280267E+01
    0.437268645421259265E-02   -0.715660952235383047E+04    0.308586245581434042E+02    0.221004962380259471E+02    0.108688890208235911E+01
    0.433646728990773594E-02   -0.715659288727116837E+04    0.305838742811657625E+02    0.220418019472685422E+02    0.108916473800868219E+01
    0.437503423381212404E-02   -0.715661059590418245E+04    0.308578272736922870E+02    0.220926973073338928E+02    0.108670017555102261E+01
