    0.395421623558941071E-97    0.171190977739569166E+04    0.529792618882210631E+00    0.308316842801358071E+01    0.122506859080469965E+01    0.206268729700644915E+00
    0.271823858674676725E-95    0.170338236699489607E+04    0.420603833910206859E+01    0.770410992626404223E+01    0.134060119226668384E+01    0.194939691767689993E+00
    0.198021678735094157E-94    0.169934408567196624E+04    0.173186485676324935E+02    0.574491976312195618E+01    0.975401940806339240E+00    0.239479696905819051E+00
    0.205087604885972490E-93    0.169460212738831297E+04    0.909564404764120660E+01    0.298623891211211800E+01    0.925783469646423995E+00    0.203473164608047430E+00
    0.745776518909300044E-93    0.169195348321353868E+04    0.308180909602127606E+01    0.583473375772959280E+01    0.127182130971179141E+01    0.177988890120729382E+00
    0.816032894550718873E-92    0.168710158899431235E+04    0.188173302640945561E+01    0.674635563424450080E+01    0.106548760055576608E+01    0.220421781741653389E+00
    0.711474933706226126E-91    0.168270398110045926E+04    0.346962385457456213E+01    0.727797489971232991E+01    0.946305474905473787E+00    0.200356811641640320E+00
    0.150294254975725456E-83    0.164890544317466038E+04    0.153636068847071594E+01    0.217308578981272493E+01    0.974293704743020683E+00    0.196579298286011728E+00
    0.314432344250899542E-81    0.163815208841788603E+04    0.186235610784230810E+01    0.752047508224645611E+01    0.142433364975164167E+01    0.191442300294249801E+00
    0.105086003338881933E-79    0.163106706105337662E+04    0.159482924627183209E+02    0.381255003903863887E+01    0.862725106195693314E+00    0.215208413029862600E+00
    0.299786096590251812E-78    0.162429864397139409E+04    0.612584809522708218E+00    0.222939458674459923E+01    0.952222560583296129E+00    0.185209597408733329E+00
    0.741786683641085912E-75    0.160860448173775626E+04    0.384356942556105308E+01    0.871933650975985231E+01    0.100669027797567168E+01    0.202380906450004616E+00
    0.321093988282493951E-74    0.160560730055474050E+04    0.484635065573396773E+01    0.865414344100085486E+01    0.124567504060501832E+01    0.156052365384339753E+00
    0.687438549262581842E-71    0.159020264620212106E+04    0.970874018545420547E+01    0.549085120900397516E+01    0.101222430947838049E+01    0.213600386181904911E+00
    0.827249586900625817E-69    0.158055537115391439E+04    0.657532208230664406E+01    0.497236614202908278E+01    0.101030843430535811E+01    0.216592341928192544E+00
    0.458294361189832106E-68    0.157706472382076163E+04    0.150306450436644279E+01    0.298972983780090340E+01    0.100950786111300594E+01    0.199245120188438651E+00
    0.151275265223366694E-64    0.156079419753399452E+04    0.784893438342549032E+01    0.560022624536988189E+01    0.991696969342431345E+00    0.216244006418399470E+00
    0.260267254370250818E-62    0.155043197473785040E+04    0.598800817140093500E+01    0.411048834090419479E+01    0.940584835562310317E+00    0.207203319319084978E+00
    0.581753723079776480E-62    0.154875663167629455E+04    0.402983962704002963E+01    0.342117136895234797E+01    0.912495053513040943E+00    0.203673447705917443E+00
    0.931252238133568860E-62    0.154774899906742689E+04    0.262808299460925898E+01    0.667809356372951690E+01    0.127091148503117779E+01    0.182738485222461389E+00
    0.770239894259590124E-61    0.154345681852625899E+04    0.141997261880614687E+02    0.606044099871487774E+01    0.876766794977728026E+00    0.209163361482314514E+00
    0.179312445392615948E-58    0.153248978575784463E+04    0.166349923200997618E+01    0.572937381491374786E+01    0.106068903439382112E+01    0.198404173268315942E+00
    0.185366735694156191E-58    0.153235670623376836E+04    0.384352838776080352E+01    0.815282824283697316E+01    0.126543434652790943E+01    0.201662488761901182E+00
    0.103268999198133235E-57    0.152885486736389657E+04    0.150282567110535359E+01    0.613601768221661459E+01    0.123428776061777334E+01    0.208760562202412681E+00
    0.205470591158629618E-57    0.152741226932030827E+04    0.741238050600733978E+01    0.563085497047282679E+01    0.918557883283025234E+00    0.206835766510507835E+00
    0.264804115593528566E-57    0.152683822775117051E+04    0.195302405526636336E+01    0.578297836893321637E+01    0.903294863248810032E+00    0.148003912799197002E+00
    0.556458379060468879E-57    0.152528635706218847E+04    0.279066761822765175E+01    0.290771903176215041E+01    0.936547924885482885E+00    0.180778701651941986E+00
    0.387757677573465012E-56    0.152133694375991831E+04    0.354541803963603641E+01    0.500725682149355578E+01    0.876515880302012107E+00    0.181070795359988601E+00
    0.661320667586869825E-55    0.151559739041730381E+04    0.923044380014426480E+01    0.672675652043257966E+01    0.888853340912117318E+00    0.197739098197032170E+00
    0.666381591128175094E-55    0.151551547651272790E+04    0.323505189325399023E+01    0.745088953294948642E+01    0.104706367884592666E+01    0.202716805449816517E+00
    0.195089554517518596E-54    0.151330044717815053E+04    0.892851385498462990E+00    0.582660229441995359E+01    0.126750395770527113E+01    0.194803251429229274E+00
    0.530308956979570869E-54    0.151123377837683097E+04    0.555979825275931017E+01    0.808025225758395393E+01    0.895587109040620888E+00    0.165345652196174253E+00
    0.168889197567466574E-53    0.150885037534456978E+04    0.409730758751727997E+01    0.705220031304947170E+01    0.107300313860241658E+01    0.211515788207650601E+00
    0.612394845054659158E-53    0.150620743991403924E+04    0.924386444863402446E+01    0.411086071776350792E+01    0.809164693084895248E+00    0.192710478262742901E+00
    0.182185468077216935E-51    0.149935513692054610E+04    0.237064556993709896E+01    0.611356941598257997E+01    0.120742877467119492E+01    0.196044263302310728E+00
    0.189405220762512424E-51    0.149921074321077049E+04    0.183253806166059174E+01    0.497451514551820484E+01    0.112899698057259101E+01    0.197504751360694009E+00
    0.546384071210459521E-51    0.149702520972317325E+04    0.514729872139486400E+01    0.966260125633983336E+01    0.102683610831187444E+01    0.196652632899471769E+00
    0.775747076973084637E-51    0.149625753429702900E+04    0.455817358925376048E+01    0.790402760421000661E+01    0.113123767533595831E+01    0.129824585904439127E+00
    0.463525552044760331E-48    0.148340528711913021E+04    0.471178483449971353E+01    0.771099370222058589E+01    0.866542091622569899E+00    0.138664889924486223E+00
    0.904532848074033522E-48    0.148200150623546256E+04    0.335546996427078126E+01    0.458899157053779660E+01    0.100107129709403608E+01    0.195422111592164383E+00
    0.189175270192087356E-47    0.148045915874202728E+04    0.235163822809966350E+01    0.540135129584408435E+01    0.112969901036856335E+01    0.144823901141103661E+00
    0.374561582538582758E-47    0.147902632749946247E+04    0.766773715667151579E+00    0.235299478748292978E+01    0.862243219223884694E+00    0.133029197290364554E+00
    0.175184530627373954E-46    0.147587432334619916E+04    0.518661419247185673E+01    0.394052691113318510E+01    0.873458080287889516E+00    0.188229694841196782E+00
    0.356765935761933807E-46    0.147438517658847104E+04    0.218070313486903888E+01    0.476701397209761879E+01    0.981222024190737230E+00    0.186022578195473631E+00
    0.871367398653760305E-46    0.147253254237031047E+04    0.493615867619183035E+01    0.794401580543330876E+01    0.116661661210467571E+01    0.158249847690078660E+00
    0.286657138842107850E-45    0.147008425919154797E+04    0.292440631099462856E+01    0.681430250769599510E+01    0.119402345589249492E+01    0.194452929282277420E+00
    0.413395192119172900E-45    0.146928535821756850E+04    0.151791467408416003E+01    0.434135142854266043E+01    0.952932272971871441E+00    0.170269788860819560E+00
    0.152099115880996068E-44    0.146661326462608577E+04    0.182271056666459641E+01    0.567299767073227201E+01    0.983075500309656292E+00    0.170039307717315236E+00
    0.324928654629421630E-44    0.146502845146439222E+04    0.117329211030986591E+01    0.638673191358350323E+01    0.123054965820767315E+01    0.191568182657109620E+00
    0.115818678817158758E-43    0.146241977417071575E+04    0.151879855343559877E+01    0.738634138939913854E+01    0.110785340617036354E+01    0.181320564671152651E+00
    0.127738821945459129E-43    0.146215718376148379E+04    0.508940366381773046E+01    0.856239473658412464E+01    0.114377345764111737E+01    0.137348762860881823E+00
    0.957162329216568694E-41    0.144885220617430627E+04    0.460729519871295423E+01    0.793316839735097368E+01    0.117731500703665048E+01    0.171827211934501234E+00
    0.109444928626344322E-40    0.144851747234615414E+04    0.549926720047897444E+01    0.549500948799503064E+01    0.947575875020344682E+00    0.190741785434278111E+00
    0.126903909598056240E-39    0.144354961810366331E+04    0.787618810345051545E+00    0.495638770346086144E+01    0.107791172374557753E+01    0.163148414871818748E+00
    0.130054491638090417E-39    0.144343390474432545E+04    0.121998462301877630E+01    0.454628063187000642E+01    0.935066003550868885E+00    0.146912909596114361E+00
    0.432595153070513293E-39    0.144096354051726553E+04    0.150875299716398636E+01    0.477131543679703363E+01    0.107430152711968496E+01    0.179385744840542705E+00
    0.104659311008754253E-38    0.143912988744758923E+04    0.148011850592436556E+01    0.450141302919241149E+01    0.108752312084038572E+01    0.172486725607829738E+00
    0.789254834673789414E-38    0.143502246311034060E+04    0.920427508873928213E+00    0.566822216310132099E+01    0.111865102649760750E+01    0.170414194809014097E+00
    0.207435042410649252E-37    0.143302316827976119E+04    0.703311697035066574E+00    0.460934172905430284E+01    0.112783545406004038E+01    0.154383076676701814E+00
    0.379233335006515399E-37    0.143174983474659030E+04    0.557248764713227729E+01    0.525581882952465484E+01    0.977237134356403914E+00    0.182820877082628730E+00
    0.192612193575397420E-36    0.142843294362907409E+04    0.293535904107070511E+01    0.527076175512581635E+01    0.108575342963804644E+01    0.164758176864857830E+00
    0.732024945923893278E-36    0.142569600539282465E+04    0.572229651553874952E+01    0.835830326461183937E+01    0.111038286419139354E+01    0.140366595299545205E+00
    0.883818400540906150E-36    0.142525246468661771E+04    0.156730128897513321E+01    0.297384158310515723E+01    0.875562341312630110E+00    0.150892578161825552E+00
    0.955303334874765080E-35    0.142042507322214919E+04    0.918686643979344186E+00    0.276725695344203659E+01    0.849801869121019848E+00    0.125542527878527821E+00
    0.248580218683323278E-33    0.141384059280978954E+04    0.971221772745902712E+00    0.467482054757058663E+01    0.101577127339599471E+01    0.152653752693901579E+00
    0.671732770715448926E-32    0.140718056596961173E+04    0.377619819527945744E+01    0.934602907024627427E+01    0.118162753411527532E+01    0.195206988185817165E+00
    0.554319504065046804E-29    0.139368262745730590E+04    0.572072491459960553E+01    0.611438154356133445E+01    0.101886091281914304E+01    0.165468779948735323E+00
    0.128724205912094616E-28    0.139193092873585874E+04    0.336141101735907899E+01    0.781315700090791943E+01    0.118084662230943493E+01    0.161658190947396641E+00
    0.458150003380203916E-28    0.138932521312569816E+04    0.219024798893088457E+01    0.515356626914000771E+01    0.871594900845639842E+00    0.126412480502535729E+00
    0.237114827116881190E-27    0.138597068051781275E+04    0.479870978955100735E+01    0.797277380329027885E+01    0.112895524940220859E+01    0.161092083004351627E+00
    0.619586385623326071E-27    0.138398299863304874E+04    0.187285720453480575E+01    0.635599474911636264E+01    0.930818361755784807E+00    0.119733317269883566E+00
    0.215289642018320250E-26    0.138142529746393325E+04    0.284120269256718849E+01    0.653857628476719022E+01    0.900485265987825301E+00    0.126948098615530469E+00
    0.364568195743588267E-26    0.138030517212884251E+04    0.609477916566435329E+01    0.692729930192951127E+01    0.940690811025477913E+00    0.173045071802420125E+00
    0.808632475705008254E-26    0.137864524367940612E+04    0.296821211798886520E+01    0.800315406935500029E+01    0.119364875536098758E+01    0.154490049042082855E+00
    0.299604725602906306E-24    0.137135399763020609E+04    0.321267084127871749E+01    0.608200102964965694E+01    0.108137591178371473E+01    0.157944215215861217E+00
    0.369278306774646054E-24    0.137086915785533392E+04    0.156295930301293584E+01    0.702722031966442628E+01    0.103079749888570937E+01    0.142817111571387656E+00
    0.706111829552592123E-24    0.136950604509849245E+04    0.605000156206662254E+01    0.773211207091117281E+01    0.919808354517339666E+00    0.158627160451545457E+00
    0.184654578557963436E-22    0.136291161143361956E+04    0.379564442472927022E+01    0.866150925656669379E+01    0.117771966593293698E+01    0.160599766889927054E+00
    0.466727561787872006E-22    0.136099042722474610E+04    0.437302442555987625E+01    0.756384311823148892E+01    0.964507289389011646E+00    0.161013063467955186E+00
    0.816478754450865757E-22    0.135980525019040761E+04    0.261310084553205479E+01    0.602535611832092854E+01    0.106568015731907195E+01    0.168118723125733061E+00
    0.282286195832676797E-21    0.135725757225108782E+04    0.260692009476450215E+01    0.468623086459072091E+01    0.868327064073220356E+00    0.136125364796614079E+00
    0.511066553710576153E-20    0.135139857862106919E+04    0.504334538840119340E+01    0.952929301790836369E+01    0.114546827581981603E+01    0.175119101182857673E+00
    0.596832670663036076E-20    0.135102163802112000E+04    0.472520947360459598E+01    0.898921118900427984E+01    0.999581230244837471E+00    0.162339251241252036E+00
    0.292029570587525938E-19    0.134777936461683112E+04    0.519415375690325920E+01    0.855505896681135347E+01    0.107931122178776384E+01    0.176194953038016688E+00
    0.381171459253023204E-19    0.134717990948635247E+04    0.643419867582406901E+01    0.633206837726270244E+01    0.961652767526979702E+00    0.163596436780655718E+00
    0.809805198826871477E-19    0.134560615396911567E+04    0.627961396369856395E+01    0.915161056642949333E+01    0.101635545563113538E+01    0.173011878414409459E+00
    0.186508371798161361E-18    0.134387095230924660E+04    0.573157989665528511E+01    0.755260065208589282E+01    0.927216095109375971E+00    0.155020887947031394E+00
    0.194919495362786814E-18    0.134371606463867556E+04    0.445383521105635971E+01    0.676152433721513901E+01    0.104805311697600700E+01    0.147575875955255675E+00
    0.577519852742136383E-18    0.134147708559236685E+04    0.442833548384824027E+01    0.897096066145791582E+01    0.114478087505774972E+01    0.168371409190530619E+00
    0.589157434252140910E-18    0.134137051768602282E+04    0.516218193129397296E+01    0.959746650844001614E+01    0.102426789048903899E+01    0.167158766124204883E+00
    0.674660045438071054E-17    0.133642764985550684E+04    0.630688775682453162E+01    0.619954138143610667E+01    0.961941304598951774E+00    0.152687065578377190E+00
    0.164793867914936047E-16    0.133457484004302796E+04    0.210386186916932250E+01    0.572790329499647655E+01    0.105528300991592161E+01    0.128144582964990317E+00
    0.227650384799172213E-16    0.133386194208723987E+04    0.217389183897865301E+01    0.386391029901071015E+01    0.890657992462859482E+00    0.123937260955631068E+00
    0.610013431215400289E-16    0.133182393557413116E+04    0.184856928561402900E+01    0.507295071558449884E+01    0.880236529763864795E+00    0.105425683683960214E+00
    0.141871365888270422E-15    0.133006921912605185E+04    0.184413540662571518E+01    0.523694183395731461E+01    0.103115411699744364E+01    0.143976769249061443E+00
    0.686257614203711149E-15    0.132684988782914934E+04    0.317536130915487158E+01    0.612051443482096946E+01    0.104299621568341117E+01    0.144730543232009401E+00
    0.296580287506627740E-14    0.132385592122087041E+04    0.229030285318037263E+01    0.838029874039022715E+01    0.119470167457991217E+01    0.141618947298682407E+00
    0.380863675530634870E-14    0.132328900747792545E+04    0.304054766996627412E+01    0.552353567038621396E+01    0.862292617392411032E+00    0.115515739574642895E+00
    0.339249344757465981E-13    0.131884858289891781E+04    0.210992266280998209E+01    0.520941139893620786E+01    0.997888865289091598E+00    0.122232511159094948E+00
    0.362488788181036352E-13    0.131864939987746720E+04    0.493197853866154112E+01    0.925506050949446646E+01    0.102155414490823482E+01    0.161242874786072798E+00
    0.175453992882900812E-12    0.131542879639468674E+04    0.122660404415923918E+01    0.532922299060745353E+01    0.992342548070512365E+00    0.119205807207029890E+00
    0.676471963403259485E-12    0.131266310144116710E+04    0.232593632950124762E+01    0.715702328151197165E+01    0.111695251767331349E+01    0.134043558419818520E+00
    0.516877944118168417E-11    0.130852943307129590E+04    0.419239331254083503E+01    0.859590074167791229E+01    0.106832720702861650E+01    0.164394064510005489E+00
    0.624437370109962646E-11    0.130808467785518178E+04    0.381776850390840528E+01    0.556902074388042578E+01    0.952953003737398774E+00    0.127694201592787326E+00
    0.156788558449242078E-10    0.130617674680313053E+04    0.497681142737731186E+01    0.768791826215963869E+01    0.103872864420270616E+01    0.155451053923722160E+00
    0.530549498706106523E-10    0.130367204988990011E+04    0.156303470548302870E+01    0.653857663199357209E+01    0.110402479546470644E+01    0.140348786033729134E+00
    0.601263345728366429E-10    0.130335514370653505E+04    0.460379901457170870E+01    0.758047966620085845E+01    0.948117187192625721E+00    0.142558004852731957E+00
    0.990136369853631441E-10    0.130229085771355244E+04    0.280557710385959558E+01    0.429237007507325874E+01    0.844923426261408039E+00    0.106181041623080175E+00
    0.123970585017496377E-09    0.130177461758310892E+04    0.267927783461796976E+01    0.740210723577752816E+01    0.109092012160344609E+01    0.126933606552412703E+00
    0.221732237752642707E-09    0.130054509852085926E+04    0.196029070017644380E+01    0.566275656471424860E+01    0.974797525609234938E+00    0.128956567370293707E+00
    0.223870179008583839E-09    0.130045924023780481E+04    0.216025530126942877E+01    0.784837494706705385E+01    0.113075862345029066E+01    0.155567344852789891E+00
    0.439898376725218137E-09    0.129904161874633951E+04    0.196789049331146493E+01    0.584261484383607765E+01    0.964622590914396838E+00    0.123487708386306183E+00
    0.660039542809078421E-09    0.129816344006302393E+04    0.182409917404986066E+01    0.653731704071090114E+01    0.100570450336345374E+01    0.126831928680306794E+00
    0.768691558195059623E-09    0.129779199330076108E+04    0.264396382880213920E+01    0.573735286735545635E+01    0.971137921626867850E+00    0.137669631579242058E+00
    0.791672300657119647E-09    0.129766641113404648E+04    0.485855843223703943E+01    0.956943794212756593E+01    0.107774429642587499E+01    0.163678319931900296E+00
    0.867866525503898009E-09    0.129741596369541912E+04    0.276927389329536933E+01    0.534901820989820109E+01    0.877390723265298433E+00    0.110016373444641324E+00
    0.950824885989238092E-09    0.129716671307174170E+04    0.346858168960085500E+01    0.851635029347518113E+01    0.112651456206698342E+01    0.147036544376969003E+00
    0.117202481530936751E-08    0.129668172993606618E+04    0.439154111248512358E+01    0.534557316561524942E+01    0.850680955529517391E+00    0.122841932467247172E+00
    0.428099845745430841E-08    0.129402415646452710E+04    0.484889537965448447E+01    0.737277193564673716E+01    0.100462014057578664E+01    0.151335051731890768E+00
    0.547567269063967093E-08    0.129346523206348775E+04    0.189809984738060655E+01    0.725168255252034477E+01    0.112519636931407163E+01    0.143091137778052602E+00
    0.991081120719133081E-08    0.129221194326001637E+04    0.396714936127483675E+01    0.782865974442789714E+01    0.100257349262643913E+01    0.148706490418185178E+00
    0.177588576629938085E-07    0.129097876016876921E+04    0.564806925246914560E+01    0.726597617025441167E+01    0.967914921976735343E+00    0.148177371824318005E+00
    0.180539093532674271E-07    0.129087913783954582E+04    0.198811215975471844E+01    0.629431196850265628E+01    0.101295133707378859E+01    0.132138663015794577E+00
    0.285438406894567472E-07    0.128989631331456189E+04    0.359365244424925212E+01    0.668919350624347597E+01    0.100346446586349280E+01    0.124663064621705288E+00
    0.292781455632980981E-07    0.128977884629320420E+04    0.150826288262187314E+01    0.784866163342540890E+01    0.116754069700088081E+01    0.142402123122439939E+00
    0.442266692646412367E-07    0.128888720636323251E+04    0.500206496102970988E+01    0.744538857703659929E+01    0.101128114825288407E+01    0.139368499344683316E+00
    0.720592995418660706E-07    0.128784421689529609E+04    0.524167626889516480E+01    0.840368752931898655E+01    0.103785232714930231E+01    0.153151610789619141E+00
    0.758101638211644925E-07    0.128767606425618555E+04    0.282599441940257767E+01    0.827048159774565050E+01    0.113143270849584709E+01    0.141758754027209832E+00
    0.841356406692399615E-07    0.128740100179878618E+04    0.128062611772859269E+01    0.664253747865733324E+01    0.107816061006878350E+01    0.119767765741654042E+00
    0.950916045761585290E-07    0.128708951429347553E+04    0.182601225071085649E+01    0.814943008644680766E+01    0.111726946180836784E+01    0.144795875246701122E+00
    0.987710085681827733E-07    0.128694692074590830E+04    0.182315843708970426E+01    0.856310730437337142E+01    0.118977864375814768E+01    0.148134419199540401E+00
    0.139875641411778975E-06    0.128618435482708151E+04    0.249538069044535282E+01    0.774848847322652023E+01    0.111768923618427962E+01    0.138337103505021153E+00
    0.135423888054237875E-06    0.128618237612342432E+04    0.333052306740305726E+01    0.695573391782457406E+01    0.103523857492699811E+01    0.132988407788234619E+00
    0.217493446921633631E-06    0.128516819155624739E+04    0.212646092570905543E+01    0.873610929024274085E+01    0.118374447010778638E+01    0.148242156101344502E+00
    0.426904630445936858E-06    0.128375274105077665E+04    0.271603657137290133E+01    0.794715578799025835E+01    0.104835558666272810E+01    0.143683116443727554E+00
    0.441515184725084607E-06    0.128361877083899026E+04    0.383588580722656447E+01    0.887806550242369852E+01    0.110960720499452492E+01    0.151596035374165217E+00
    0.548393074637817275E-06    0.128311854435959731E+04    0.430459408035205904E+01    0.688259855512836438E+01    0.938460371908451663E+00    0.134741552288874189E+00
    0.765970826633938094E-06    0.128238357416417648E+04    0.236775786767403318E+01    0.631937783713311596E+01    0.102281658049574276E+01    0.125450396250458951E+00
    0.103468741365868648E-05    0.128171548637628234E+04    0.367340258921653406E+01    0.712204593704389488E+01    0.957933573800250571E+00    0.132499577894178433E+00
    0.238548092259347777E-05    0.127997821694282902E+04    0.342419221095814086E+01    0.811227238139632334E+01    0.107263152275539397E+01    0.127609447649538854E+00
    0.312652448968756105E-05    0.127937050777170475E+04    0.324717216218063820E+01    0.859724851292192227E+01    0.111539978429983222E+01    0.149157000480135471E+00
    0.322033772889652462E-05    0.127924471262929410E+04    0.479758209877030595E+01    0.705489869327524310E+01    0.969377704133595586E+00    0.140559347152179326E+00
    0.340456599526136089E-05    0.127906678349930553E+04    0.216869190442351645E+01    0.811724847458573961E+01    0.114260282374025124E+01    0.141689786334928236E+00
    0.405237962993942228E-05    0.127865174323053634E+04    0.263254767614394680E+01    0.728585146412340023E+01    0.107204479949231057E+01    0.132003458255431472E+00
    0.515146116203031285E-05    0.127810512431647339E+04    0.470622734777147045E+01    0.688138745827389631E+01    0.966390791303609831E+00    0.137549957622667307E+00
    0.562033266868913131E-05    0.127786423672849969E+04    0.560292934922935970E+01    0.838921223103477942E+01    0.100268785109576264E+01    0.148257556119855360E+00
    0.567008360566935409E-05    0.127777994404777655E+04    0.434895248033693260E+01    0.744760246249930979E+01    0.100028403794508947E+01    0.143721331283363174E+00
    0.789300002952578518E-05    0.127705173251797351E+04    0.197819243745570339E+01    0.963635450181881126E+01    0.119743746756775948E+01    0.153015179686518898E+00
    0.776604113348562165E-05    0.127701749738442686E+04    0.196272950220173414E+01    0.745666106232586579E+01    0.103005198230498252E+01    0.120508304137856070E+00
    0.761619845570754868E-05    0.127698979706380578E+04    0.409633941621363284E+01    0.774777532343509812E+01    0.103337610465448471E+01    0.130775220422698180E+00
    0.101047771937907730E-04    0.127635766850389336E+04    0.324858653800908392E+01    0.604433600804534432E+01    0.932053397707337083E+00    0.121274648871526614E+00
    0.116431913863921962E-04    0.127600757528261465E+04    0.283894131021051344E+01    0.611347212879699864E+01    0.946488579633065541E+00    0.110439630482815021E+00
    0.121291685820009525E-04    0.127585912541694415E+04    0.384952578645980381E+01    0.743619476073747521E+01    0.102181885734447775E+01    0.142401014781233570E+00
    0.118745612116965675E-04    0.127583488830961960E+04    0.463758821206298233E+01    0.659302502245141397E+01    0.903621261775855444E+00    0.122390098513529777E+00
    0.123991439083174841E-04    0.127568176357908942E+04    0.324520951097236665E+01    0.877012058625190427E+01    0.107119075728631508E+01    0.148967307320870157E+00
    0.119940042718941117E-04    0.127568153801174321E+04    0.289250184536394261E+01    0.607730276731035879E+01    0.951959273734630074E+00    0.121351024876596547E+00
    0.174619748412530811E-04    0.127486363380567491E+04    0.191053566389721818E+01    0.709554452195948127E+01    0.106292897523659491E+01    0.130471170781205403E+00
    0.241700921067321439E-04    0.127414678642924991E+04    0.211248654082260279E+01    0.703485320008733961E+01    0.102951813380121848E+01    0.126966961732435601E+00
    0.381408746388197279E-04    0.127316777870910869E+04    0.259539028382077541E+01    0.924310721358949294E+01    0.116792419874796138E+01    0.147156331508556670E+00
    0.382949788405069022E-04    0.127309304753326342E+04    0.520019116731499409E+01    0.765866497269550983E+01    0.985974252855722710E+00    0.140219655560827938E+00
    0.414030681876333383E-04    0.127287030846244579E+04    0.357470617327412832E+01    0.655104804130302565E+01    0.970117896452613593E+00    0.129762939441979919E+00
    0.403518384325419276E-04    0.127285507786192875E+04    0.424728378166735965E+01    0.911170570141807801E+01    0.106292913485379614E+01    0.151388409354084041E+00
    0.415160613577937173E-04    0.127273152436084115E+04    0.424925479895347280E+01    0.896634179303838330E+01    0.108037085098176711E+01    0.149125831006388543E+00
    0.420311136975723375E-04    0.127264019814754511E+04    0.244786969487125061E+01    0.872337147291364090E+01    0.113783722533240983E+01    0.148054268604840944E+00
    0.463516785225580154E-04    0.127237783676270419E+04    0.384324538236111213E+01    0.807346344427541851E+01    0.105524149992416838E+01    0.143620263004741844E+00
    0.475741688151622367E-04    0.127225910522293316E+04    0.203686572076503492E+01    0.806379135605659592E+01    0.111449447000433288E+01    0.140711320927126904E+00
    0.489717798822071967E-04    0.127213453001737435E+04    0.255582509163297189E+01    0.721798150817473338E+01    0.100077419780649990E+01    0.124513640802286218E+00
    0.511948365117656295E-04    0.127197907441841380E+04    0.205254494666895138E+01    0.848855419708503689E+01    0.115247167822699836E+01    0.142215889744326418E+00
    0.576770600586147826E-04    0.127167396606326747E+04    0.538044672084157849E+01    0.705123237787931778E+01    0.937414071915574354E+00    0.132061687551248141E+00
    0.581518995027782037E-04    0.127159090135224278E+04    0.203900746957983969E+01    0.901465311037816086E+01    0.116606871128412948E+01    0.147161894602216181E+00
    0.592421676107337636E-04    0.127148708461546789E+04    0.401002670660073512E+01    0.664067541443422016E+01    0.951028068345028288E+00    0.128897687951188500E+00
    0.587124924020216731E-04    0.127143838006302121E+04    0.234418436980609668E+01    0.788889517855562605E+01    0.106483462666521334E+01    0.136934771686979539E+00
    0.694840831130354435E-04    0.127103482302747034E+04    0.398256526412219625E+01    0.792336145458283170E+01    0.103475050245203093E+01    0.128245282718605358E+00
    0.744133289857972570E-04    0.127083108161591827E+04    0.367096769017830038E+01    0.706201308820640961E+01    0.983632890344605215E+00    0.134228903215525275E+00
    0.910038387422828577E-04    0.127036188172769107E+04    0.334771238929266168E+01    0.762277680410584413E+01    0.994871795237799006E+00    0.132293515534295691E+00
    0.103273029614539620E-03    0.127004226593207295E+04    0.270999923556682099E+01    0.821593152095019619E+01    0.104464258772596708E+01    0.135270399824815479E+00
    0.153887541604042280E-03    0.126917790760091975E+04    0.468924522802408283E+01    0.759739410707048712E+01    0.946240597345092027E+00    0.128335616985522316E+00
    0.159844056282759943E-03    0.126903528772346226E+04    0.448980647323335003E+01    0.669440890374763597E+01    0.917012059366907550E+00    0.116449423301347110E+00
    0.172142838535404056E-03    0.126882036926268825E+04    0.307487900904655032E+01    0.768086048397357057E+01    0.987084335245043576E+00    0.122437489687758694E+00
    0.173019708333309953E-03    0.126874354075555220E+04    0.289015592065810623E+01    0.855150724074425916E+01    0.109682217849722363E+01    0.146219976665107776E+00
    0.167767621093776461E-03    0.126873852547868137E+04    0.287842577034442826E+01    0.743791461910948026E+01    0.104731191389117306E+01    0.125766024523001008E+00
    0.186840205891263477E-03    0.126845651096504298E+04    0.306104529496701305E+01    0.858406024450813376E+01    0.105170926372784734E+01    0.140074629782755755E+00
    0.210714577544567321E-03    0.126814934276422446E+04    0.377724674387294845E+01    0.728491691576943712E+01    0.956680280694726548E+00    0.124098155472775806E+00
    0.247010692562010705E-03    0.126776482185607620E+04    0.376410161978932623E+01    0.691542658656673481E+01    0.937906511728638037E+00    0.115851505725386827E+00
    0.239735761608352076E-03    0.126775794379323088E+04    0.321421421841404076E+01    0.673303150226610292E+01    0.955474373989108727E+00    0.114929530024939330E+00
    0.240531132029891080E-03    0.126768465271701825E+04    0.316392694677737518E+01    0.773667574778768952E+01    0.105826933168476955E+01    0.134335806086210319E+00
    0.244828916135711504E-03    0.126758256577664406E+04    0.300849577292694992E+01    0.680610663790329795E+01    0.969631449566097814E+00    0.119464430235095120E+00
    0.255455905526191655E-03    0.126743091881296277E+04    0.351729751570513960E+01    0.720280552269215857E+01    0.978487478428721857E+00    0.129252281042539607E+00
    0.248779118163151814E-03    0.126741722091931365E+04    0.368461172460187925E+01    0.693230253712017852E+01    0.977573866052486196E+00    0.128841628621554571E+00
    0.258058723219892964E-03    0.126727731077010367E+04    0.390657240761232316E+01    0.812780427937676286E+01    0.988795062633816002E+00    0.131848118831051853E+00
    0.253015695063489013E-03    0.126725011539498610E+04    0.424191211832295334E+01    0.765648997993812142E+01    0.100713137408874687E+01    0.137168941649619569E+00
    0.297798589484900289E-03    0.126685751700599894E+04    0.477053075218485123E+01    0.716693595173337528E+01    0.958600147526126989E+00    0.127696252996004844E+00
    0.313344279197466755E-03    0.126668908006771812E+04    0.303863352671973974E+01    0.698828012367347995E+01    0.100774667451521260E+01    0.126424711809021595E+00
    0.351272025922621546E-03    0.126639389658837104E+04    0.405606567820717245E+01    0.926122404834746504E+01    0.109179532604916218E+01    0.147471253376979750E+00
    0.347660106426852481E-03    0.126634790117994089E+04    0.307246486288709653E+01    0.703379681500650733E+01    0.967180379315630390E+00    0.114768395217346608E+00
    0.343097128400706082E-03    0.126630765794638796E+04    0.300699408039822824E+01    0.728560268880739681E+01    0.978057531890087262E+00    0.118301064564016345E+00
    0.365770470053426646E-03    0.126611300642889910E+04    0.220209771602351889E+01    0.853886897874398798E+01    0.111024188143010960E+01    0.140148719648756082E+00
    0.354816499739764367E-03    0.126610715026618641E+04    0.363662428056930498E+01    0.693201587998628721E+01    0.974649642288358820E+00    0.121871540697314762E+00
    0.447049101985296058E-03    0.126557834823406256E+04    0.426701306530280533E+01    0.772009956375272210E+01    0.100914817534517987E+01    0.135171530637526738E+00
    0.453464017362876647E-03    0.126548318659601364E+04    0.301667245988479138E+01    0.871044245390870664E+01    0.109170300511497054E+01    0.145310546315288391E+00
    0.458219301980982048E-03    0.126539565598397439E+04    0.489700536605396763E+01    0.749345754722518986E+01    0.948866416060694107E+00    0.128633843724924812E+00
    0.446904734132486982E-03    0.126537899420860049E+04    0.393028135809728285E+01    0.708999974475474737E+01    0.975417578456806211E+00    0.127760787330997827E+00
    0.436322542642749367E-03    0.126536025494713567E+04    0.364830676630462047E+01    0.800286282882313138E+01    0.104095024142711523E+01    0.126791154169086484E+00
    0.457358314645983524E-03    0.126519941748959945E+04    0.298977508525748803E+01    0.816158141238396695E+01    0.103917300748919672E+01    0.135826131387450477E+00
    0.547820114257169125E-03    0.126477179115809849E+04    0.371341665723030179E+01    0.700298326400595350E+01    0.972139566291367885E+00    0.122391540011567379E+00
    0.646145773737138150E-03    0.126437496817170904E+04    0.448042408614131560E+01    0.712916325264237649E+01    0.941969656845122572E+00    0.119982431085719599E+00
    0.636555341063299042E-03    0.126433820905334505E+04    0.417356726944579393E+01    0.787357459060560672E+01    0.101470984906939776E+01    0.137021381305622247E+00
    0.633622149228381957E-03    0.126428077951163550E+04    0.271190834124207969E+01    0.763691420084862393E+01    0.101174810503041890E+01    0.123363523701271793E+00
    0.640777952203582944E-03    0.126419165246326361E+04    0.423242826645066383E+01    0.718251988611749326E+01    0.947222058204213013E+00    0.121533183630833097E+00
    0.700269895105546324E-03    0.126394742012323627E+04    0.468968481178076235E+01    0.751042015694587928E+01    0.970912931556352277E+00    0.130885536315708206E+00
    0.690663506265702751E-03    0.126390837962924638E+04    0.403759795076547245E+01    0.769958918455044472E+01    0.997782955088908352E+00    0.134726893910551926E+00
    0.669600162546838957E-03    0.126390365691638613E+04    0.307851998264807047E+01    0.751190614366361142E+01    0.993243524800842437E+00    0.123587388428598288E+00
    0.767190243833419118E-03    0.126356488215977424E+04    0.328270766041164030E+01    0.799112585811019649E+01    0.105732620618759299E+01    0.136976827044644978E+00
    0.941981886988341871E-03    0.126308771301462502E+04    0.249340291328845209E+01    0.866201412969232365E+01    0.110777770406812337E+01    0.141697312104748452E+00
    0.984162715215838608E-03    0.126293343595149440E+04    0.373168048237764260E+01    0.822938326451988544E+01    0.104826022832833665E+01    0.129063572411106886E+00
    0.114622447337369413E-02    0.126256189426629862E+04    0.378656728265932996E+01    0.732739280602428522E+01    0.989421124588385936E+00    0.125009862765329993E+00
    0.122784831063255670E-02    0.126235764795584032E+04    0.239446067975040044E+01    0.749774832942803293E+01    0.104883552142716319E+01    0.126290468600013028E+00
    0.137229928340462702E-02    0.126206853259806144E+04    0.165198178218071634E+01    0.861378412457495557E+01    0.112749716048948123E+01    0.127719694901098135E+00
    0.182303279708127429E-02    0.126143383824310195E+04    0.281825251179708847E+01    0.811362808242613021E+01    0.107884359510212846E+01    0.130268503423504489E+00
    0.177121891248938849E-02    0.126142483862754671E+04    0.487520936225890900E+01    0.777634622361261574E+01    0.969709903805298978E+00    0.129958411139035501E+00
    0.190346062190007988E-02    0.126121416066343932E+04    0.209165982485444069E+01    0.826887027213264503E+01    0.110991167203868102E+01    0.133428796861277510E+00
    0.205564511427278832E-02    0.126099366176980084E+04    0.338587710667691777E+01    0.744962213710314902E+01    0.100527766038901945E+01    0.127644112085471217E+00
    0.206853230703933416E-02    0.126091449589818217E+04    0.424349144208682993E+01    0.825136815298432147E+01    0.103061258634798314E+01    0.134323690524936312E+00
    0.230683917529252028E-02    0.126062975135199349E+04    0.418030079656156506E+01    0.828105318094553233E+01    0.103388076838582599E+01    0.134626358465558038E+00
    0.224445858921170759E-02    0.126061791255725984E+04    0.241299201683312203E+01    0.856971909492136241E+01    0.111541797942087584E+01    0.138467714728768287E+00
    0.315656374789545285E-02    0.125986920652019353E+04    0.183067217944836824E+01    0.857838583683169276E+01    0.113107529621629865E+01    0.131290396338651361E+00
    0.393265733396610303E-02    0.125936287715470212E+04    0.355819707366147053E+01    0.827995186061174948E+01    0.103798580878156521E+01    0.136909208688186679E+00
    0.405629657845911224E-02    0.125923430044653492E+04    0.360304731538451861E+01    0.827328642335885789E+01    0.102751187490108187E+01    0.118887304068195032E+00
    0.393825455141862471E-02    0.125922669931314545E+04    0.331156854315251348E+01    0.821854912263388826E+01    0.105295932858123464E+01    0.136570019142143062E+00
    0.418823523063076558E-02    0.125903694896387015E+04    0.376848950643131264E+01    0.796347759938933475E+01    0.102462849479922369E+01    0.131920685782528357E+00
    0.433775803905722679E-02    0.125890012594805785E+04    0.407183899901715840E+01    0.779399475662470209E+01    0.981142218982711256E+00    0.125941939629728550E+00
    0.422348431922218819E-02    0.125888685363807599E+04    0.407913560870222991E+01    0.849094804143112292E+01    0.102698080996711738E+01    0.122041031046864701E+00
    0.432411836558404920E-02    0.125877309133528342E+04    0.377544759730459845E+01    0.772667395643581578E+01    0.100531276694403360E+01    0.127413496919385638E+00
    0.438593976727685159E-02    0.125867803338170938E+04    0.325114568933783277E+01    0.811086840179669188E+01    0.105411556431513453E+01    0.130067486029441071E+00
    0.426369884513055040E-02    0.125866790043483388E+04    0.379579812972803943E+01    0.786381879131539385E+01    0.101519923802438861E+01    0.127707408459636795E+00
    0.417173639039336141E-02    0.125864484318284872E+04    0.206523172424785439E+01    0.804562231742905354E+01    0.108005772356957408E+01    0.122209022895662045E+00
    0.433606171951353946E-02    0.125850090821912772E+04    0.393101921262359211E+01    0.835169622616692564E+01    0.104162584766894994E+01    0.134288956046566321E+00
    0.420168652422611092E-02    0.125849720255279226E+04    0.415824741600036951E+01    0.790528363553441604E+01    0.992139588598639932E+00    0.129456445436568535E+00
    0.408510449496361696E-02    0.125848681326598216E+04    0.367327189630833439E+01    0.770393293886921260E+01    0.990553989547304781E+00    0.124462401782674092E+00
    0.418226899692271479E-02    0.125837313337262549E+04    0.223147685457746103E+01    0.800224665549495739E+01    0.107748609143084551E+01    0.126020875733370730E+00
    0.537603509808516448E-02    0.125780427228522103E+04    0.394711560307461307E+01    0.805717170667086791E+01    0.100287162795984131E+01    0.130580359340043417E+00
    0.610011988573055681E-02    0.125748489103350744E+04    0.297793094957789872E+01    0.838787325748094226E+01    0.107823679747596657E+01    0.134842112805579006E+00
    0.600699869012633579E-02    0.125744899073998977E+04    0.229592686739211960E+01    0.825038872789668432E+01    0.109393083754710219E+01    0.129864542502503788E+00
    0.622064643659684183E-02    0.125731242688881503E+04    0.227817710415612762E+01    0.851241353954308799E+01    0.108079644578508649E+01    0.128908049414128811E+00
    0.610037501582659514E-02    0.125728480738768894E+04    0.231364715204229254E+01    0.803194946440574320E+01    0.106665996972966859E+01    0.124603419513040992E+00
    0.594519943118568955E-02    0.125726967306437723E+04    0.468768747006427411E+01    0.807863215356471187E+01    0.983202511891661857E+00    0.127997577342424007E+00
    0.592383354193059750E-02    0.125721020695478455E+04    0.275973743862436205E+01    0.788051674963222570E+01    0.104853256945986928E+01    0.125616271387020140E+00
    0.584353668035474637E-02    0.125717083546329263E+04    0.201851902113863213E+01    0.844393376347074209E+01    0.110784732528842156E+01    0.128550160015913351E+00
    0.578957194507793114E-02    0.125712272449798274E+04    0.360894223131771108E+01    0.796908644134355448E+01    0.101959577786773004E+01    0.130220076176609467E+00
    0.569506501106550878E-02    0.125708897452434803E+04    0.302612108300849059E+01    0.836377137601563803E+01    0.106693469641390415E+01    0.135552864631781400E+00
    0.554471397497449756E-02    0.125707581780835562E+04    0.303323658159234366E+01    0.826270835715329355E+01    0.104491516695154552E+01    0.132185086620065340E+00
    0.649915252684451702E-02    0.125669149763977839E+04    0.238016399150853886E+01    0.808093969820900071E+01    0.107225298076605569E+01    0.126044603594565485E+00
    0.659390960662125259E-02    0.125659588167668949E+04    0.431964994424669335E+01    0.823106950013962013E+01    0.100632631799870431E+01    0.131699888693386447E+00
    0.801545492755808241E-02    0.125613876479433384E+04    0.256567762506374075E+01    0.806942996943824475E+01    0.106348619530521660E+01    0.124106565252898982E+00
    0.787207081780061553E-02    0.125610819890386369E+04    0.265345615337015861E+01    0.805016864022557854E+01    0.106054815689242332E+01    0.125494610797762141E+00
    0.773880450819611210E-02    0.125607568011021021E+04    0.340200676479661546E+01    0.859714608496364008E+01    0.106215121682374658E+01    0.137205432563209717E+00
    0.825144470031878054E-02    0.125588073128186488E+04    0.327031637062018543E+01    0.791474750673867078E+01    0.101644962228665037E+01    0.124202935785159729E+00
    0.823594337633920190E-02    0.125581782538760808E+04    0.248543505978880130E+01    0.877652493843731918E+01    0.111756755839602384E+01    0.134504319047968890E+00
    0.800514954066001636E-02    0.125580800449458116E+04    0.381104800879508243E+01    0.820290572994864320E+01    0.102646379514526487E+01    0.130897526928635655E+00
    0.792772022315597208E-02    0.125576077686889266E+04    0.421309969418687125E+01    0.825737619809754264E+01    0.101308937650966513E+01    0.130693384260081924E+00
    0.823327519220718070E-02    0.125561847342907868E+04    0.286024912136464193E+01    0.872535273188010585E+01    0.109383715050065611E+01    0.137108920351180830E+00
    0.802479838031174529E-02    0.125560310145943981E+04    0.454705557243307101E+01    0.824332915638057706E+01    0.980882322367680359E+00    0.124139241496505459E+00
    0.780541928301582179E-02    0.125559187133763362E+04    0.281353708255712665E+01    0.850095018016043547E+01    0.108715972513614645E+01    0.130882060635153952E+00
    0.765193970651730990E-02    0.125556492287139804E+04    0.337938499898786437E+01    0.874466334485870789E+01    0.106934877955346863E+01    0.138121566805195162E+00
    0.805641226760284331E-02    0.125539523789028203E+04    0.300590475736110641E+01    0.810883221902362017E+01    0.104606957461590433E+01    0.123811930423015859E+00
    0.807901387067204088E-02    0.125532296824352488E+04    0.230442839660233778E+01    0.843340060159684590E+01    0.109878718556056576E+01    0.128779673652641424E+00
    0.803727152769282902E-02    0.125526666188887566E+04    0.388025169056997221E+01    0.812373928356559105E+01    0.100428896755240160E+01    0.127118195320629290E+00
    0.825512211118785769E-02    0.125514650680963587E+04    0.370435311801778422E+01    0.824624831067087349E+01    0.103138952764846437E+01    0.127861081399110121E+00
    0.804140907255698062E-02    0.125513229923104518E+04    0.321344992344052294E+01    0.886109902081235035E+01    0.108144286681751112E+01    0.138711602568581505E+00
    0.865904131252987277E-02    0.125491763318859967E+04    0.459530223950463146E+01    0.837520080056464877E+01    0.100137123201145606E+01    0.126549864645070897E+00
    0.837917936763932919E-02    0.125491667458452457E+04    0.298871813829893274E+01    0.820542175282221997E+01    0.105582185810643736E+01    0.129450712557541703E+00
    0.841624217646514197E-02    0.125484118101967260E+04    0.261030269596797915E+01    0.873823381395063237E+01    0.110531383527801275E+01    0.135020293360098798E+00
    0.880736625234581662E-02    0.125468366432468360E+04    0.425754680989524825E+01    0.833590802297306510E+01    0.100249647063929004E+01    0.129005899575473038E+00
    0.941302611410826766E-02    0.125448398557530118E+04    0.358549439557311667E+01    0.812456386513369466E+01    0.101276064936854127E+01    0.125486267719631561E+00
    0.974255165923432372E-02    0.125434850176091982E+04    0.453180723197603808E+01    0.835673337255748194E+01    0.987550458758011729E+00    0.124031520756708646E+00
    0.986140644710406002E-02    0.125425758361533735E+04    0.232381403066548087E+01    0.840746420452525811E+01    0.108276076115964770E+01    0.126331700164981298E+00
    0.963937272659944749E-02    0.125423646247564238E+04    0.297167055142434133E+01    0.892503223462914619E+01    0.110121659994710086E+01    0.136067733603007168E+00
    0.944934857737130852E-02    0.125420961627124052E+04    0.277776653474123414E+01    0.830686288572993270E+01    0.106520986076569280E+01    0.129525771825217184E+00
    0.979273313927032929E-02    0.125407156002717738E+04    0.276158004528467282E+01    0.844010030024916702E+01    0.106838988655991507E+01    0.131139333289560067E+00
    0.995781817824392158E-02    0.125397145857056239E+04    0.329152378496995368E+01    0.889620227862418389E+01    0.107633320241970409E+01    0.137924956877389260E+00
    0.977232269377322806E-02    0.125394239953200531E+04    0.448640826161258666E+01    0.842465972152646003E+01    0.988997944645891636E+00    0.123749031581996682E+00
    0.954793030285333404E-02    0.125392219239802876E+04    0.298628674768071622E+01    0.827887633458959193E+01    0.104498834176929911E+01    0.127977869074316963E+00
    0.942931438155637097E-02    0.125388052777312214E+04    0.250517288516102088E+01    0.863291012471536767E+01    0.110098827540600119E+01    0.131306839648143159E+00
    0.932661246915046302E-02    0.125383576414322692E+04    0.348885499331116655E+01    0.822515260334937182E+01    0.102738386434234741E+01    0.127972266123069778E+00
    0.904168582378873757E-02    0.125383114993170943E+04    0.258758816475638920E+01    0.828558576673019687E+01    0.106761468130870796E+01    0.125347783609457419E+00
    0.888796241903544795E-02    0.125379877890084936E+04    0.288301292210768612E+01    0.833165894875373780E+01    0.105503992496148236E+01    0.129060512181881970E+00
    0.953009105460862239E-02    0.125359259933798876E+04    0.375748173746214142E+01    0.825758428367989517E+01    0.101573400400198111E+01    0.126815207703889765E+00
    0.924897497004839933E-02    0.125358581575293965E+04    0.350706170122668848E+01    0.831490465733508621E+01    0.103512691666565004E+01    0.125727018469460772E+00
    0.987519425934274379E-02    0.125338812258409166E+04    0.421594616080551532E+01    0.844082714713111670E+01    0.101395815384448973E+01    0.128892948248408024E+00
    0.104524760468428044E-01    0.125320783009702473E+04    0.372677125999752379E+01    0.854613196893177474E+01    0.104133667021292631E+01    0.127269526620083839E+00
    0.101968281454532343E-01    0.125319068780401358E+04    0.300380986860710397E+01    0.878805203171603111E+01    0.107155437914131113E+01    0.134709986711355478E+00
    0.991901307416330480E-02    0.125317926769323162E+04    0.267451807295468225E+01    0.865443039485202448E+01    0.108604722246738206E+01    0.132817554434947471E+00
    0.970655911817900827E-02    0.125315590417279464E+04    0.316448281220301109E+01    0.853315387283959659E+01    0.106108777706822544E+01    0.132601800301254125E+00
    0.945487117410869285E-02    0.125314178106189547E+04    0.302719639185786216E+01    0.862866994643393959E+01    0.107773715040037033E+01    0.129813253129140271E+00
    0.920581017755952094E-02    0.125312850489743141E+04    0.307507098932075618E+01    0.824125793156192898E+01    0.103717044978737682E+01    0.123375710015324769E+00
    0.904687783369617290E-02    0.125309666846740265E+04    0.325038167919264653E+01    0.828542924825074678E+01    0.102505128320160210E+01    0.122117391913777906E+00
    0.876726142891277004E-02    0.125309279223197700E+04    0.345454175761399318E+01    0.846062665258686408E+01    0.104652868088931861E+01    0.126874115535392074E+00
    0.868063043527536431E-02    0.125304598623528955E+04    0.247635725881495716E+01    0.866133534998300192E+01    0.110071771569892007E+01    0.129249683610529686E+00
    0.858507095079560738E-02    0.125300145836463139E+04    0.350289477121795567E+01    0.843760823205415100E+01    0.104038792733432928E+01    0.125396110812579620E+00
    0.837584278661104506E-02    0.125298413780783949E+04    0.279901392841432717E+01    0.878406770259890912E+01    0.109133430165369916E+01    0.134733872904359231E+00
    0.829807799627380570E-02    0.125293612670639777E+04    0.408888817352390710E+01    0.872547832189199113E+01    0.102983392732669543E+01    0.124208877467671064E+00
    0.818632140814211547E-02    0.125289657860137868E+04    0.320850990862412866E+01    0.855084103083006752E+01    0.106438809394798639E+01    0.129649503312917469E+00
    0.796290719777140166E-02    0.125288525289755353E+04    0.278983901774827014E+01    0.867735277730123933E+01    0.108685805918959666E+01    0.127202702110398747E+00
    0.770608363312602369E-02    0.125288415435067714E+04    0.297949970430135380E+01    0.865390870384984900E+01    0.107386127343535875E+01    0.133560495889639474E+00
    0.755730251071434333E-02    0.125285647925074227E+04    0.336956514248062389E+01    0.838792023275578735E+01    0.104484773679058662E+01    0.128305404532589540E+00
    0.735280550142676168E-02    0.125284467733307019E+04    0.267444777494972152E+01    0.881973671014090499E+01    0.109459908006866513E+01    0.134483232748786374E+00
    0.720965753536878789E-02    0.125281733164572961E+04    0.409056434724019979E+01    0.866840189818650053E+01    0.102099634458701161E+01    0.122159912222444600E+00
    0.704358601024699261E-02    0.125279727304840208E+04    0.275206674265785933E+01    0.836119667394766530E+01    0.106311658892660255E+01    0.126021706390793131E+00
    0.689691818499502726E-02    0.125277269187166166E+04    0.301338287996240073E+01    0.858045368007427633E+01    0.106550129114278391E+01    0.132305955312346679E+00
    0.672702748322809296E-02    0.125275590781985238E+04    0.357892048715776045E+01    0.832953020350629814E+01    0.101680473053600195E+01    0.122970645906516296E+00
    0.668523701404124659E-02    0.125270170455321386E+04    0.458154640405927616E+01    0.880844872192603034E+01    0.101863852978835823E+01    0.126109465632916251E+00
    0.654925802675387653E-02    0.125267613768586511E+04    0.379649368321648506E+01    0.836679922424568190E+01    0.102027130950705036E+01    0.126439162952087791E+00
    0.650354236286856610E-02    0.125262348053422852E+04    0.367198944735437127E+01    0.834622875311167078E+01    0.101719975364370008E+01    0.124767896151035451E+00
    0.632700658074143978E-02    0.125261185342173917E+04    0.268485501205290245E+01    0.872278428274443485E+01    0.109238647525278232E+01    0.132829674102961981E+00
    0.627985065835650388E-02    0.125256014881624833E+04    0.240291169595213328E+01    0.861427823087641364E+01    0.109473645463730840E+01    0.128188648543674066E+00
    0.614732805027386978E-02    0.125253613950085992E+04    0.298174833528586625E+01    0.849497228245212099E+01    0.105527899839336570E+01    0.121723443836394773E+00
    0.600426499962120313E-02    0.125251656778232473E+04    0.359253694561455061E+01    0.836846617015624972E+01    0.101965907075908468E+01    0.122430036805041720E+00
    0.583097338925412344E-02    0.125250847331848604E+04    0.330791026208726402E+01    0.834052363525844243E+01    0.103226407496125105E+01    0.125941213960113707E+00
    0.566141125871504058E-02    0.125250082814868165E+04    0.340962237596499218E+01    0.836868146039531702E+01    0.103778704444808234E+01    0.127485519112992884E+00
    0.555252134552972326E-02    0.125247300364009925E+04    0.232176796740342795E+01    0.883916528545321967E+01    0.111476959508968321E+01    0.130736367728834013E+00
    0.546256601166497137E-02    0.125243900392588193E+04    0.355562197090801035E+01    0.854321554346042333E+01    0.104277361324555429E+01    0.125531930696521909E+00
    0.560506983274184321E-02    0.125232083151803363E+04    0.340232842294587767E+01    0.866194798557940082E+01    0.106170441761470968E+01    0.130713352035677577E+00
    0.545894409586481465E-02    0.125230699711823877E+04    0.328240895026021340E+01    0.838717503775758111E+01    0.103750672947028377E+01    0.123115229924957381E+00
    0.529161990374162235E-02    0.125230259237764312E+04    0.314465201171163855E+01    0.864294397431059558E+01    0.106993922881348169E+01    0.132056434292820546E+00
    0.517169081935133900E-02    0.125228177519011342E+04    0.345354755125643820E+01    0.847279721846944511E+01    0.104003561510786824E+01    0.124536878549912799E+00
    0.501298472356272347E-02    0.125227744490045188E+04    0.253172718101955629E+01    0.866122634036004690E+01    0.109484100701716613E+01    0.129197673902682109E+00
    0.485021844354551878E-02    0.125227679372792727E+04    0.314359435157499378E+01    0.834855775209535089E+01    0.104094307813126008E+01    0.124056571301879526E+00
    0.474086688263661987E-02    0.125225573453770835E+04    0.312916620968814563E+01    0.850030390787763146E+01    0.105310666073440018E+01    0.130047606563684637E+00
    0.473651038594795869E-02    0.125219090656411981E+04    0.253144506282990944E+01    0.857489199568759020E+01    0.108273846136280660E+01    0.128209897244156990E+00
    0.474125730761694973E-02    0.125212223650500073E+04    0.335978663057742288E+01    0.836983953139107406E+01    0.103466842249575564E+01    0.125439363243175173E+00
    0.459859594030823798E-02    0.125211667249587344E+04    0.231667296183922744E+01    0.869927714232623828E+01    0.109936080021627092E+01    0.127764641662162504E+00
    0.460448481733570850E-02    0.125204744630463597E+04    0.316935236057296876E+01    0.867913507307937948E+01    0.107131109281324299E+01    0.130223671891544379E+00
    0.458432995430619727E-02    0.125198955330284457E+04    0.317455258193578560E+01    0.861030693040895478E+01    0.106500219488738601E+01    0.128146769496561008E+00
    0.451006877515015489E-02    0.125195554974318884E+04    0.284142030968148163E+01    0.854576297417864872E+01    0.106923381444360999E+01    0.129570866038855925E+00
    0.440443207306481007E-02    0.125193628523571351E+04    0.310266894952183447E+01    0.866050903461181498E+01    0.106913353252461718E+01    0.132257798700619489E+00
    0.440507778634308383E-02    0.125186932537985012E+04    0.461024196191639746E+01    0.887337555746808526E+01    0.102073546034146290E+01    0.127670695027739978E+00
    0.427033606489805092E-02    0.125186478949320986E+04    0.246674294234800628E+01    0.878303093494564102E+01    0.110337124690305721E+01    0.127629390912568086E+00
    0.415496479030581008E-02    0.125185289997384166E+04    0.289196826282979025E+01    0.880250015395613339E+01    0.109003325475866042E+01    0.130674217571159490E+00
    0.435071269505021407E-02    0.125169416187636352E+04    0.336563343793666281E+01    0.849240144275861475E+01    0.104136192393931637E+01    0.128548074295856463E+00
    0.427594998075606168E-02    0.125166216195809784E+04    0.370933572549220170E+01    0.861004527458166535E+01    0.103481961513557863E+01    0.124336563391437283E+00
    0.430573316367472564E-02    0.125158161302521603E+04    0.299708747354471239E+01    0.850989251192871521E+01    0.105860875936421550E+01    0.128332433222983155E+00
    0.416513474165293700E-02    0.125158134396354490E+04    0.338048855174275253E+01    0.847488894154302663E+01    0.103971365381622149E+01    0.124766930389042852E+00
    0.404282577012333912E-02    0.125157428675789606E+04    0.291159376130913028E+01    0.871140044392234003E+01    0.108003174798414925E+01    0.131720924826341568E+00
    0.394182209848582907E-02    0.125155822172637249E+04    0.315285203737964892E+01    0.843739139382210901E+01    0.104217319204428271E+01    0.125084411243483462E+00
    0.389160974342741195E-02    0.125151719543996342E+04    0.334307485761224532E+01    0.856140532391202491E+01    0.104264079982905145E+01    0.122790432426964857E+00
    0.388211654027317311E-02    0.125145541353899443E+04    0.315625878872452814E+01    0.846712662257565896E+01    0.104411302776783010E+01    0.126209757250992594E+00
    0.378638738801732573E-02    0.125143868314479550E+04    0.315442335396959761E+01    0.873670623494243159E+01    0.107331703715201066E+01    0.130734743393342789E+00
    0.367618097001171052E-02    0.125143109234875737E+04    0.342943211496131362E+01    0.851435878324329920E+01    0.104278073964140638E+01    0.126564454332842136E+00
    0.357122354727181304E-02    0.125142235801414108E+04    0.328574918843335162E+01    0.850843966785315864E+01    0.104655356547810818E+01    0.128251510246249811E+00
    0.362242077434823256E-02    0.125132722283320027E+04    0.285739069498157683E+01    0.850667721281559608E+01    0.105679791609468410E+01    0.125184329155192620E+00
    0.362576475552406309E-02    0.125125871074941529E+04    0.362732086944347198E+01    0.851245836017451651E+01    0.102836255689682865E+01    0.124792269714753434E+00
    0.351215438261298033E-02    0.125125571528212436E+04    0.324066318255199981E+01    0.858400925540273008E+01    0.105460849250859567E+01    0.126022939631460495E+00
    0.341192172272971554E-02    0.125124695650705553E+04    0.330797000489871351E+01    0.867011957780439957E+01    0.106076733266493051E+01    0.128721289357394131E+00
    0.343001379728882132E-02    0.125116971264820404E+04    0.336198232152378162E+01    0.856141964146085499E+01    0.104725702866962322E+01    0.126005074930428007E+00
    0.332674461096607501E-02    0.125116418608588151E+04    0.266665722202369526E+01    0.873396378061266532E+01    0.108831677305248498E+01    0.130242061645142515E+00
    0.321978031638896992E-02    0.125116288161726675E+04    0.330318522552599170E+01    0.852956768249174324E+01    0.103865882782325514E+01    0.122697238317508228E+00
    0.311979764424584558E-02    0.125115930493140104E+04    0.305505102912397497E+01    0.860689377617418927E+01    0.105919033002368757E+01    0.123878628556800097E+00
    0.302580247309145334E-02    0.125115382187561727E+04    0.335151214248592177E+01    0.851997101509183530E+01    0.103308219781182586E+01    0.122664613909753140E+00
    0.293703827348324982E-02    0.125114670451503548E+04    0.319223805673289984E+01    0.860123905421333745E+01    0.104451909206243698E+01    0.121304729091191499E+00
    0.285445928166508378E-02    0.125113707635219316E+04    0.271364314227598236E+01    0.871562665223610900E+01    0.108678408002104021E+01    0.129479040105038523E+00
    0.278766059087386673E-02    0.125111776905653824E+04    0.378693561565950310E+01    0.856047726481978088E+01    0.102146531014691533E+01    0.124392099706743586E+00
    0.269917852702927872E-02    0.125111561292733927E+04    0.364911151486024021E+01    0.857267358037045391E+01    0.103114786178574747E+01    0.124158060900811051E+00
    0.262665962297527764E-02    0.125110341534843064E+04    0.332632137632586700E+01    0.853973573417310483E+01    0.104517413577035079E+01    0.125203181901644145E+00
    0.259354060470918645E-02    0.125106212660689653E+04    0.363924218100187069E+01    0.865800620728795067E+01    0.103717974784283484E+01    0.123940895206019697E+00
    0.251731613083199619E-02    0.125105512126921485E+04    0.386659187770059276E+01    0.860821941098084586E+01    0.102297155574006915E+01    0.124116914612586227E+00
    0.244791933173430735E-02    0.125104436439284154E+04    0.353976202690578301E+01    0.852679629101868741E+01    0.103294857818258379E+01    0.126078602842434107E+00
    0.248318253114529442E-02    0.125094909251661102E+04    0.307657074958812249E+01    0.857554385408468534E+01    0.105989074700517349E+01    0.127012091767775726E+00
    0.240360464793028901E-02    0.125094756878785120E+04    0.360194047415781604E+01    0.857270265200750714E+01    0.102841032292784185E+01    0.123268589840876075E+00
    0.232857062968452270E-02    0.125094433198425577E+04    0.301838400171504340E+01    0.877757114395604532E+01    0.107930719855967361E+01    0.130857644608083579E+00
    0.225386159825484390E-02    0.125094288452693127E+04    0.377199355597620256E+01    0.857593863012498048E+01    0.102519669242580314E+01    0.125710626284792903E+00
    0.218540293954739683E-02    0.125093790743580075E+04    0.315503920158086260E+01    0.854439244742686022E+01    0.104589607927152528E+01    0.123111386411564938E+00
    0.213216134835466243E-02    0.125092056885004831E+04    0.323738348754937855E+01    0.852935760858269632E+01    0.103868105083529727E+01    0.124094975506392702E+00
    0.206828575023225783E-02    0.125091473430055225E+04    0.309935895115045934E+01    0.874764141627220759E+01    0.107265385752728193E+01    0.128133882628153950E+00
    0.200071650335486000E-02    0.125091449714611554E+04    0.325412687053934224E+01    0.855712618688745152E+01    0.104397775332351550E+01    0.123428014809050746E+00
    0.195581954001329897E-02    0.125089322260031099E+04    0.301670211361883256E+01    0.853536795491788958E+01    0.105229675051847238E+01    0.125651931356413726E+00
    0.237359724180789258E-02    0.125050565760302652E+04    0.361559792346902409E+01    0.862520407310738335E+01    0.102909834433537739E+01    0.123599139469827257E+00
    0.202706436411314054E-02    0.125082129361825287E+04    0.346888480355033346E+01    0.861630812280889735E+01    0.103705795269582524E+01    0.122872424011628345E+00
    0.195738352034071196E-02    0.125089125357332318E+04    0.341913185296803368E+01    0.856887324745365397E+01    0.103663866671952221E+01    0.123214744111781016E+00
    0.235841631745038706E-02    0.125051849017524887E+04    0.364062044287595521E+01    0.863998907405923511E+01    0.102731174561721161E+01    0.123103956595476793E+00
    0.265470683116935443E-02    0.125028180240457232E+04    0.347927209368128043E+01    0.861866840739509854E+01    0.103845945572456344E+01    0.125961076076646528E+00
    0.253235384995533896E-02    0.125037617236758638E+04    0.374493946120491206E+01    0.867911626419729387E+01    0.102793588248252021E+01    0.123649811535365028E+00
    0.258522486718586273E-02    0.125033484587212160E+04    0.360902055674207078E+01    0.867067271902766379E+01    0.103137353192746772E+01    0.123081878918899879E+00
    0.253788138620428955E-02    0.125037181159284410E+04    0.374211438121278661E+01    0.867263185755788157E+01    0.102732029308787709E+01    0.123712585986728962E+00
    0.227051189974054836E-02    0.125059446023382770E+04    0.363185282523176856E+01    0.860886535794255536E+01    0.103281542239175117E+01    0.125085689280487466E+00
    0.280936691416184279E-02    0.125016855253793392E+04    0.386183628565955628E+01    0.873495443171400510E+01    0.102396457532932672E+01    0.123454315182425445E+00
    0.200054050526313502E-02    0.125084763606559636E+04    0.300964289970931720E+01    0.857189800574676930E+01    0.105697853026819288E+01    0.124153549899761906E+00
    0.229861081527893939E-02    0.125056986096475475E+04    0.317879984450906772E+01    0.864746468671835267E+01    0.105039331544808867E+01    0.122764857900346636E+00
    0.199661795032687970E-02    0.125085156141030211E+04    0.331709198740227906E+01    0.856588881496621646E+01    0.104617657705597722E+01    0.127819415733510855E+00
    0.238072352833976555E-02    0.125049966196898049E+04    0.319194131165712047E+01    0.857742959733989707E+01    0.104359638108763875E+01    0.124559156169740559E+00
    0.222038630115292505E-02    0.125063910847840680E+04    0.317231284511950973E+01    0.861791787277588384E+01    0.105139310524634411E+01    0.123615813633210392E+00
    0.298825050354592113E-02    0.125004509465838692E+04    0.314951222911780260E+01    0.863771659386989121E+01    0.105041318084230184E+01    0.124435687256494010E+00
    0.225525328997088371E-02    0.125060794627823816E+04    0.335396426154721450E+01    0.861456994661519104E+01    0.104385812904468622E+01    0.123931720645499732E+00
    0.274141372191471101E-02    0.125021752337046973E+04    0.314615074456644273E+01    0.861542758509472328E+01    0.105160745101001751E+01    0.125048830302434189E+00
    0.199196886606244636E-02    0.125085622379984898E+04    0.343054239919594295E+01    0.853697342124135261E+01    0.103712085483440752E+01    0.125749532854702251E+00
    0.209788684293881313E-02    0.125075260971328134E+04    0.341147274756693442E+01    0.855824633043947003E+01    0.103891135599679174E+01    0.126567505216734544E+00
    0.237459115585610505E-02    0.125050482030342550E+04    0.315510188573955119E+01    0.860096906983730314E+01    0.105180163434907392E+01    0.124490330976625874E+00
    0.267252013186805278E-02    0.125026842706523439E+04    0.313480957691911133E+01    0.860836019097732930E+01    0.105031119128004136E+01    0.125939430096370542E+00
    0.225253199125064179E-02    0.125061036103305105E+04    0.297558384440286883E+01    0.870501533221655599E+01    0.107318070213730188E+01    0.129517643941305494E+00
    0.207807087567757993E-02    0.125077159085948369E+04    0.276749093679469649E+01    0.864811140682255797E+01    0.107457748906034034E+01    0.128092222785681553E+00
    0.206654578667680696E-02    0.125078271383624678E+04    0.312547538150665627E+01    0.858642267257716796E+01    0.105768450432170980E+01    0.127153084101174096E+00
    0.198917976133733670E-02    0.125085902611188749E+04    0.288323205937883698E+01    0.858786156950170110E+01    0.106598240611994299E+01    0.127318934745816570E+00
    0.211720308948173475E-02    0.125073427901849482E+04    0.277928865600833497E+01    0.877912921467834551E+01    0.108749166395226204E+01    0.128859741188091848E+00
    0.197204199159207918E-02    0.125087633175922701E+04    0.290575261420339448E+01    0.869221697934337101E+01    0.107673798195800074E+01    0.128467696252355879E+00
    0.212949450843364588E-02    0.125072270159581149E+04    0.281518164259440029E+01    0.862671478812973724E+01    0.107188669508889589E+01    0.127187364437816752E+00
    0.265756804522186089E-02    0.125027964798719313E+04    0.299768929147129892E+01    0.869329684025159466E+01    0.106909320731048041E+01    0.128402219322792943E+00
