    0.442599766529404189E-93   -0.281231881771379740E+05    0.370054834591648927E+02    0.390200746741788151E+02    0.524085199939816349E+01
    0.546431605612757274E-89   -0.281421303443815777E+05    0.266005557775497437E+02    0.355182600021362305E+02    0.192089247655785034E+01
    0.296539561269252337E-87   -0.281502182277278407E+05    0.269439922580213107E+02    0.296299019877552539E+02    0.428074542181622419E+01
    0.601635452963586242E-85   -0.281609435102296848E+05    0.224381345525839251E+02    0.428985210859603114E+02    0.487786869553145319E+01
    0.579854279747392296E-72   -0.282208369729038022E+05    0.333228210046575484E+02    0.436428955956506783E+02    0.373176742428538866E+01
    0.540675737148699948E-68   -0.282392177394321261E+05    0.449267927333271047E+02    0.442734700112809776E+02    0.539603793161291012E+01
    0.290500106795711783E-62   -0.282657063289912039E+05    0.408464101769169829E+02    0.327151547620469785E+02    0.548257644581619452E+01
    0.445037589874895759E-62   -0.282666594386038196E+05    0.280623990030871653E+02    0.398322047587944610E+02    0.457949330649807429E+01
    0.642651550872280372E-62   -0.282674943264349640E+05    0.349569995275441130E+02    0.233483837170601447E+02    0.520903352813938536E+01
    0.949385880322344257E-61   -0.282729799219569431E+05    0.298375108299877780E+02    0.361380155711053419E+02    0.415720178246038241E+01
    0.175993022093254657E-59   -0.282789195203554409E+05    0.435223046028540210E+02    0.375135686560380606E+02    0.382902611654104019E+01
    0.360982783974576524E-53   -0.283080873133120076E+05    0.288586352637031673E+02    0.386714185710708165E+02    0.495203150722399332E+01
    0.441679605215568915E-52   -0.283131959924515468E+05    0.443755114799031034E+02    0.429603311082753621E+02    0.467351515353272351E+01
    0.258832874580343378E-51   -0.283168323583122983E+05    0.312057230876997451E+02    0.347269706632036161E+02    0.472465946906541578E+01
    0.308298007084758565E-51   -0.283172821268905609E+05    0.442639822853976241E+02    0.344571073577158913E+02    0.314294445977989767E+01
    0.125127712767672720E-46   -0.283386045139148991E+05    0.214420077204704285E+02    0.399778527021408081E+02    0.382573894973183037E+01
    0.770768097893722254E-46   -0.283423406191739305E+05    0.425581598463779613E+02    0.350097415921701796E+02    0.337240881947649429E+01
    0.473766772541723988E-43   -0.283552827849562418E+05    0.432633602739697238E+02    0.328004528405163924E+02    0.324388264247201574E+01
    0.525841743080106716E-43   -0.283555913552347374E+05    0.368894354598883751E+02    0.266977478883756483E+02    0.326631322546359160E+01
    0.893587936603492811E-42   -0.283613570143189099E+05    0.347773837190040709E+02    0.358640292566174281E+02    0.521633014782621007E+01
    0.167164688562685402E-40   -0.283673148241661838E+05    0.322746501290358694E+02    0.425299284686827761E+02    0.427483991321586387E+01
    0.131061310158341617E-39   -0.283715333658414747E+05    0.379364928600869575E+02    0.247019341614369949E+02    0.558888417865697917E+01
    0.534699111267777652E-39   -0.283744454437407694E+05    0.369139840526337508E+02    0.270371305888968898E+02    0.516674189818848539E+01
    0.131987821339304544E-38   -0.283763526248785784E+05    0.320658854078536777E+02    0.437843822148022142E+02    0.366022410907382811E+01
    0.353465259430909907E-38   -0.283784227759760761E+05    0.429671910830334980E+02    0.355609783949649199E+02    0.402343040444879385E+01
    0.576444058831843329E-38   -0.283795009621653808E+05    0.262093014332789771E+02    0.448664785757139555E+02    0.337566802304332514E+01
    0.954588040455960872E-36   -0.283898201056913822E+05    0.316896734272847382E+02    0.407756351352739159E+02    0.391179964146359582E+01
    0.552225790881799276E-35   -0.283934306301332326E+05    0.279001663592963283E+02    0.384760985275738108E+02    0.445745105262207009E+01
    0.147580475360219484E-34   -0.283954966335563513E+05    0.405697504290311528E+02    0.335986592203280026E+02    0.396781720175112662E+01
    0.586922209900712557E-34   -0.283983576708901965E+05    0.302119221419127655E+02    0.420870607071114975E+02    0.369816786081403537E+01
    0.136978100478901086E-33   -0.284001526986220852E+05    0.263386812930682055E+02    0.352910967774120863E+02    0.465320387695326154E+01
    0.166384756646459061E-33   -0.284006416623320183E+05    0.418820244749325568E+02    0.393834255239894020E+02    0.363597788730607840E+01
    0.166147609297426493E-33   -0.284007388097087714E+05    0.263572169496536297E+02    0.359233089193783073E+02    0.464833965476651745E+01
    0.117187066893809444E-32   -0.284047457697236459E+05    0.408964591124372703E+02    0.347959365590327252E+02    0.450437440801006428E+01
    0.183586347838504263E-32   -0.284057435969174949E+05    0.412617559611368065E+02    0.318372046559653192E+02    0.467073512997351514E+01
    0.101159802208096525E-30   -0.284138619699881092E+05    0.319188829073927920E+02    0.377560756158279673E+02    0.449425673979817120E+01
    0.435291421495603245E-29   -0.284214857687234835E+05    0.262182262139072613E+02    0.374317328587472957E+02    0.436482550729013141E+01
    0.147305893837617352E-28   -0.284240239300972462E+05    0.265160404203402180E+02    0.405018534093191747E+02    0.407483440863068136E+01
    0.208753653262369413E-28   -0.284248212171554333E+05    0.411656382999998698E+02    0.317981685761477451E+02    0.449213573581247783E+01
    0.231067124257561203E-28   -0.284251243239259857E+05    0.401282894079609775E+02    0.349887120442496098E+02    0.401424040966567919E+01
    0.594186695676274382E-28   -0.284271132945718928E+05    0.416229198978331425E+02    0.327376526763383637E+02    0.459254763596066162E+01
    0.491631767148013849E-26   -0.284360447077899662E+05    0.410031550194253356E+02    0.320294659668923956E+02    0.358568423797979552E+01
    0.124801678467799315E-25   -0.284380078697951358E+05    0.365112600271048677E+02    0.275133334761692296E+02    0.479159999587147833E+01
    0.300872673571865076E-25   -0.284398677923126561E+05    0.403924993293714323E+02    0.315802118576244837E+02    0.464840434235533984E+01
    0.299567996867727260E-25   -0.284399591008377320E+05    0.301047007155450466E+02    0.419138434167222442E+02    0.383545825303046950E+01
    0.449997082511792308E-24   -0.284454780703697870E+05    0.366560485408936643E+02    0.259905476507722994E+02    0.351113889236252996E+01
    0.124843812132764927E-21   -0.284568292256350469E+05    0.386270887974957091E+02    0.297184989365827832E+02    0.476498973581932805E+01
    0.157578544755064423E-20   -0.284620001169764946E+05    0.278051522494711350E+02    0.429146604763710826E+02    0.360185262056918631E+01
    0.356846885783673263E-20   -0.284637348825117006E+05    0.406296765185491964E+02    0.317165614125193827E+02    0.348029803123654879E+01
    0.233989031012459541E-19   -0.284675959875773406E+05    0.409788898890667213E+02    0.315895144213648749E+02    0.431705279969519573E+01
    0.381040754437314197E-19   -0.284686712517737215E+05    0.354722490432074977E+02    0.225868117162671105E+02    0.280108520776137526E+01
    0.817426205681753367E-19   -0.284702977603616891E+05    0.386609629443137308E+02    0.295723931417188943E+02    0.465264011399988053E+01
    0.685458135527363669E-18   -0.284746507841382336E+05    0.353789476196805097E+02    0.222450832964361318E+02    0.285477049435854902E+01
    0.110083760873679781E-17   -0.284756982625498604E+05    0.259502692062607920E+02    0.404811003014574240E+02    0.406798472538944456E+01
    0.246237275213098477E-17   -0.284774083706817401E+05    0.404489295311247545E+02    0.312698836433489120E+02    0.372942939293982434E+01
    0.372354930950288185E-17   -0.284783354745025354E+05    0.400424909639123356E+02    0.310548577406519470E+02    0.376156487208675516E+01
    0.822164056178445864E-17   -0.284800196593865658E+05    0.252070931289901807E+02    0.402839498631947635E+02    0.397863526652812771E+01
    0.811975706522444476E-17   -0.284800947203161049E+05    0.250716942107874381E+02    0.404529686755553826E+02    0.397685096175746811E+01
    0.955056569679792788E-17   -0.284805193206208169E+05    0.255445862534155950E+02    0.401055618323414791E+02    0.396655045392476380E+01
    0.558470155527965526E-16   -0.284841513520193112E+05    0.342675598455557022E+02    0.221607921741721725E+02    0.268627188683790585E+01
    0.323814200085893062E-15   -0.284877664596343639E+05    0.345358939114041874E+02    0.223928358647343266E+02    0.271426817188373448E+01
    0.368337180542288773E-15   -0.284881241173850867E+05    0.387566131031496539E+02    0.295963209477585067E+02    0.447913523918084788E+01
    0.899102260389243242E-15   -0.284900089133988949E+05    0.432983271488313903E+02    0.343803754329638451E+02    0.447735677507109298E+01
    0.860249163014162359E-15   -0.284900205639882479E+05    0.437526011842857230E+02    0.348087997315807200E+02    0.447717292710417958E+01
    0.242151549058272758E-14   -0.284921904175626551E+05    0.435601380807431156E+02    0.348033310226019523E+02    0.444150239326193663E+01
    0.575836740760723677E-14   -0.284940229383994774E+05    0.437693591966372608E+02    0.349423144809336463E+02    0.440874648794518009E+01
    0.184319081570527341E-13   -0.284964497970061748E+05    0.436431355398426035E+02    0.349373712087375026E+02    0.436026024076697993E+01
    0.208207568850870730E-13   -0.284967935312353220E+05    0.345952058307380454E+02    0.222516722415460926E+02    0.279144886615341248E+01
    0.239303898970838190E-13   -0.284971719287928136E+05    0.348827581908294277E+02    0.223385379530927253E+02    0.279495833061415144E+01
    0.140036935726007174E-12   -0.285008054428316245E+05    0.350718116350489879E+02    0.227751449726312138E+02    0.325848636217583199E+01
    0.180919671704264310E-12   -0.285014177366628064E+05    0.352991091787398830E+02    0.226428734523178541E+02    0.328344100539719674E+01
    0.187347644732490293E-12   -0.285015875623101238E+05    0.354683894386455236E+02    0.224616583220783284E+02    0.329127794116320915E+01
    0.231858130199136719E-12   -0.285021138817564824E+05    0.356351087305233492E+02    0.221577556317891720E+02    0.331967840266104597E+01
    0.236275995953973910E-12   -0.285022516315949797E+05    0.357929898487932547E+02    0.221966757668228638E+02    0.332867202093520254E+01
    0.267341627138077786E-12   -0.285025986850886184E+05    0.358121560868668638E+02    0.224534120402623181E+02    0.335732672157706480E+01
    0.259714916569247592E-12   -0.285026407995121990E+05    0.358193413199946562E+02    0.229673618729529991E+02    0.336185288814810290E+01
    0.513844435435897743E-11   -0.285087106417184623E+05    0.330785917436640062E+02    0.212782021352333501E+02    0.250051831594709073E+01
    0.246429488150013027E-10   -0.285119461225756095E+05    0.331139110709659548E+02    0.216211670950491914E+02    0.252202868755167664E+01
    0.880884592883011091E-10   -0.285145938240182732E+05    0.331571387066629484E+02    0.215720022648924541E+02    0.254021377440969953E+01
    0.887622626283091641E-10   -0.285147090641392751E+05    0.332221266891500235E+02    0.211316093764682869E+02    0.254101788784482086E+01
    0.311699358455332345E-09   -0.285173212192178544E+05    0.332502875929885775E+02    0.210344666496027166E+02    0.255954328704141032E+01
    0.350297992080628188E-09   -0.285176547093571098E+05    0.331725907010674774E+02    0.216786488164448130E+02    0.256195088790505432E+01
    0.496211758064712180E-09   -0.285184511464951283E+05    0.335564193581930894E+02    0.210075280020348494E+02    0.256774121382430653E+01
    0.518600610428017656E-09   -0.285186394090610811E+05    0.332404550622098824E+02    0.214505845464404565E+02    0.256911840788166224E+01
    0.975790456688101362E-09   -0.285200036366954264E+05    0.334860683635516310E+02    0.210419144895490078E+02    0.257919741520520285E+01
    0.247853066550528047E-08   -0.285219679833407172E+05    0.334826515884125797E+02    0.214949211227610526E+02    0.259402943479662484E+01
    0.236101761480784967E-08   -0.285219708369563305E+05    0.335379838968325572E+02    0.212047551552093552E+02    0.259405126390966201E+01
    0.256142352122658311E-08   -0.285222337778525471E+05    0.335467009985689728E+02    0.214372121879380657E+02    0.259606652696960838E+01
    0.300577536550147190E-08   -0.285226537226383589E+05    0.335523307190935540E+02    0.211442950051876863E+02    0.259930018888922776E+01
    0.317566259685049883E-08   -0.285228636841236839E+05    0.344491140579580772E+02    0.223488541529640514E+02    0.317114678276549844E+01
    0.410671429724882283E-08   -0.285234778980541523E+05    0.337412064418898083E+02    0.212670300787747202E+02    0.260570140531687677E+01
    0.410715465756681380E-08   -0.285235781125013600E+05    0.346377257571633592E+02    0.220853936624286824E+02    0.319535412958618847E+01
    0.428794852440382509E-08   -0.285237642683569502E+05    0.338159797308913568E+02    0.211102421939288973E+02    0.260794294120791470E+01
    0.460476083400186993E-08   -0.285240068329831047E+05    0.348095085906248798E+02    0.226694580376324133E+02    0.321194635358908842E+01
    0.449864009307532918E-08   -0.285240602018178288E+05    0.348378465976429581E+02    0.220466655387499628E+02    0.321415554923809532E+01
    0.431190100525970803E-08   -0.285240754092694588E+05    0.336374690088112800E+02    0.214259865664484899E+02    0.261038869125148310E+01
    0.441480165346786766E-08   -0.285242225773335886E+05    0.347238739379327228E+02    0.225539860172457800E+02    0.322111209749219363E+01
    0.471580056371186195E-08   -0.285244544889036806E+05    0.347745004331387335E+02    0.226230699523284571E+02    0.323176047105632724E+01
    0.621878029969445478E-08   -0.285251077991071506E+05    0.334371477107184916E+02    0.216761148091014988E+02    0.261858251613290927E+01
    0.125409930554573223E-07   -0.285266106569648873E+05    0.336037764941517878E+02    0.213216340910220730E+02    0.263073451845935402E+01
    0.144193188259365432E-07   -0.285269897893038906E+05    0.334119179489425093E+02    0.217044173071946211E+02    0.263384378190587976E+01
    0.158340052328798236E-07   -0.285272769712331647E+05    0.333992502598102661E+02    0.217210973438066937E+02    0.263621100846154910E+01
    0.184215904227105245E-07   -0.285276796982572305E+05    0.336370457299883370E+02    0.212964092716011102E+02    0.263954841970344889E+01
    0.175882801387515787E-07   -0.285276871170767517E+05    0.336895751907561447E+02    0.213376595252788270E+02    0.263961009671481728E+01
    0.243655497049016953E-07   -0.285284389919932837E+05    0.337277895427321326E+02    0.214946979642953373E+02    0.264589824699942300E+01
    0.595040228040744687E-07   -0.285303247393595375E+05    0.337783216975055893E+02    0.217470977916779482E+02    0.266200812122128694E+01
    0.636877275358800759E-07   -0.285305562629265914E+05    0.339465519978559556E+02    0.216863754798427877E+02    0.266402083881810325E+01
    0.480808605071826115E-01   -0.285578750686501226E+05    0.330936845594590068E+02    0.215163485360041555E+02    0.301223940323530082E+01
    0.430348840664746615E-01   -0.285579033223635051E+05    0.331505623612009046E+02    0.213211161424348390E+02    0.301287792155434175E+01
    0.421055546949454032E-01   -0.285581096596201460E+05    0.330890799938814908E+02    0.214403587658346488E+02    0.301759361629906575E+01
    0.551286073842573929E-01   -0.285588986378185873E+05    0.333893507683192823E+02    0.215012676893550747E+02    0.303656794297091137E+01
    0.576505233137633646E-01   -0.285592380989233861E+05    0.333756427035924403E+02    0.215123764693505706E+02    0.304525959380200373E+01
    0.560638011509770537E-01   -0.285594322809721525E+05    0.334324974856637098E+02    0.214555988366859012E+02    0.305039662183125282E+01
    0.535770215772170891E-01   -0.285595915408236615E+05    0.333076460024732413E+02    0.214814406969875904E+02    0.305470729990950618E+01
    0.506909589048195608E-01   -0.285597307954138741E+05    0.333752664580968030E+02    0.215306309881482818E+02    0.305855321369955391E+01
    0.545686810285298182E-01   -0.285601282204964591E+05    0.333619368339525906E+02    0.215232741308303339E+02    0.306996194682930978E+01
    0.488870882237912585E-01   -0.285601583269094044E+05    0.333778827629817556E+02    0.214419184999585930E+02    0.307085449237269215E+01
    0.444571640155930481E-01   -0.285602183525135370E+05    0.334142595648184866E+02    0.214968838464703502E+02    0.307264684311435499E+01
    0.409919370954570303E-01   -0.285603060510574942E+05    0.336002855553354181E+02    0.212549452875761666E+02    0.307529695437870698E+01
    0.367152749984075502E-01   -0.285603356860370986E+05    0.333296474653932506E+02    0.214733807830546901E+02    0.307620115444571729E+01
    0.329850196043117092E-01   -0.285603714072892108E+05    0.333625847148820753E+02    0.214748496641956059E+02    0.307729703351260619E+01
    0.295897957519177801E-01   -0.285604041594027476E+05    0.336484090011432073E+02    0.212926876587636187E+02    0.307830766589262250E+01
    0.270757044336510759E-01   -0.285604765738960050E+05    0.336714501297136479E+02    0.212928137546946807E+02    0.308056243154153142E+01
    0.243416543106272400E-01   -0.285605136783791750E+05    0.336053509835181501E+02    0.212637411453880176E+02    0.308172884428226723E+01
    0.234957971638057872E-01   -0.285606929433973055E+05    0.337572525974107975E+02    0.213412059953932669E+02    0.308747538193874060E+01
    0.210202371099205906E-01   -0.285607202715663625E+05    0.337211126414584470E+02    0.213149042363682852E+02    0.308836832116522109E+01
    0.216732397979145890E-01   -0.285610314568961949E+05    0.338584346151116691E+02    0.213482844026144996E+02    0.309888394209518747E+01
    0.191851673095719093E-01   -0.285610375751642096E+05    0.338848536399477709E+02    0.213344255652669652E+02    0.309909753320018799E+01
    0.175403184400779941E-01   -0.285611083045588966E+05    0.338029746500071440E+02    0.213445418822753439E+02    0.310158767976698435E+01
    0.155685827218525353E-01   -0.285611198101861592E+05    0.339093077027958643E+02    0.213800461911285531E+02    0.310199642408002285E+01
    0.140893775928304515E-01   -0.285611701425776882E+05    0.338791323518489946E+02    0.213894185648340951E+02    0.310379702961029125E+01
    0.126165562300060152E-01   -0.285611993201510631E+05    0.339307985593818344E+02    0.213723105473169674E+02    0.310485034776796542E+01
    0.112941076076263150E-01   -0.285612278625533072E+05    0.339703333627141362E+02    0.213858472312490342E+02    0.310588759517858648E+01
    0.102088328860387451E-01   -0.285612758069047304E+05    0.339569544229611893E+02    0.213831345791105747E+02    0.310764568803397934E+01
    0.918817118460315413E-02   -0.285613151341071352E+05    0.339174806979038550E+02    0.213917465353410812E+02    0.310910289878184987E+01
    0.973716816070823582E-02   -0.285614364065627815E+05    0.339645541180270385E+02    0.214065472286415890E+02    0.311368672141499969E+01
    0.975380641539997338E-02   -0.285614398211193329E+05    0.339191867345866314E+02    0.213954916409573386E+02    0.311381785287939028E+01
    0.966337133571262830E-02   -0.285614211910723170E+05    0.339509723325763133E+02    0.214115941544574788E+02    0.311310388130711946E+01
    0.102747262399638366E-01   -0.285615438801319578E+05    0.339633845850209752E+02    0.214135685868037839E+02    0.311787069131794947E+01
    0.100743589452689641E-01   -0.285615044928536227E+05    0.339461551889785085E+02    0.214060570499271243E+02    0.311632341628611087E+01
    0.947286671578361980E-02   -0.285613813690523057E+05    0.339681674337657213E+02    0.214053859484041062E+02    0.311158914133815134E+01
    0.953802677696839393E-02   -0.285613950791530697E+05    0.339157342183269392E+02    0.214003754365998340E+02    0.311210891785142785E+01
    0.944485369890999717E-02   -0.285613754459206102E+05    0.339688928902163880E+02    0.213997649547923423E+02    0.311136510565677904E+01
    0.147894345947939258E-04   -0.285414545071555622E+05    0.360113277918561607E+02    0.226367071415698291E+02    0.337628733299307715E+01
    0.136631595235861550E-04   -0.285414627539777721E+05    0.360539446259984686E+02    0.227174695501584765E+02    0.337696536824966254E+01
    0.139094792497996846E-04   -0.285416651555309327E+05    0.362020882773668404E+02    0.229466665519144755E+02    0.339604157348413871E+01
    0.128992667114635646E-04   -0.285416810219927065E+05    0.361456399883513910E+02    0.229995408938204164E+02    0.339780895498601865E+01
    0.119284977942773750E-04   -0.285416912083477109E+05    0.361535539079118848E+02    0.225308314709703232E+02    0.339897344566928394E+01
    0.110185992719239091E-04   -0.285416991837703536E+05    0.361502055345850124E+02    0.227692068046360419E+02    0.339990223319344853E+01
    0.105664500618218375E-04   -0.285417820488475954E+05    0.362613429315534006E+02    0.227755741143164663E+02    0.341070275454591165E+01
    0.982717981884962229E-05   -0.285418036517233377E+05    0.363287637602621842E+02    0.228999206915851943E+02    0.341398617568755158E+01
    0.906671101837346011E-05   -0.285418092335473921E+05    0.363499326883836744E+02    0.227178569860504282E+02    0.341487896155925919E+01
    0.835795622506563085E-05   -0.285418131089143935E+05    0.363180249401490443E+02    0.226564351425292116E+02    0.341551017367175858E+01
    0.770956328559676898E-05   -0.285418182708147688E+05    0.363875289468143066E+02    0.229285173951560921E+02    0.341636727713777955E+01
    0.712406728471648105E-05   -0.285418269720150383E+05    0.362911405369546571E+02    0.228574941996326544E+02    0.341785710210409155E+01
    0.660141229487215164E-05   -0.285418412482817730E+05    0.362612038597828175E+02    0.229298793313504383E+02    0.342044063682762234E+01
    0.608047027002842346E-05   -0.285418435118080779E+05    0.362645343467146546E+02    0.229265261637502356E+02    0.342086829342762755E+01
    0.560229819557119163E-05   -0.285418463682059228E+05    0.363750477473851532E+02    0.227992143523809325E+02    0.342141591261858125E+01
    0.517181370181724769E-05   -0.285418531279408089E+05    0.363942261809395546E+02    0.228548269815575864E+02    0.342274812590426958E+01
    0.476902038558688725E-05   -0.285418576295558378E+05    0.364478172003066803E+02    0.229208554633065553E+02    0.342366696562521389E+01
    0.440077220363375718E-05   -0.285418635744473868E+05    0.364248403541095129E+02    0.228129358902754724E+02    0.342492333780125380E+01
    0.405258216853018552E-05   -0.285418653895622119E+05    0.363589341288885066E+02    0.229865680489168369E+02    0.342531742226059999E+01
    0.373365078760629838E-05   -0.285418681207648406E+05    0.363772599587506775E+02    0.226719756375326718E+02    0.342592105242014711E+01
    0.346044230209085262E-05   -0.285418828072224314E+05    0.364421046851141668E+02    0.229657913695823694E+02    0.342940673695036402E+01
    0.318453546495400650E-05   -0.285418832939163658E+05    0.364106101977143908E+02    0.225168185700683168E+02    0.342953022214172476E+01
    0.293125785908388286E-05   -0.285418842109967081E+05    0.364333097707981821E+02    0.229272125863526988E+02    0.342976479059547801E+01
    0.270029710011348110E-05   -0.285418867380027550E+05    0.364568202647637349E+02    0.229315449581272404E+02    0.343042294593292496E+01
    0.249159121951754350E-05   -0.285418925241620636E+05    0.364055398190416639E+02    0.229485740837431749E+02    0.343200028277470626E+01
    0.229405853251629719E-05   -0.285418939927957435E+05    0.364422317451124727E+02    0.227795168317863812E+02    0.343241860662049936E+01
    0.211163116013074397E-05   -0.285418949358156897E+05    0.364373592409851454E+02    0.225798143692567947E+02    0.343269059961567224E+01
    0.194567982200314009E-05   -0.285418979039391124E+05    0.364482853715883550E+02    0.229373832206768711E+02    0.343357081909858719E+01
    0.179139161247192840E-05   -0.285418993332378959E+05    0.363874994127865321E+02    0.228430409768144429E+02    0.343400763175820467E+01
    0.164830111310221154E-05   -0.285418995046527998E+05    0.365386639417386618E+02    0.228793577250544722E+02    0.343406074651652560E+01
    0.151713404767206389E-05   -0.285419003271815927E+05    0.364456315397885362E+02    0.228312716396661095E+02    0.343431652133458876E+01
    0.153192072577765375E-05   -0.285419220399893711E+05    0.365233706632482722E+02    0.229516679499361764E+02    0.344288112681726011E+01
    0.151759463967834678E-05   -0.285419032485556199E+05    0.364738964996824606E+02    0.229922868005210965E+02    0.343525349586488060E+01
    0.151986426863335939E-05   -0.285419062374084024E+05    0.365732286065211909E+02    0.229844877914795624E+02    0.343625982191522628E+01
    0.152327213847000888E-05   -0.285419107168280607E+05    0.365189373356548543E+02    0.229803109735495994E+02    0.343787654400582809E+01
    0.152821786231112561E-05   -0.285419171998618185E+05    0.365584739615245411E+02    0.229606374938434108E+02    0.344053127285259608E+01
    0.153045602418255523E-05   -0.285419201268325960E+05    0.365281381852672951E+02    0.229609946502331752E+02    0.344190262634983579E+01
    0.151557030030585151E-05   -0.285419005789485091E+05    0.364064582777214909E+02    0.229508721377444864E+02    0.343439643039395914E+01
    0.152836770932382019E-05   -0.285419173959590771E+05    0.364553106537401632E+02    0.229375920829492088E+02    0.344061912157810879E+01
    0.151823124999917752E-05   -0.285419040873525119E+05    0.363959250811290786E+02    0.229429364924759085E+02    0.343553020364800288E+01
    0.151840987773848788E-05   -0.285419043226489885E+05    0.365665790892638185E+02    0.228603961776216273E+02    0.343560911980377215E+01
    0.151869980429666110E-05   -0.285419047044943472E+05    0.364741901339546359E+02    0.228619644289518860E+02    0.343573709913570102E+01
    0.151922105697764219E-05   -0.285419053908225433E+05    0.365568597487452251E+02    0.228593008103504367E+02    0.343596960950634767E+01
