    0.240578669692542960E-98   -0.344290040291264813E+04    0.109013421899879015E+01   -0.369675117973994119E-01    0.132030298689056105E-01    0.196203982958639334E+00    0.591176011699651340E+02    0.670575221374791197E-01    0.911817271307492376E+02    0.162859708247188184E+01
    0.275833520943860374E-98   -0.344320057028686642E+04    0.110039110892276315E+01    0.836566819963350111E-01   -0.963190923676518311E-02    0.263632239246389177E+00    0.578583965405418823E+02    0.493130143526292891E-02    0.957725066367163720E+02    0.986761781721429143E+00
    0.499723379674002207E-97   -0.344902092155138962E+04    0.109445008243823017E+01    0.223227848124005757E-01    0.370851644517068355E-01    0.448043390037211609E+00    0.633991580437869402E+02    0.280282837502484478E-02    0.925488788549103845E+02    0.144767349947601076E+01
    0.715802670471633521E-97   -0.344976628786685615E+04    0.109775395383311181E+01    0.483408997008666699E-01   -0.504684991349377832E-01    0.383568252708207935E+00    0.695181827028781925E+02    0.731931294075563454E-02    0.983279981315100144E+02    0.140721646204115980E+01
    0.203446876962520898E-95   -0.345648729569522038E+04    0.104537714908444990E+01    0.261451461300154057E-01   -0.458215681445170789E-01    0.490839408322268689E+00    0.676910387267010663E+02    0.777584537892861971E-01    0.133995067632406119E+03    0.155349157526770987E+01
    0.554864569860355002E-94   -0.346312577083140059E+04    0.104302934012631487E+01   -0.171163128296954806E-01    0.944580651925048219E-02    0.232962707319356033E+00    0.581175314047022056E+02    0.193790871993164485E-01    0.937419808293659003E+02    0.129198228527007108E+01
    0.240913322591453428E-92   -0.347066753749498093E+04    0.115897514668954149E+01    0.175083235478232339E-01    0.362947151927512299E-01    0.402596707332432524E+00    0.798050225501161208E+02    0.278705302848225381E-01    0.105652739756877764E+03    0.156747325183890118E+01
    0.279159358843402786E-92   -0.347098889533346664E+04    0.113985645415625658E+01   -0.955001770507615463E-02   -0.177411057360044450E-01    0.425952669999021094E+00    0.670337446134316366E+02    0.829986320556990870E-01    0.116644159986995817E+03    0.179987437409214635E+01
    0.142217200128367966E-89   -0.348348221789798845E+04    0.107195324154334171E+01   -0.611192746004011675E-01    0.738271544456836903E-01    0.323267221561136908E+00    0.614756204419511931E+02    0.838780793218486809E-01    0.706928268156168258E+02    0.135420617341861105E+01
    0.540092371015895263E-89   -0.348617765399467498E+04    0.107547076308697243E+01   -0.239715112420609555E-01   -0.593248951484980983E-01    0.451456076949289797E+00    0.629172111743669973E+02    0.933847992523005599E-02    0.999688528025217238E+02    0.184079572785946888E+01
    0.245397248522332112E-88   -0.348923176712259374E+04    0.108786266872448367E+01   -0.195280224690949772E-01   -0.574932707814300240E-01    0.191737866879574059E+00    0.717940136229163812E+02    0.917175938070319136E-01    0.904291944796273555E+02    0.161587154763784091E+01
    0.486320074628423636E-86   -0.349983675151503121E+04    0.108971144485577498E+01   -0.161144461412776399E-01   -0.825541500484135334E-02    0.277883632193515973E+00    0.623000236108167584E+02    0.104444147528878289E+00    0.616873957547910692E+02    0.155853438950630974E+01
    0.207178780131602202E-85   -0.350276201855919135E+04    0.117823609462330103E+01    0.217346832811818984E-01   -0.252132690461424405E-01    0.179574204499989287E+00    0.758327048457442601E+02    0.431275776196448565E-01    0.820355004883777497E+02    0.162402140264680295E+01
    0.943841259683441206E-84   -0.351042660721633001E+04    0.122250103041841185E+01    0.535984103791731781E-01    0.334711700635950404E-01    0.296937425648561293E+00    0.625342588227682796E+02    0.824105770952337363E-02    0.671546378968596258E+02    0.170263601393828345E+01
    0.105962706100062033E-82   -0.351528987267111370E+04    0.110644801016321126E+01    0.509170327998685786E-02   -0.296129292573785799E-01    0.254954276004278668E+00    0.655377853944078765E+02    0.548481493084270258E-01    0.855299677894805797E+02    0.196084384381802757E+01
    0.403559939590428264E-80   -0.352720135535553163E+04    0.119018240184792234E+01    0.203126366310317601E-01   -0.314987947275955152E-02    0.253130101528773632E+00    0.666860002623343320E+02    0.196877477629086445E-01    0.146916062319543613E+03    0.147998623588537126E+01
    0.151685934065598999E-78   -0.353448133666249669E+04    0.108064764027738081E+01   -0.591664086104733283E-01    0.590323448007008533E-01    0.392310451264360094E+00    0.631033972501120033E+02    0.494340553102717434E-01    0.109249747070194616E+03    0.171737657781254360E+01
    0.370005287309329370E-78   -0.353629141360026733E+04    0.120557514419567680E+01   -0.183554480278809232E-01   -0.703303559631148489E-01    0.234741669586810420E+00    0.679959631387102093E+02    0.165207338042830734E-01    0.957521026142963478E+02    0.175151755131731512E+01
    0.130533417955361042E-77   -0.353883947440233351E+04    0.116261825320073386E+01    0.639129576408403732E-01   -0.224023261899934031E-01    0.339562639492960450E+00    0.633478140029605044E+02    0.157839624895941277E-01    0.867142399567455442E+02    0.116795702392846734E+01
    0.284997337653065754E-77   -0.354042784220577960E+04    0.115893889133848105E+01   -0.174191311945000177E-01   -0.395703038362895110E-01    0.194850842629280374E+00    0.597312509491004775E+02    0.314425427774216795E-01    0.964096683786581394E+02    0.170256933679104860E+01
    0.186981659497863847E-76   -0.354421674045010695E+04    0.122643141673616984E+01   -0.133023969986501931E-01    0.354547384207687111E-01    0.286252600840776972E+00    0.710982789753345799E+02    0.341635769779228549E-01    0.987805791040850494E+02    0.218534724366342381E+01
    0.195002678648895708E-75   -0.354893258282403622E+04    0.116307335191011241E+01    0.635418393312387475E-01    0.244494193549224074E-01    0.356636051611496530E+00    0.780443862080842621E+02    0.274404796629748454E-01    0.103146108551316573E+03    0.153009297394388644E+01
    0.152209038642403851E-74   -0.355306890274698344E+04    0.114080974045985273E+01    0.231739766391649941E-01   -0.418725046918331546E-02    0.386612398363630649E+00    0.777854064731358648E+02    0.438326438703259963E-01    0.748674659021943398E+02    0.141338780346578408E+01
    0.441686704205469341E-74   -0.355522626138656778E+04    0.117684217152011916E+01    0.456148161893866130E-01   -0.448559027756401801E-01    0.363256653546605413E+00    0.626654593611652757E+02    0.713595037590970122E-02    0.888572300635761110E+02    0.168285863893110199E+01
    0.157078009113320300E-73   -0.355779038171631328E+04    0.111932187586728649E+01    0.233331732848939578E-01   -0.706181811880263882E-02    0.409225438959357313E+00    0.620803990624484854E+02    0.295945050009491228E-02    0.777206450915753635E+02    0.162225659039986336E+01
    0.193097713347167385E-73   -0.355822995596753390E+04    0.106300273994969352E+01   -0.283190551081552583E-01   -0.742567448460525192E-01    0.369737342623960297E+00    0.617432628720994643E+02    0.190283785214766729E-01    0.888786007807555194E+02    0.175706744255577130E+01
    0.302871422542158560E-73   -0.355915684667388996E+04    0.103975127963046088E+01    0.366665703003863849E-01   -0.709993384210732322E-02    0.343419707888762804E+00    0.624528731556275716E+02    0.595850658587255139E-01    0.885235548532572096E+02    0.168518530646252951E+01
    0.589305565341203443E-73   -0.356051478627732286E+04    0.120828402150885017E+01   -0.293852343544805626E-01    0.489991456965248665E-01    0.296990519659326657E+00    0.744002148394688732E+02    0.390580012985057914E-01    0.111719005985619290E+03    0.169963391391363539E+01
    0.116186766047847893E-72   -0.356189913135540337E+04    0.104373265631799383E+01    0.245675900940850907E-01   -0.102056457793723826E+00    0.398462114232095321E+00    0.653749818753388467E+02    0.820869321337632796E-01    0.120659294917884893E+03    0.141772336395077181E+01
    0.357480563785348379E-72   -0.356417356211231709E+04    0.106039187878283903E+01   -0.636721296680600149E-03   -0.575300500239310075E-02    0.329947810418394494E+00    0.633831672915562905E+02    0.508678750173759617E-01    0.861758106446986005E+02    0.139477739717019467E+01
    0.425480074913479558E-72   -0.356454850303064268E+04    0.118335259240791579E+01   -0.482890003141190002E-01   -0.331741696907770986E-01    0.181888333692974746E+00    0.675887735943930608E+02    0.380508717556887893E-01    0.827462958430384106E+02    0.156658532244064275E+01
    0.108122996147556278E-71   -0.356644044250907609E+04    0.116914337655871625E+01    0.744952166905009025E-02    0.566926605995602129E-01    0.198346190067156092E+00    0.630623642835014238E+02    0.359139199529089348E-01    0.611959225313730926E+02    0.150965523201589402E+01
    0.115922225749135710E-71   -0.356660640930818590E+04    0.106077580701089746E+01    0.387558857917912336E-01    0.217742020750887541E-01    0.151222712606750576E+00    0.666694210132965850E+02    0.337091075194596440E-01    0.633230752275550230E+02    0.137595464392365541E+01
    0.194708078504248629E-71   -0.356767023978488396E+04    0.114985116799825526E+01    0.496790983544469211E-01   -0.969137769827254775E-01    0.117965611646906554E+00    0.630877943223172153E+02    0.497685647647242851E-01    0.886431743164177561E+02    0.150380947930489950E+01
    0.732522381287643904E-71   -0.357034689143456126E+04    0.112718327958880105E+01    0.754976950686049586E-01    0.180931326076356896E-01    0.410608662963245330E+00    0.738595598529214641E+02    0.259121994433590686E-02    0.512939045831563618E+02    0.150401660047638552E+01
    0.181112222338325351E-70   -0.357218397420116162E+04    0.111466917334572835E+01   -0.187117643905856642E-02   -0.334250323556148574E-01    0.375952056613552577E+00    0.614903212327288742E+02    0.268201784826589754E-01    0.775318514465428166E+02    0.164905214264858491E+01
    0.275078963165976092E-70   -0.357304652355418693E+04    0.110636340340999939E+01    0.275192810035077631E-01    0.755499371957629468E-02    0.357253663411555678E+00    0.643095114076833028E+02    0.546461806646608705E-01    0.111646959219908638E+03    0.179089455050997559E+01
    0.373688211995926775E-70   -0.357368591741431010E+04    0.110780684576760491E+01    0.285995319672974115E-03    0.777613408467900530E-01    0.388720096192389342E+00    0.623215568777979456E+02    0.262122370826916168E-01    0.673540106930411469E+02    0.143464244672905927E+01
    0.736396967037375506E-70   -0.357506927915848064E+04    0.107729579979638679E+01    0.598727414517987652E-01    0.582057246686632362E-01    0.561968760816896062E+00    0.617612196574594634E+02    0.604950742192241833E-01    0.148438891606426438E+03    0.175015381174428297E+01
    0.115728791068412205E-69   -0.357600007624103819E+04    0.109785628315914785E+01    0.689575314080918544E-01   -0.466420026303682109E-01    0.316675242971928617E+00    0.663894827399745395E+02    0.773611797609103508E-02    0.904365186621727446E+02    0.136435472200546326E+01
    0.117819683030372037E-69   -0.357606255470797623E+04    0.118500607635715816E+01    0.412463076797575032E-01    0.192725167120179931E-01    0.153580840836570309E+00    0.588248299588270598E+02    0.602258346452819865E-02    0.638600002137063569E+02    0.182495975426193136E+01
    0.211169674024689119E-69   -0.357725623458828522E+04    0.117057409030690018E+01    0.182460871101357454E-01   -0.392336264966230350E-01    0.177019248753240710E+00    0.640489645229293956E+02    0.393297701506201552E-01    0.111978372941130232E+03    0.149994757906674558E+01
    0.497374110863350152E-68   -0.358360143249786597E+04    0.116019062721069766E+01    0.250443010119544458E-01   -0.111913484635710065E-01    0.426445736670392428E+00    0.714830247064659687E+02    0.630957493780327644E-01    0.121686414071529839E+03    0.153966687586718387E+01
    0.594655412347582692E-68   -0.358398537840009521E+04    0.115797223645984682E+01   -0.116422944011727661E-01    0.436449626289261497E-01    0.397737622769254673E+00    0.706889842870492089E+02    0.392631706249683826E-01    0.811554632872481534E+02    0.159193728464852313E+01
    0.643660069289134121E-68   -0.358417042235708050E+04    0.113214759221116568E+01    0.564867365440945637E-01   -0.511360419157982915E-02    0.241251524475120660E+00    0.698037564173000931E+02    0.419775439563630365E-01    0.694843061201067798E+02    0.166053222669001332E+01
    0.415644807076070565E-67   -0.358792757985447497E+04    0.106890874620067278E+01   -0.494691724795262161E-01    0.108864083808548964E-01    0.371457960399383058E+00    0.656618461309756611E+02    0.455372120143832521E-01    0.123567252983728295E+03    0.135773020650386833E+01
    0.510723290528201872E-67   -0.358836624026378831E+04    0.114997837106937384E+01    0.173474273782547872E-01   -0.325987628872758577E-03    0.314723710095510700E+00    0.754640252850640252E+02    0.184774442935604841E-01    0.103801264919056692E+03    0.182310631290801695E+01
    0.138014426440222154E-66   -0.359038113767923187E+04    0.112885259948517280E+01   -0.242423690157309440E-01   -0.846067586371373331E-01    0.391864815543730149E+00    0.704214662370711579E+02    0.603984403683762577E-02    0.717178267067002224E+02    0.151380336866352638E+01
    0.214333003966843261E-66   -0.359128814970540043E+04    0.118421965204055524E+01   -0.280780559761069776E-01   -0.274044087263662917E-01    0.268452375010252098E+00    0.715996882680683058E+02    0.160123828293950790E-01    0.874101405718623710E+02    0.144848464471738048E+01
    0.510938059007183819E-66   -0.359305225130954750E+04    0.101832516723530597E+01    0.225788124388010651E-01    0.139851187685317256E-01    0.304228964928464962E+00    0.599496234348777719E+02    0.490741056382917595E-01    0.109467135069413203E+03    0.139330863206012223E+01
    0.653826029812574457E-65   -0.359817727404020843E+04    0.121697329091318163E+01    0.152431127566824230E-01    0.504939713284065783E-01    0.304286351517805698E+00    0.649078196832451084E+02    0.395696398203413055E-01    0.104120318542411127E+03    0.195205924221141958E+01
    0.926295842074908556E-65   -0.359890064542866457E+04    0.105228851422742542E+01   -0.413196323312529437E-01   -0.610949016087595220E-01    0.246735087293106004E+00    0.640173434798705472E+02    0.506281798450156362E-01    0.861025021381490632E+02    0.149270169695771648E+01
    0.172717629049173954E-64   -0.360017341106426466E+04    0.117636543515524195E+01   -0.444390694637200045E-01   -0.632339521375710500E-03    0.366335554821569098E+00    0.689573994510844557E+02    0.250696454881804802E-01    0.967946306640170917E+02    0.175843101426795156E+01
    0.194107452763455309E-64   -0.360043358538488246E+04    0.116674507582162756E+01    0.138636871348371878E-01   -0.538754151156030370E-01    0.378160126472643132E+00    0.650228705975926999E+02    0.169430040766914355E-01    0.842720016819149436E+02    0.136399308517567031E+01
    0.463966606684774834E-64   -0.360220305344221379E+04    0.101974536071202615E+01    0.275769814545652088E-01   -0.743983637966232070E-01    0.393224475750345692E+00    0.614893369079402135E+02    0.397593692969701457E-01    0.120004631217163450E+03    0.163602820743938593E+01
    0.483731678065227545E-64   -0.360231315568396349E+04    0.102422769100345934E+01   -0.517022090026846622E-02    0.143327342240621054E-01    0.349886607469280853E+00    0.616377557589191483E+02    0.351572251662091578E-01    0.933164532864825276E+02    0.173402544416504778E+01
    0.531494721284701320E-64   -0.360252814814498015E+04    0.110837374243227038E+01   -0.182813374899846413E-01    0.318117627544883264E-01    0.240552405354614529E+00    0.704084477795271226E+02    0.114395205130805380E-01    0.128594327047169742E+03    0.196675070431681021E+01
    0.155417146336881453E-63   -0.360470082400290266E+04    0.115194553409829981E+01   -0.792633071957609819E-01   -0.226089457725860109E-01    0.168410991519105213E+00    0.602369153254693970E+02    0.568143442421712858E-01    0.835534141968777249E+02    0.186206874085475360E+01
    0.973020498083305149E-63   -0.360839607543000602E+04    0.100395418850511087E+01    0.231777140773240554E-01    0.209037830212346724E-01    0.359371883313552021E+00    0.600887845494208577E+02    0.189265132273696846E-01    0.714379460607340633E+02    0.120437892992748874E+01
    0.118125426256146424E-62   -0.360881059597360399E+04    0.110340363712049938E+01   -0.452865645111139858E-01   -0.263407103357843828E-01    0.379199804150108233E+00    0.656563141121022795E+02    0.384094906517429141E-01    0.966016037327401591E+02    0.138960520983229507E+01
    0.675429259128733941E-62   -0.361232446550801797E+04    0.111756975752484822E+01    0.163915077205847408E-01   -0.328545995438912983E-01    0.371764110188468999E+00    0.663030496637000510E+02    0.700958605426081766E-01    0.956536791410577507E+02    0.147288655914559929E+01
    0.101060617421366206E-61   -0.361315704652287241E+04    0.109356795076233837E+01    0.527681676814703571E-01   -0.340475017162019597E-01    0.232879683726363418E+00    0.597917470037906540E+02    0.673144207506262693E-01    0.679654203458787549E+02    0.147339874298031570E+01
    0.104772676606293799E-61   -0.361325585820791821E+04    0.115144024047405513E+01   -0.998217622212253623E-02    0.864231362088363486E-02    0.391157606219138698E+00    0.672808683311019280E+02    0.439800428024237355E-01    0.575599842027640349E+02    0.139879915339170546E+01
    0.534715748172954311E-61   -0.361654240942535580E+04    0.105075503033680850E+01    0.216541449764008354E-01   -0.477818490539076279E-02    0.260052612292803909E+00    0.624721366183404641E+02    0.214500149532313202E-01    0.855929116486468899E+02    0.152770119544616101E+01
    0.254518438208661393E-60   -0.361968952225450994E+04    0.114501126674977294E+01    0.229386052141611445E-01    0.355591723825364903E-02    0.356900456244386433E+00    0.790095788092404518E+02    0.507704475701065625E-01    0.916540707045885767E+02    0.138076983790928787E+01
    0.380805450894146691E-60   -0.362052201959120521E+04    0.111111784362515009E+01    0.514646826699434873E-01    0.305455338584778059E-01    0.394222717533975808E+00    0.721985915826287226E+02    0.201215696328184424E-01    0.686091369821311758E+02    0.116777211446672968E+01
    0.398138544046741047E-60   -0.362063770911425945E+04    0.115574449744345098E+01   -0.709910308871065932E-01    0.112355706619083409E-01    0.414192675666758769E+00    0.658870420743583338E+02    0.439709541333310749E-01    0.113229483549552157E+03    0.130059696869758001E+01
    0.570076006997297742E-60   -0.362138231508535955E+04    0.103294158886538678E+01   -0.638431726621097317E-01    0.564696548307953763E-02    0.403193111122269132E+00    0.612721060624749043E+02    0.479054033074090280E-01    0.104006005669015124E+03    0.172043541480891360E+01
    0.895671158514330425E-60   -0.362231258902697664E+04    0.101709386159490811E+01   -0.340236859342592096E-01   -0.548270524756600749E-01    0.252209533379805229E+00    0.608537264712701287E+02    0.779883332350601588E-01    0.101603857184517381E+03    0.137373957527797042E+01
    0.227710590328942284E-59   -0.362420543017357795E+04    0.115016068348735123E+01    0.856593610256101839E-01    0.343237821694310427E-01    0.311762541525538728E+00    0.734251832103697950E+02    0.274073736978957920E-01    0.916261180971955866E+02    0.152368733468887840E+01
    0.401291574791145801E-59   -0.362536532244077807E+04    0.108266948349397829E+01    0.537451634015095672E-01   -0.194057340852445623E-01    0.150915343083297349E+00    0.736998374905629419E+02    0.261532062625372402E-01    0.801999869307202715E+02    0.150443633909986985E+01
    0.459310674539203442E-59   -0.362566206620681442E+04    0.117473272843373167E+01    0.646232675698244115E-02   -0.446465479117596625E-01    0.343525659467258493E+00    0.739006393905371084E+02    0.398018231326818656E-01    0.931263569779806062E+02    0.146311374383158688E+01
    0.595888884768915501E-59   -0.362620938763904996E+04    0.111819062526604851E+01   -0.399968630263058608E-02    0.162883731479696796E-02    0.282121749348130113E+00    0.594753651138894028E+02    0.175183999294764511E-01    0.638089093813545034E+02    0.156542651076846884E+01
    0.962644048886473665E-59   -0.362719531330854079E+04    0.113876728461396892E+01   -0.555523020263573873E-04   -0.119945670945890851E-02    0.381289196465856794E+00    0.674285836240668033E+02    0.825319585399931777E-01    0.111320131881214607E+03    0.180270855501668903E+01
    0.999350913503072992E-59   -0.362729682450639302E+04    0.185247266292572021E+01   -0.245408629219286863E-01   -0.319619994466198293E-01    0.754767440510707877E+00    0.399410812730634674E+02    0.402116918778610000E-01    0.885681292730406113E+02    0.154740512691325827E+01
    0.253457165356006236E-58   -0.362918483906717120E+04    0.105652704277010212E+01   -0.143727839827681395E-01   -0.247605732958691253E-01    0.223869077345626777E+00    0.617252232078758141E+02    0.355784960670360445E-01    0.727712227376507172E+02    0.162732226462055718E+01
    0.291080063794009456E-58   -0.362948831278752368E+04    0.109030832590372562E+01   -0.259183171834202371E-01   -0.536196009323567993E-01    0.268892821187947662E+00    0.679061656788979207E+02    0.761221451002909999E-01    0.112323992792954087E+03    0.156671456527386255E+01
    0.928623076278626187E-58   -0.363183518858068510E+04    0.115655476133074409E+01    0.102727535439907734E-01   -0.126545769122218149E-02    0.429318034164560935E+00    0.687508851136673798E+02    0.738199229528773287E-01    0.108109651731378193E+03    0.117694284552083173E+01
    0.227905218873973109E-57   -0.363365747925322376E+04    0.101761388003104791E+01    0.699100439500306287E-01   -0.577346161781190220E-01    0.352343663125624096E+00    0.592818688547393933E+02    0.167814747426538943E-01    0.127061872928219501E+03    0.153176708077494372E+01
    0.790490479413689564E-57   -0.363617159347387678E+04    0.113033373271535376E+01   -0.232119877584420140E-01    0.514295744868985619E-01    0.238987269345803277E+00    0.607521591558316274E+02    0.516522757411795319E-01    0.872289070416612873E+02    0.163031978496065855E+01
    0.369882908174178759E-56   -0.363928449608319988E+04    0.103606972507856221E+01   -0.191550107319377674E-01    0.612878818012598664E-01    0.292908100414390526E+00    0.629780997063091661E+02    0.688684754138198102E-01    0.120792415204522683E+03    0.139030077236741278E+01
    0.150778846740327622E-55   -0.364212158829779582E+04    0.105157300149010502E+01    0.296747160904007913E-01   -0.100141369896276696E-01    0.368355209813460871E+00    0.584471210397410346E+02    0.539122893848837520E-02    0.765669145814401020E+02    0.155923055772417607E+01
    0.547262594781940319E-55   -0.364472648412183389E+04    0.109491793468048493E+01   -0.593291903609276944E-01    0.927700157633172817E-01    0.344294502659845680E+00    0.604183164174209324E+02    0.313073709790542276E-01    0.918018101034642768E+02    0.124982811672010241E+01
    0.120135410317025877E-54   -0.364632570252466667E+04    0.100537498347443077E+01   -0.248801975387460857E-01   -0.785209732626441365E-02    0.363397883419717183E+00    0.601864170790256239E+02    0.229277936791469107E-01    0.904859470637079681E+02    0.146776655799311273E+01
    0.155082791738176937E-54   -0.364686304836865202E+04    0.115745152552156028E+01   -0.592638373744522606E-01   -0.198772949162322049E-01    0.370851635015749193E+00    0.767042704783127931E+02    0.539002999651032183E-01    0.116519301622351719E+03    0.150324969781355677E+01
    0.221305016181965682E-54   -0.364760088063356488E+04    0.110794747257838644E+01   -0.208401504553171468E-01    0.447549086937502633E-02    0.306057586041480478E+00    0.632211720838692770E+02    0.683530014144652087E-01    0.874834274964602940E+02    0.170319381967717076E+01
    0.353665984236849912E-54   -0.364856516931357692E+04    0.115339431999554898E+01   -0.296213969901671301E-01    0.647333024639141080E-01    0.394886067852751432E+00    0.655649010668179528E+02    0.547894672789990128E-01    0.966428994826650865E+02    0.145836430491162039E+01
    0.143549146108015057E-53   -0.365139365524182358E+04    0.106947508798719282E+01    0.174934323585254799E-01    0.354838637063934620E-01    0.343881745595245147E+00    0.606843195482187028E+02    0.272059935141649029E-02    0.769125347480405708E+02    0.139844969249983464E+01
    0.718277366398117918E-53   -0.365464067858943508E+04    0.115179369958148570E+01   -0.274584937882877307E-01    0.434282569447521152E-01    0.259860498181251787E+00    0.740804481150117198E+02    0.730901912335470139E-01    0.729351959369000440E+02    0.165601032100818735E+01
    0.101169711366255883E-51   -0.365995757286533444E+04    0.101426305816925555E+01   -0.263583962483669131E-01    0.109583609032931246E-01    0.190729954388329292E+00    0.614089179830428833E+02    0.703815665320978168E-01    0.615619539746629982E+02    0.153656528975176720E+01
    0.184441372848288869E-51   -0.366118530399877636E+04    0.109224934378101279E+01   -0.132794616704870923E-01   -0.218017672534489212E-01    0.348204954387382526E+00    0.668982443345968392E+02    0.755513281365843281E-01    0.115977273465441698E+03    0.153540626318255713E+01
    0.492625292521437651E-51   -0.366317680502278927E+04    0.109186200375037146E+01    0.682988254972834441E-01    0.369395450549153247E-02    0.271387537716736127E+00    0.643786562927054717E+02    0.295539234971953536E-01    0.978527147290132007E+02    0.140339893029806295E+01
    0.491806548335536378E-51   -0.366320014492028531E+04    0.107701803063527124E+01   -0.976395823771279182E-02    0.983026852820179514E-01    0.201933916448993223E+00    0.643327759779782298E+02    0.380647729962423145E-01    0.513495247688983198E+02    0.169307462245562368E+01
    0.778061734922483144E-51   -0.366414425244115046E+04    0.110523688832390676E+01   -0.112069487942828162E-01    0.344505772507058272E-01    0.429413719512960368E+00    0.624195373300623260E+02    0.121812530054381946E-01    0.918069455668303078E+02    0.131779108347927187E+01
    0.211975562869856565E-50   -0.366617541954723674E+04    0.102160153697465428E+01   -0.127231053811141630E-01   -0.348236690652527006E-01    0.250931221512934122E+00    0.614232820622059421E+02    0.585024583234406079E-01    0.836242672291975424E+02    0.169004867314617124E+01
    0.458872064577302541E-50   -0.366774668710640708E+04    0.104825807444526276E+01    0.167551498657361395E-01   -0.616529503411228086E-01    0.231943199059245431E+00    0.605756259634173375E+02    0.638308648272403745E-01    0.678483066317405985E+02    0.183893995797713106E+01
    0.104015698740735277E-49   -0.366941006474382539E+04    0.118295529476630068E+01   -0.846324214975314459E-01   -0.218631920305169744E-01    0.273682505585544023E+00    0.702348704929413969E+02    0.103253313453712997E+00    0.852178677925470680E+02    0.152005957764574440E+01
    0.155995164720625193E-49   -0.367024729775890955E+04    0.102813524173333115E+01    0.359074760792983325E-01   -0.497098010905463253E-01    0.238318700868902111E+00    0.620452239913919286E+02    0.389754398444278477E-01    0.105651324445694968E+03    0.156426785872232976E+01
    0.612811522977953658E-49   -0.367301042924692865E+04    0.116155069589322935E+01   -0.105345374054640999E-01    0.826983295372311911E-02    0.192150428511197569E+00    0.623398996364852422E+02    0.376681893815153865E-01    0.996937672996310198E+02    0.215990834089010830E+01
    0.799467008127382740E-49   -0.367356887160104725E+04    0.117028074689229067E+01   -0.371442801663369598E-01    0.204910425813249510E-01    0.315601433351711369E+00    0.620453227128617470E+02    0.515297901971642699E-01    0.140999518744457504E+03    0.215416153885820405E+01
    0.169646559568949776E-48   -0.367510025234500608E+04    0.115923278575096167E+01    0.486457574401011270E-01   -0.426755323351049459E-01    0.261840248119518837E+00    0.763147172190125218E+02    0.553369770285361967E-02    0.110821237131732985E+03    0.169762778313268892E+01
    0.238564874841596053E-48   -0.367580876715929571E+04    0.110557023752801831E+01   -0.598378910296066616E-01    0.273955749262219279E-01    0.187756210938189283E+00    0.624038600875057057E+02    0.112369885035041889E+00    0.830627102013118304E+02    0.174080445325793054E+01
    0.329067839031831406E-48   -0.367647867910980312E+04    0.107865521184236601E+01   -0.161364614428140436E-01   -0.435147556934382188E-01    0.356576770457415149E+00    0.608087807217913721E+02    0.270835755360536307E-01    0.994208569072400934E+02    0.158948801378499449E+01
    0.392273476618034604E-48   -0.367685673640408731E+04    0.116052938945874917E+01    0.918580920909688042E-01   -0.204988604324782692E-01    0.352339176591759118E+00    0.714686740816299704E+02    0.349777533976078359E-01    0.112844984302324832E+03    0.139203102496344333E+01
    0.586212969413452437E-48   -0.367768685089395876E+04    0.101576950726992465E+01    0.437194765652492781E-01   -0.503906311432499518E-01    0.435145062857558274E+00    0.599888446094292220E+02    0.447871976129580185E-01    0.951229798757776592E+02    0.137661817049582047E+01
    0.593937055313097094E-48   -0.367773969794797631E+04    0.114960074794595801E+01    0.674001938039185816E-01   -0.390705017772054602E-01    0.344543983886382632E+00    0.681224918395172381E+02    0.277150007076170796E-01    0.114021108676290794E+03    0.173863623510069143E+01
    0.728863658136731972E-48   -0.367817579129940350E+04    0.109944904750156103E+01    0.187349605522161775E-01   -0.717046145456015915E-01    0.277230591372532975E+00    0.651961772801358990E+02    0.150967996885181810E-02    0.913187975772423925E+02    0.157508120329852663E+01
    0.142640149229308195E-47   -0.367954530481427446E+04    0.113438192592098552E+01   -0.165926534086751698E-02   -0.532121060869955795E-01    0.390256009742633136E+00    0.626448203040808522E+02    0.365865332269528776E-01    0.894418678953601187E+02    0.140165618061527941E+01
    0.164072639109941296E-47   -0.367985193994377278E+04    0.120909498980594665E+01   -0.447569537584101840E-01   -0.258151473080758323E-01    0.269504492568731213E+00    0.708221939577409643E+02    0.127025784247925627E+00    0.970603508198841496E+02    0.182082183904790851E+01
    0.167332571121752091E-47   -0.367991795466003623E+04    0.108309981042255554E+01   -0.231958065081299264E-01   -0.165429378256776519E-01    0.180431844373261430E+00    0.606927993340302692E+02    0.106648648019437048E+00    0.812379064948498808E+02    0.150971647788928420E+01
    0.246895761741520166E-47   -0.368072258723540108E+04    0.112432216852488365E+01   -0.311111677618295945E-01   -0.195690586438462544E-01    0.251992517098803659E+00    0.611065914436985906E+02    0.147648070422969069E-01    0.101589951839671912E+03    0.126676462411036606E+01
    0.251446920971676580E-47   -0.368078578527634454E+04    0.110047745774085759E+01   -0.120664322322426548E+00    0.150534236192428859E-01    0.416183955659852778E+00    0.616649034656961916E+02    0.364897645391995401E-01    0.952687124785465755E+02    0.109635701841551825E+01
    0.424908067618997218E-47   -0.368186173377619070E+04    0.103567941195372848E+01   -0.149517463246703914E-01   -0.264588739693531645E-01    0.226357484542626997E+00    0.613674509998635003E+02    0.454592149119949634E-01    0.846253199364218887E+02    0.133918511610349000E+01
    0.126779043492198074E-46   -0.368407471647316470E+04    0.116410835094190590E+01   -0.466669677826740820E-01   -0.104797461164640171E-01    0.361135422674566164E+00    0.682614096466343057E+02    0.821497627324108970E-01    0.968233741511538568E+02    0.158835727483363232E+01
    0.167713835043897276E-46   -0.368466100995582474E+04    0.117101489639234724E+01   -0.298898661759529997E-01    0.219228830454659407E-01    0.375380576743814920E+00    0.666171131315833520E+02    0.585386627764848053E-01    0.116255505987329485E+03    0.180331765898917862E+01
    0.251786565422793851E-46   -0.368550032182615269E+04    0.113850704663268743E+01   -0.152749962166906367E-01   -0.682499166496776527E-01    0.215281588221976350E+00    0.762160886694751412E+02    0.343111502282732184E-01    0.999520890652133716E+02    0.125037765471798856E+01
    0.302551767712961335E-46   -0.368589432975229283E+04    0.109026348053082112E+01   -0.590510132131711191E-01    0.290127790297938608E-01    0.378802550316783782E+00    0.646436560101724496E+02    0.102234855207141470E+00    0.959440979167385848E+02    0.119413299044514654E+01
    0.470523356081803531E-46   -0.368680418282497976E+04    0.111957210543014662E+01    0.339125726891399970E-01   -0.563233497419504420E-02    0.289713613759785216E+00    0.712119664854812697E+02    0.151976010819009702E-01    0.741894834757414543E+02    0.139504627908953793E+01
    0.914016753889907080E-46   -0.368815885609725956E+04    0.115471208272905357E+01   -0.311512956120143618E-01    0.246418972769018689E-01    0.302097733130724688E+00    0.688776599974735859E+02    0.401571731158999537E-01    0.638527395567639928E+02    0.118282778030317992E+01
    0.131375659226161324E-45   -0.368891111684091356E+04    0.110777755003399103E+01    0.191680652075513595E-01    0.772202228160994986E-01    0.327919495208323974E+00    0.653460324927359864E+02    0.374721927909355684E-01    0.478254617799276005E+02    0.121912196244194027E+01
    0.186435794525705835E-44   -0.369424300582847263E+04    0.109768984592093033E+01   -0.593404109596661847E-02    0.717314678767180941E-01    0.173170179646722877E+00    0.595958238407284426E+02    0.468095755374481198E-01    0.807488984119497673E+02    0.190073270243438897E+01
    0.665157613873558679E-44   -0.369681354671790541E+04    0.113898539415564981E+01    0.641924377243922439E-02    0.248934913370224293E-02    0.358228434075084035E+00    0.661339616160863670E+02    0.653056884321365494E-01    0.947928851904958236E+02    0.136267151605409187E+01
    0.102295655223664852E-43   -0.369770106992097499E+04    0.115790411151132822E+01    0.475130763150703808E-01    0.275623543667339217E-01    0.294150137181637406E+00    0.709911662683685165E+02    0.263163562485576215E-01    0.581536119914694467E+02    0.129464441710653810E+01
    0.249179502475774587E-43   -0.369950834924583978E+04    0.113335827342952400E+01   -0.515343268189635221E-02    0.499389307493527460E-01    0.285327169575945117E+00    0.684036861268932057E+02    0.184661569254738686E-01    0.894479628227196031E+02    0.162437371008011699E+01
    0.388341544432728781E-43   -0.370042243929520100E+04    0.113473241412712844E+01   -0.189298159666173062E-01   -0.597932051040237569E-01    0.313748272627338010E+00    0.617238455959685695E+02    0.209112741187230528E-01    0.877015813002445555E+02    0.190769217216572873E+01
    0.514042132824946826E-43   -0.370100994598387206E+04    0.115635150008129406E+01    0.747198417433396055E-02    0.876664361796164124E-02    0.281729719979086579E+00    0.636938354161988656E+02    0.410143263506924233E-02    0.935484993919228742E+02    0.146781195736968306E+01
    0.189979437479034479E-42   -0.370365100405640078E+04    0.111483279048086126E+01    0.334042914358901391E-01   -0.633588181040714987E-01    0.333673508282535836E+00    0.604452481106046804E+02    0.232953313972828167E-01    0.875125546174250530E+02    0.143870515179875347E+01
    0.541205219709579528E-42   -0.370577143611994143E+04    0.114868253193652325E+01    0.121076062042437968E+00    0.287599964555282500E-01    0.357958506308432844E+00    0.675522066121395994E+02    0.509115493197709532E-01    0.923338315531471636E+02    0.150874466220673620E+01
    0.108374788363894210E-41   -0.370718686685527518E+04    0.118203226526956184E+01   -0.278203965928580516E-01    0.432861508401360742E-01    0.343192354310329351E+00    0.674343613615424857E+02    0.280456795384166138E-01    0.973104797751243780E+02    0.178943613230771836E+01
    0.222725186906920325E-41   -0.370865421988894832E+04    0.112376620202383504E+01   -0.564486530894741725E-01    0.572631928776008714E-01    0.196564961957335749E+00    0.645003582293618649E+02    0.595583023644258719E-01    0.863423821204800106E+02    0.120724939484598948E+01
    0.251107401671065635E-41   -0.370892077070946652E+04    0.101367242179956163E+01    0.225582506012378843E-01   -0.785569616774021116E-02    0.424499740563908490E+00    0.618887563331317949E+02    0.529371217133952007E-01    0.114714323193839675E+03    0.836735023891760465E+00
    0.808538456218519411E-41   -0.371128613237626814E+04    0.120280686593917530E+01   -0.236872723827871064E-01   -0.205010907528246945E-01    0.277010794764885659E+00    0.705006140573793090E+02    0.452397936750437157E-01    0.873707466041398533E+02    0.175011170691646156E+01
    0.112480985015346967E-40   -0.371197308111390430E+04    0.102683194878209361E+01   -0.670816545716492463E-01   -0.267077904629560922E-01    0.218075253660325985E+00    0.601735190966703115E+02    0.759513710700430583E-01    0.140950756283865957E+03    0.171585983349136351E+01
    0.139718999915008042E-40   -0.371243344593429174E+04    0.114536862955327123E+01   -0.168383068754466049E-01    0.280405732128993536E-01    0.349704239480971069E+00    0.730994402799321108E+02    0.575930131976339493E-01    0.100086637633615211E+03    0.144461830390155965E+01
    0.320044479937702127E-40   -0.371411776604857096E+04    0.114331035685310423E+01    0.342226670878491221E-01   -0.349834120787600386E-01    0.327435222035857953E+00    0.659152087435371357E+02    0.220932800276200519E-01    0.744721928984252202E+02    0.110278724575446052E+01
    0.412036865133790410E-40   -0.371464973839101185E+04    0.107998144632114457E+01   -0.646962399935212089E-02   -0.204271525754463681E-01    0.348507653453064392E+00    0.615618207127269983E+02    0.227176455171848382E-01    0.115651102935896603E+03    0.133937684671894797E+01
    0.431871986438785410E-40   -0.371477043784330999E+04    0.115801665804954124E+01    0.799643280366917758E-01    0.322846961539033639E-01    0.157561929468968964E+00    0.682132116164299021E+02    0.526659419552732849E-01    0.830861495481673558E+02    0.175111810267548140E+01
    0.468954389604825820E-40   -0.371496185710350710E+04    0.108346367103416630E+01   -0.106180113714540864E+00   -0.167628754463394550E-01    0.162049996388214934E+00    0.607813829455781729E+02    0.648317095864058973E-01    0.841981867785952147E+02    0.153014301782283524E+01
    0.543135561251198527E-40   -0.371528223062570305E+04    0.116224105759469909E+01    0.236794600925702182E-01   -0.647819980419752917E-01    0.315604637896829798E+00    0.649221873009968107E+02    0.381775328184401214E-01    0.902769542191046099E+02    0.127312415032151427E+01
    0.650443214788312103E-40   -0.371566948740888074E+04    0.114818206493141872E+01   -0.310499920138464745E-01   -0.715211967422964279E-01    0.226376450515334782E+00    0.650164056373148895E+02    0.483075637524762597E-01    0.857949569438148245E+02    0.142175321844315228E+01
    0.116688492907487505E-39   -0.371686503212344360E+04    0.113748257605290370E+01   -0.421728620789995137E-01   -0.611121050731271570E-01    0.308070814882218602E+00    0.667672636098543819E+02    0.270011559152345711E-01    0.870456950404818741E+02    0.106309408353024493E+01
    0.143266114963518975E-39   -0.371730209061864662E+04    0.111427435156548649E+01   -0.503318508257078259E-01   -0.437188756176400545E-01    0.353099521771764013E+00    0.640888910050616403E+02    0.662036002529114015E-01    0.958587802436790923E+02    0.139589135569474942E+01
    0.326578196687499097E-39   -0.371897668843571228E+04    0.115371625318350368E+01   -0.165690142876942746E-01   -0.233289315196049431E-01    0.241522928920397673E+00    0.692226845341959773E+02    0.393531110866272849E-02    0.776119240641103829E+02    0.167191624025434948E+01
    0.961994851090862964E-39   -0.372116403445938977E+04    0.112626937943797678E+01   -0.500305939368408392E-01    0.323945621306548151E-01    0.287356272608559171E+00    0.652236515485224260E+02    0.796556567532009097E-01    0.115887244153631741E+03    0.124431293434060342E+01
    0.100284069184374228E-38   -0.372127386681671760E+04    0.105582668083557318E+01   -0.997077486723604578E-01    0.741039064843571158E-02    0.353338685381046957E+00    0.593296189420643145E+02    0.722827604142741581E-02    0.808128609189873828E+02    0.130335208104577216E+01
    0.119750219244235073E-38   -0.372165533591627900E+04    0.114053192844127049E+01   -0.518803912375193008E-01   -0.419254273199591923E-01    0.340386185959654586E+00    0.673753640132942877E+02    0.716859504802002945E-01    0.103784631862769018E+03    0.152544801127956564E+01
    0.436022077861166396E-38   -0.372426657220739435E+04    0.108812288276193470E+01   -0.336501403636238205E-01    0.571446799713415318E-01    0.275094367461553246E+00    0.641529413663150336E+02    0.102463010651368744E-01    0.120266746616559331E+03    0.130827093380470916E+01
    0.101696910838569056E-37   -0.372598701715603875E+04    0.112421622329258741E+01    0.387953760749608773E-01    0.196175031621569004E-01    0.353956097466456177E+00    0.763012567424861459E+02    0.649936726448092222E-02    0.690412206089690272E+02    0.132824542169372339E+01
    0.136295174933734898E-37   -0.372659933584346254E+04    0.116588676362057586E+01    0.409861636097784334E-02    0.426025965140951202E-02    0.311962642794612832E+00    0.719506132984439120E+02    0.290904468096849014E-01    0.750325014951448708E+02    0.179385872122384993E+01
    0.266169180480669766E-37   -0.372796462088156295E+04    0.113618756141136390E+01    0.522497473312262262E-01   -0.692611793904626266E-01    0.266695345282060736E+00    0.721889626507166042E+02    0.483196149782479378E-01    0.111315790311535466E+03    0.144205985256731162E+01
    0.289693547833030760E-37   -0.372816067056659449E+04    0.106959073854141451E+01   -0.322566320859704880E-01    0.418904691100425303E-01    0.294683960770225517E+00    0.607765571183509579E+02    0.498608403472722977E-01    0.907206570594556467E+02    0.181418222247641570E+01
    0.464558136037602175E-37   -0.372913186338546529E+04    0.104000052023914669E+01    0.100124167346526396E-02   -0.345513091935897021E-01    0.130915611873163695E+00    0.618007077908134264E+02    0.771765208571507794E-01    0.741997319968797342E+02    0.131258017356979417E+01
    0.748961860875384074E-37   -0.373011373275897859E+04    0.114228280169725416E+01   -0.142876992399674722E-01    0.149043248833955061E-01    0.419923323699440132E+00    0.683783757198835218E+02    0.126118641339965573E-01    0.118665285563006748E+03    0.163512098301430564E+01
    0.116452336684923982E-36   -0.373102315761155569E+04    0.103926495114096462E+01   -0.187684259936906281E-01   -0.519153727060867876E-01    0.193045729865556681E+00    0.634678210519231953E+02    0.798669396402251347E-01    0.100017449892367210E+03    0.123775441603185432E+01
    0.727230018521900328E-36   -0.373471334579719132E+04    0.116697892893623978E+01    0.427321659336207249E-01    0.248522525256399673E-01    0.278997383347995065E+00    0.693835294008298149E+02    0.657322862953363396E-03    0.824230326803661910E+02    0.178185687199394827E+01
    0.115536858905780675E-35   -0.373566587621418785E+04    0.109769024159787110E+01   -0.518869756086492648E-01   -0.419863979952396563E-01    0.316657380441886238E+00    0.613421379347049935E+02    0.388031161482758069E-01    0.974006316610536942E+02    0.170733020478087116E+01
    0.147955449116338401E-35   -0.373618718609122789E+04    0.114330942646145628E+01    0.682674355595581650E-01    0.377200749990452919E-02    0.322173745740728656E+00    0.701131513327762121E+02    0.201089294539863184E-01    0.778199172214381321E+02    0.144815718792385906E+01
    0.246697958187928743E-35   -0.373723635983397162E+04    0.103547126342413720E+01   -0.743705115773945769E-01   -0.116313182578182874E-01    0.187536808463876770E+00    0.612528835985513709E+02    0.688196180652679151E-01    0.132885997553591920E+03    0.140754140433260466E+01
    0.366268378989875263E-35   -0.373805342968786135E+04    0.113856491838632201E+01   -0.423120071679464888E-01    0.532475006896418294E-02    0.185946249800831798E+00    0.644938889647539213E+02    0.717001600320822385E-01    0.789621010803883934E+02    0.154728643862395732E+01
    0.547583952534244980E-35   -0.373888439524909427E+04    0.105405906976306207E+01   -0.158532708322852607E-01   -0.363203626373659397E-01    0.126404258844334372E+00    0.598786065152750950E+02    0.382102904819034001E-01    0.937709588912055239E+02    0.177300350912366378E+01
    0.639875465644243064E-35   -0.373922257748494303E+04    0.114398792182539721E+01   -0.359031915314385261E-01   -0.879431918498991827E-01    0.240503139441254732E+00    0.658738359909518607E+02    0.132143315890385249E+00    0.686959790763950195E+02    0.130078804956188887E+01
    0.751439919434345186E-35   -0.373957067952357465E+04    0.110965873641362878E+01   -0.549436954245627607E-01    0.177368296951910948E-01    0.115956241960774031E+00    0.612706672537189974E+02    0.726536459988791905E-01    0.499863996653309997E+02    0.162458363514523230E+01
    0.183720955411984559E-34   -0.374138536997891515E+04    0.105343929692454719E+01   -0.413961109404690844E-01   -0.934571082552286686E-01    0.326819162378464645E+00    0.634802387906155303E+02    0.878670620471160846E-01    0.106173644915633602E+03    0.101946231008019783E+01
    0.186929672127292367E-34   -0.374144666544842585E+04    0.109946649234865390E+01   -0.100957952283332222E+00    0.124425494606823089E-01    0.793087481788042892E-01    0.630270441855315795E+02    0.127659131105510665E+00    0.722612163861308829E+02    0.164680973854287993E+01
    0.185612291066932753E-34   -0.374145918727578101E+04    0.108823491837794872E+01   -0.547148620115513046E-01   -0.346214864771728290E-01    0.148747692733032566E+00    0.609895386366711136E+02    0.600654127366114093E-01    0.668005876655495996E+02    0.156170874056348574E+01
    0.273844952947362615E-34   -0.374226365802142755E+04    0.111309475693847015E+01    0.185572902023805088E-01   -0.751243009901853276E-01    0.287155795607904107E+00    0.622897976179935569E+02    0.711024132055584485E-01    0.870373943392210663E+02    0.155088069595730071E+01
    0.987654374221212024E-34   -0.374485586615171906E+04    0.110373835533401010E+01   -0.313110064508003785E-01   -0.321321415493249565E-01    0.236269526395014751E+00    0.615262825607697792E+02    0.965265311391432929E-01    0.836527721823165109E+02    0.186187305187639129E+01
    0.102476497640177641E-33   -0.374495630434055238E+04    0.107502716214486438E+01   -0.486825595097045635E-01   -0.135759435691141066E-01    0.357771995836649481E+00    0.616249707369004511E+02    0.461176001664609786E-01    0.105828625919553943E+03    0.122661055953776676E+01
    0.118108847390297005E-33   -0.374526691731486426E+04    0.112589907827600166E+01    0.242944431743152521E-01    0.359494815679526555E-01    0.413944546483710540E+00    0.700419284742069976E+02    0.609099864180166761E-03    0.825210332095263084E+02    0.130954181071551345E+01
    0.148371262586515549E-33   -0.374574980603922631E+04    0.114220373361424565E+01   -0.468202490701951704E-01    0.687049385981461282E-02    0.310844074430978834E+00    0.620418274631574178E+02    0.201277005337815000E-01    0.899909476348723985E+02    0.178109320370102608E+01
    0.493098891090747124E-33   -0.374817845686735836E+04    0.116216963275716756E+01    0.528704987914631955E-01   -0.116678780309285354E-01    0.337542356158016532E+00    0.680189986125752455E+02    0.238092544267617563E-01    0.869804850265041125E+02    0.163686223267848807E+01
    0.517350810889120805E-33   -0.374830114643615434E+04    0.113091306685525339E+01    0.319071955356127479E-01   -0.539304908080357956E-01    0.393078203794671066E+00    0.644671990739986143E+02    0.139456034870701420E-01    0.942500289371800619E+02    0.137880014563789510E+01
    0.121703218955891015E-32   -0.375003871179706766E+04    0.113223550230722148E+01    0.394053857248074547E-02    0.978034400950684030E-01    0.387845256477445277E+00    0.725329393178974868E+02    0.153738223754540590E-01    0.129472680240820011E+03    0.137947609205718513E+01
    0.172824736188698221E-32   -0.375076676355532709E+04    0.115151064435814066E+01    0.234308911644509517E-01   -0.103910037752257120E-02    0.403483014743601265E+00    0.677228992894863211E+02    0.394269766925384527E-01    0.114030956312525703E+03    0.145806427159632834E+01
    0.237455997219094745E-32   -0.375142883889414770E+04    0.111773173488530286E+01    0.199198834653208194E-01   -0.281257801467814615E-01    0.438795858834319374E+00    0.650532892125112880E+02    0.720587644344803518E-02    0.115397967370903672E+03    0.131286118366037208E+01
    0.250412239482957151E-32   -0.375156175793344119E+04    0.115146033467188058E+01   -0.326746877929816326E-01    0.634155772647119614E-01    0.325896529602849427E+00    0.633813246968511095E+02    0.297490957820638509E-01    0.597309179436372943E+02    0.167627332750644431E+01
    0.605510996523043268E-32   -0.375335435301237703E+04    0.116292672315763745E+01    0.693688231613383416E-01    0.362941694846694446E-01    0.258187459882830483E+00    0.677689533106218960E+02    0.431153833539793530E-01    0.788561694109345694E+02    0.172037515520861639E+01
    0.103184993341881973E-31   -0.375444709127549140E+04    0.107230962741842473E+01   -0.132926335213250785E+00   -0.370626108298814372E-01    0.358193756270735963E+00    0.598722951187698555E+02    0.163510682966574103E-01    0.929867069209573600E+02    0.144406188355408172E+01
    0.114203407674198588E-31   -0.375467667335652914E+04    0.115386735097381177E+01   -0.794582534770938050E-02    0.363192692310078946E-01    0.280268852343523001E+00    0.659522917272753801E+02    0.655396232404225065E-01    0.102078661974994873E+03    0.142971737986576297E+01
    0.135988259833490017E-31   -0.375505251486509678E+04    0.110599531156569819E+01   -0.134129466216724655E-01   -0.938359651609654843E-04    0.293319364140805061E+00    0.640401312846404664E+02    0.413367540674784428E-01    0.927709300579486040E+02    0.145526755353836346E+01
    0.269913278066524690E-31   -0.375645024584736893E+04    0.113912882146240491E+01    0.122948477999602571E-01   -0.462788760880710748E-01    0.233152274680623550E+00    0.614457269864128790E+02    0.233989705174031636E-01    0.746199353331042943E+02    0.183248592480924621E+01
    0.287390636997432579E-31   -0.375660239587355227E+04    0.114733159560344644E+01    0.689707508519802476E-01    0.202433348091967009E-01    0.345776043379414977E+00    0.641519310766927333E+02    0.389780891309200045E-01    0.963300965574318013E+02    0.135586547933076562E+01
    0.361170934604329809E-31   -0.375708608044923403E+04    0.104206205513847916E+01   -0.556120980233827736E-01    0.274741642256751163E-01    0.148739580005504024E+00    0.618146940165379419E+02    0.753490199919166631E-01    0.124785521495281358E+03    0.160846434862241727E+01
    0.604234440307203529E-31   -0.375814196895491023E+04    0.105141357044278716E+01   -0.139076030507806273E-01    0.386972468621622698E-01    0.259923982919884888E+00    0.597536830237695682E+02    0.164807624852827267E-01    0.753479874555920901E+02    0.153417651901843000E+01
    0.736830049924872103E-31   -0.375856542562087998E+04    0.113870438541232377E+01    0.139607409261307720E-01    0.116357509406608620E-01    0.340696713499857085E+00    0.636659821192675324E+02    0.629011734470095174E-01    0.957031568288841470E+02    0.154446447808113030E+01
    0.126578951748160232E-30   -0.375967428041252151E+04    0.110610656852124523E+01    0.282968575744022392E-01   -0.325753333957765024E-02    0.302066961779846987E+00    0.659120582700880817E+02    0.898855595173625455E-01    0.103171437975314774E+03    0.142943304109141489E+01
    0.212488100771665051E-30   -0.376073698658409558E+04    0.109783852764321876E+01   -0.567224258966687392E-01   -0.352333634754060376E-01    0.307685450647883774E+00    0.624555368218688187E+02    0.333012666241795791E-01    0.796683243468784070E+02    0.127572216156222584E+01
    0.245896335235649782E-30   -0.376105570136117967E+04    0.116974142915143786E+01    0.670858782023584510E-01    0.166597970210129627E-01    0.359375086509023889E+00    0.665889578352701079E+02    0.292404423477820585E-01    0.113180168593425492E+03    0.161312186099191157E+01
    0.840724638485411637E-30   -0.376354107630621183E+04    0.109738277326207534E+01   -0.798971899958609254E-02   -0.573358413623744137E-01    0.266359984611218181E+00    0.626731558884932909E+02    0.700037744661426986E-01    0.103514764902934104E+03    0.173334678815011634E+01
    0.101724339196235286E-29   -0.376394891798499702E+04    0.113947256243408468E+01    0.157354857247750876E-01   -0.318494009529471239E-01    0.255005273344866723E+00    0.717114189413547933E+02    0.747324550213402106E-01    0.110009886644078847E+03    0.149546502722941854E+01
    0.384773820533368864E-29   -0.376663636282093466E+04    0.112043292247677795E+01   -0.287460749674922598E-01   -0.212652137387819469E-01    0.311787595074649926E+00    0.699350733267355622E+02    0.839855904613579785E-01    0.867238528189382691E+02    0.105581914206217964E+01
    0.580063148967079772E-29   -0.376748399207284729E+04    0.112229349862486694E+01   -0.478774662686565905E-01    0.263555452940865964E-01    0.333734349199151570E+00    0.674831132230068675E+02    0.687492725535435029E-01    0.972610673971357045E+02    0.142552204528266357E+01
    0.174408309287328083E-28   -0.376971235328588773E+04    0.113441581590371099E+01   -0.132108632416897583E-01    0.589752642112185196E-02    0.257555525982423816E+00    0.630229997522201018E+02    0.549837681940563497E-01    0.963582167655036557E+02    0.207241634128012331E+01
    0.389751481207024387E-28   -0.377134724025854939E+04    0.108256985937173433E+01    0.409129859148408929E-02   -0.230551899530651999E-01    0.289956972126165113E+00    0.627984586196473273E+02    0.863622559936010892E-01    0.122118870333560636E+03    0.174437145329057830E+01
    0.605784014359538421E-28   -0.377225593532973198E+04    0.108994184128760407E+01    0.189322068219946009E-01    0.261348781675128147E-02    0.314734521716737881E+00    0.643354626245727843E+02    0.506293425585128756E-01    0.101542953958657264E+03    0.111100076357614208E+01
    0.655419171545125553E-28   -0.377244010495023122E+04    0.111475453064312591E+01    0.231053666180260631E-01    0.469964900093194134E-02    0.390964303980542160E+00    0.686514806315720421E+02    0.183024095296573028E-01    0.105837813649069773E+03    0.113006033582115406E+01
    0.105182810355253810E-27   -0.377341279160244540E+04    0.114237554328750757E+01   -0.152076953188064121E-01    0.788657640619223194E-01    0.334831216353431327E+00    0.662172431197379012E+02    0.283194538423906933E-01    0.123119293519442863E+03    0.174652611732731478E+01
    0.455521487182602164E-27   -0.377637094427118973E+04    0.115758926323629696E+01    0.228980565235341804E-02   -0.433798026923364402E-01    0.189664024128125275E+00    0.644373658553284798E+02    0.185423581305146495E-01    0.863470069699052658E+02    0.201661224234282788E+01
    0.450896171709783241E-27   -0.377637719935132372E+04    0.104994866269748632E+01   -0.132332191272413781E-01   -0.357072225058890566E-01    0.121593224628930852E+00    0.614203779781559689E+02    0.967963571746795343E-01    0.102290283723500949E+03    0.931825314515922210E+00
    0.534228993892837613E-27   -0.377674304097697950E+04    0.114103156260470096E+01    0.183337150936393502E-01    0.999807609601772659E-02    0.349458958745183790E+00    0.687753384142416451E+02    0.315985766581145383E-01    0.813584579984023719E+02    0.137340045750510908E+01
    0.545235030215486150E-27   -0.377681049239414551E+04    0.112987324921424204E+01    0.111407252055887793E-01    0.212968254607468210E-01    0.380734006805951097E+00    0.634448919810129581E+02    0.116234238904836182E-01    0.119211970105969698E+03    0.156015243721306973E+01
    0.923861340412710355E-27   -0.377789184915298847E+04    0.111206026791168333E+01   -0.219816416435868640E-01    0.579088817084056767E-01    0.274077327205714261E+00    0.612747457532087481E+02    0.474869484094570526E-01    0.101036448950424088E+03    0.214532830305952382E+01
    0.102030868151963074E-26   -0.377811711280674263E+04    0.112511638823834081E+01    0.324744187149301616E-01   -0.703711491902393824E-02    0.317941598628528443E+00    0.659429006267439064E+02    0.492412051109584817E-01    0.911145630545151732E+02    0.136730933695194734E+01
    0.102049035463380824E-26   -0.377814413555573083E+04    0.113417502419288030E+01    0.484233850226012744E-01    0.309552337914466326E-01    0.365425593628262602E+00    0.652921756848161010E+02    0.216927229805421520E-01    0.113034679434503943E+03    0.147469568696572684E+01
    0.128358070441373214E-26   -0.377862954291465303E+04    0.109293661834874190E+01   -0.620541608410066434E-01    0.320492219980703236E-01    0.267483958715656167E+00    0.629430875974601847E+02    0.645611835065422884E-01    0.979204323253698874E+02    0.150182318971289197E+01
    0.182981460959381928E-26   -0.377936533169681206E+04    0.109114098518423863E+01    0.184830711017026222E-02    0.363439993587445168E-02    0.162211494097981745E+00    0.640021561633594303E+02    0.956315655646225449E-01    0.119821146737810082E+03    0.164978561670228507E+01
    0.221522454473885867E-26   -0.377977427659841942E+04    0.112501699727727322E+01   -0.619665559984675027E-01    0.432317616443293126E-01    0.338655473608436897E+00    0.673402463611526372E+02    0.132720217458373979E+00    0.987680471488194058E+02    0.123767404550792337E+01
    0.387001457998754579E-26   -0.378091675226811458E+04    0.118341478386073895E+01    0.207608076766014060E-01    0.321532517331079570E-01    0.251724805018849473E+00    0.635037753953076560E+02    0.528436237194775810E-02    0.591639510732187830E+02    0.210697654795334888E+01
    0.108977378899596903E-25   -0.378301401285516658E+04    0.114649885856010525E+01    0.611311885473015265E-01   -0.518577153796802512E-01    0.316241679301829448E+00    0.636736234428932590E+02    0.444351306344297758E-01    0.594616604465842187E+02    0.148330295988451000E+01
    0.112183101965268808E-25   -0.378309866361726563E+04    0.112806283539493002E+01   -0.909627187348100719E-01   -0.506681773219361115E-01    0.312352584870429550E+00    0.638082188000546822E+02    0.863322259556124905E-01    0.106872596163803053E+03    0.165721198921013579E+01
    0.420328929699358165E-25   -0.378576714067460762E+04    0.115947444848629022E+01    0.154587629097982992E-02    0.782259429668397469E-02    0.247850297805142394E+00    0.640769071930417766E+02    0.656850861240698275E-01    0.895429700889005602E+02    0.204924351842124075E+01
    0.455659051434173261E-25   -0.378595522187110328E+04    0.111727982329988462E+01    0.290809084571188410E-02    0.221643256025127744E-01    0.295282417221152504E+00    0.612203124559127616E+02    0.231341446037149727E-01    0.662400068828834918E+02    0.145703187776739029E+01
    0.856274178211108003E-25   -0.378724358011952245E+04    0.110584906465300592E+01    0.771049410094495815E-02    0.195657118607805332E-01    0.284279320725563334E+00    0.689149388024255245E+02    0.402242708910347732E-01    0.983517823580080801E+02    0.116548799469679709E+01
    0.956591433638587483E-25   -0.378749181828557448E+04    0.110658187137916886E+01    0.140478853149146356E-01    0.470946601284058311E-01    0.384969267765960410E+00    0.619764510927194436E+02    0.281274023994537437E-01    0.111752043351242321E+03    0.148891268156869749E+01
    0.140859431625481105E-24   -0.378829242729439011E+04    0.112025601249154638E+01    0.130679178514143159E-01    0.327078312320943157E-01    0.380048688742978258E+00    0.615773556920546525E+02    0.148622314693768534E-01    0.898279470202944310E+02    0.141029806952824743E+01
    0.177591858453939719E-24   -0.378878254502743857E+04    0.110802810427273024E+01   -0.191642148476854762E-01    0.221694893804954517E-01    0.305297044650969962E+00    0.629635581189950955E+02    0.405774651316480675E-01    0.656364520083185283E+02    0.128980148585932852E+01
    0.217237435552655948E-24   -0.378921221757601415E+04    0.116722770369590889E+01   -0.519834596505570623E-01    0.272774347381961497E-02    0.290447471341283847E+00    0.674914019795733395E+02    0.538441074216815113E-01    0.869065356445433110E+02    0.162053233278376507E+01
    0.327706555096153699E-24   -0.379006113950353392E+04    0.112481524584883052E+01    0.163836095275494177E-01    0.123071628875174970E-01    0.225408715981270824E+00    0.643623198011741664E+02    0.603229529943300341E-01    0.603550827016088078E+02    0.140808249063596547E+01
    0.406751755941326525E-24   -0.379051997517868858E+04    0.114075948224417401E+01   -0.444487009659069177E-01   -0.318085267994425783E-01    0.285334602159657502E+00    0.669293087857414832E+02    0.831622603286094886E-01    0.709588021849173458E+02    0.134209358849217386E+01
    0.623489028688874604E-24   -0.379140089805644038E+04    0.111156994690068966E+01   -0.660038047748530560E-01   -0.971891592744002081E-01    0.397359373924201897E+00    0.645207468568948741E+02    0.406113767370911566E-02    0.915414206699978052E+02    0.115065102177373402E+01
    0.633498221392867527E-24   -0.379145941677017254E+04    0.110188352327350003E+01    0.157447321658715708E-01    0.526229008514077744E-02    0.181724821269375614E+00    0.674628751466412098E+02    0.420868756812020767E-01    0.856526499335481759E+02    0.147015504939845787E+01
    0.710282517090848009E-24   -0.379171489465707145E+04    0.113921941707136853E+01   -0.239964376954542556E-01    0.323499462581701355E-01    0.288036677272408281E+00    0.624766722642189336E+02    0.172636484931658549E-01    0.941073469420710040E+02    0.195329238773093761E+01
    0.728596578803871532E-24   -0.379179247609714457E+04    0.113833423742266193E+01    0.516390185099842719E-01    0.393512409801293102E-02    0.240595413453527196E+00    0.669848900031396397E+02    0.804371023560677828E-01    0.765195866421309603E+02    0.134760572981475768E+01
    0.930914050631424748E-24   -0.379230923629305016E+04    0.111986374929974453E+01   -0.712680346714477803E-01    0.514032107813866337E-01    0.291617849258757167E+00    0.681534291667548757E+02    0.615938684930329994E-01    0.841979809631826583E+02    0.100106714197667612E+01
    0.111489933997155065E-23   -0.379269660785603446E+04    0.114385660252726118E+01   -0.101578824470903977E-01   -0.115072559151806718E-01    0.306940891470774524E+00    0.615251004571453137E+02    0.187484104182069206E-01    0.102490281362266401E+03    0.188702658728796213E+01
    0.119853600510110008E-23   -0.379286794790962085E+04    0.112653512957159840E+01    0.552071864744550986E-01    0.237652829246618735E-01    0.279266876551704846E+00    0.604044465921960594E+02    0.287526718938840159E-01    0.785106128444406721E+02    0.177459479381672369E+01
    0.141017657510153171E-23   -0.379321984279803473E+04    0.114472741674093959E+01   -0.113631296327342424E+00    0.332548114949185198E-02    0.267137533684934259E+00    0.642055326389461527E+02    0.588209929671705337E-01    0.104066732054193267E+03    0.193606900232868329E+01
    0.145812073680634256E-23   -0.379331337649054331E+04    0.113992716371940328E+01   -0.761789953552156340E-01   -0.321280282308358534E-01    0.295527149877038986E+00    0.671675111689001341E+02    0.574007268432771278E-01    0.859143792124278747E+02    0.150281672809015210E+01
    0.157487780710632704E-23   -0.379349410165008885E+04    0.111621804959365245E+01    0.376151566296304349E-01   -0.434460050337962533E-01    0.278695373842040017E+00    0.631856749207694435E+02    0.423955580420623465E-01    0.919624318481436802E+02    0.158124036655864431E+01
    0.187336678610776211E-23   -0.379386788740866086E+04    0.111742558343442733E+01   -0.188675988706137887E-01    0.290628416209848806E-01    0.375392475222716238E+00    0.652662830356657082E+02    0.812196668624861340E-01    0.116549401389027523E+03    0.124257262684757053E+01
    0.186057648611955453E-23   -0.379388085236742154E+04    0.112693130705703504E+01    0.429649778637148580E-01   -0.172498191992065883E-01    0.254973264848308512E+00    0.687047039676250506E+02    0.302983477737755851E-01    0.682736358462233994E+02    0.122795387270277723E+01
    0.206266838334245360E-23   -0.379411374722973778E+04    0.116554729193926199E+01   -0.439639154416055639E-01    0.141659054350494439E-01    0.191819621244445571E+00    0.668327395342778061E+02    0.732118465745237867E-01    0.747362004130928312E+02    0.171168716336403715E+01
    0.313846924003391998E-23   -0.379497988329955479E+04    0.113240515500362005E+01   -0.212697929765690644E-01   -0.363802920958468876E-01    0.204557992078056139E+00    0.683235177232300970E+02    0.565479110318399883E-01    0.950811127040778388E+02    0.145071461873193819E+01
    0.732053819046340711E-23   -0.379670044730758127E+04    0.113065910482748166E+01   -0.667010139930802326E-01   -0.469552431666073623E-02    0.274710053602486348E+00    0.687201945801922136E+02    0.344401492025289552E-01    0.993094150853136313E+02    0.154961823367490226E+01
    0.729241404553566527E-23   -0.379671941554912519E+04    0.112109358208308230E+01   -0.292238158072570288E-01    0.545126505239067888E-01    0.307931424976249313E+00    0.643804079805558302E+02    0.529272834454321620E-01    0.109827653491685794E+03    0.126128506140545960E+01
    0.955812392293309152E-23   -0.379728719587466730E+04    0.112267235719547220E+01    0.668615377762942636E-01    0.126255159321014693E-01    0.317747844274732960E+00    0.628936647630181938E+02    0.383296195184286634E-01    0.948695059525217488E+02    0.122473325715503556E+01
    0.181983162122991458E-22   -0.379860173775845578E+04    0.114480023531600250E+01   -0.314792268086990512E-01    0.264665992491274274E-01    0.243782511352720332E+00    0.621052414201015068E+02    0.279009914535051119E-01    0.737597101135149131E+02    0.181201233815476725E+01
    0.190701458502803380E-22   -0.379872199441260454E+04    0.111853277497225112E+01    0.863135670679729579E-02    0.568879312936005563E-01    0.342810164524918248E+00    0.680177269623560505E+02    0.370297781445729918E-01    0.107602177423341416E+03    0.118191693245603746E+01
    0.267452459607079089E-22   -0.379942512641670419E+04    0.109153282634585924E+01   -0.121854028301639217E-01   -0.809984078856627598E-01    0.302429319584093692E+00    0.605446704475779995E+02    0.287171629649063294E-01    0.665090655248870775E+02    0.116153899077259282E+01
    0.451462564388369568E-22   -0.380049889433557928E+04    0.112587435585174789E+01   -0.226888888324879891E-02    0.166745694703529859E-01    0.232459052751185169E+00    0.708936507728018910E+02    0.734149112150497551E-01    0.837350145000627322E+02    0.114842500723972818E+01
    0.514081084624022497E-22   -0.380078533810154477E+04    0.112648008083818363E+01   -0.209793086706443928E-01    0.346948119044483069E-01    0.267907624818406465E+00    0.680694662745571009E+02    0.632401526916001322E-01    0.109159901453292804E+03    0.144196501007004363E+01
    0.537319003497984678E-22   -0.380090042668904061E+04    0.108552407705983178E+01   -0.933316072920488959E-01    0.551398293459673741E-01    0.111590701721037355E+00    0.622934557935444460E+02    0.234102060888563349E-01    0.102593256948070177E+03    0.193021104685059908E+01
    0.629312577002434391E-22   -0.380124316557654856E+04    0.107372554116876695E+01    0.147803733458222262E-01    0.365776296776655005E-01    0.235496476413061651E+00    0.613263854263654054E+02    0.300366861233336453E-01    0.107283295802822394E+03    0.161797314421586269E+01
    0.738038298896284220E-22   -0.380158856752869906E+04    0.115517689874109153E+01    0.862929781440216308E-02    0.260403665307356660E-01    0.322034799321717469E+00    0.667813139778302087E+02    0.386777178581895822E-01    0.151351842129482378E+03    0.197702681022533588E+01
    0.900210397877101335E-22   -0.380201249978065516E+04    0.112218720162412944E+01   -0.984046254678961341E-01    0.152850258902295019E-01    0.342986624718746469E+00    0.657426547642441363E+02    0.623961217170025048E-01    0.902344974676284295E+02    0.116873080793286444E+01
    0.146776892238338846E-21   -0.380301690699840492E+04    0.113509102919121818E+01    0.539367729245449901E-01    0.590506676335127920E-01    0.299084785548282384E+00    0.623611358246447267E+02    0.430850724594866452E-01    0.111970374315826049E+03    0.177975902714472056E+01
    0.162898197510453516E-21   -0.380325199717821306E+04    0.111319648835210727E+01    0.126337364112699743E-01   -0.600369991504408063E-01    0.329264414301517871E+00    0.630762692354511358E+02    0.745979483911736047E-01    0.110118617156709590E+03    0.151160475269061645E+01
    0.169816744404162690E-21   -0.380336185270684928E+04    0.113751982501883564E+01    0.105206272457354019E-01    0.289992929363469230E-01    0.325018997999091452E+00    0.673506391673420381E+02    0.550571271857356465E-01    0.976239115237929553E+02    0.132614000991297143E+01
    0.186900512780216372E-21   -0.380358023252659586E+04    0.115117985288180735E+01   -0.366227539972621696E-01   -0.284761004210723583E-01    0.243833564630752342E+00    0.679012787629636989E+02    0.117189864141417327E+00    0.110459349299351885E+03    0.156465583650109119E+01
    0.257748285231531117E-21   -0.380424971321721023E+04    0.116684985621465453E+01   -0.718596394829364021E-01   -0.318108338296762619E-01    0.325776266527130820E+00    0.651789798030759471E+02    0.595672310876489003E-02    0.735490371022860927E+02    0.169743966643538990E+01
    0.345097574189053670E-21   -0.380486006734536022E+04    0.111902900817238193E+01   -0.712282519090598476E-01    0.523032125623839397E-01    0.324729768304872379E+00    0.612897108208455634E+02    0.226350288015814208E-01    0.626475884282703248E+02    0.155895446871749277E+01
    0.231286001957066136E-20   -0.380869155989328101E+04    0.111638130333096752E+01   -0.442764672409205542E-01   -0.204960129312298338E-01    0.360177003086568415E+00    0.635135630741785207E+02    0.155440878031002788E-01    0.117507148554470234E+03    0.148034047784306511E+01
    0.290673596933431935E-20   -0.380917531841835535E+04    0.111633770921055797E+01    0.326560995652695196E-01   -0.120434183039307419E-01    0.390713686775894853E+00    0.655869786268940231E+02    0.628001774153975761E-01    0.127604415794864735E+03    0.115203016661088942E+01
    0.306247733073224766E-20   -0.380930637184903026E+04    0.107230735350342932E+01   -0.631123318998424443E-01   -0.260899123574145873E-01    0.174552043090026920E+00    0.633145047557324574E+02    0.406775617044316529E-01    0.117873701427174865E+03    0.180364654254631063E+01
    0.433785021771983482E-20   -0.381002934793613167E+04    0.117985883665746294E+01    0.432947639546493734E-01    0.302308833010222263E-03    0.253347280296582433E+00    0.634183877437623664E+02    0.145422055689225296E-01    0.800866036766427527E+02    0.201809145843916760E+01
    0.578425426500805380E-20   -0.381063153572300416E+04    0.112126793156891380E+01    0.108203711889936813E+00   -0.947540283437610896E-02    0.331813150118104416E+00    0.635542176614555885E+02    0.306230747153303298E-01    0.998556976027734891E+02    0.114749731562005319E+01
    0.999916565044057792E+00   -0.390382972312288075E+04    0.113483679482337996E+01    0.173269330363015825E-01    0.410898769510598741E-01    0.243407571116897814E+00    0.637517679905639483E+02    0.173846296626292002E-01    0.592333105546687619E+02    0.159585550607315918E+01
    0.801209640405301148E-13   -0.384351941229629938E+04    0.110981580186534901E+01    0.146191371965409718E-01    0.493565439184291063E-01    0.167670452190960440E+00    0.636122311070794382E+02    0.597255334048792108E-02    0.734034142488778372E+02    0.158904258516173535E+01
    0.990241589617483200E-18   -0.382091721398055415E+04    0.114095843819533016E+01    0.844389917116228177E-02    0.160466611438434058E-02    0.357565684619866431E+00    0.651125111955892493E+02    0.304387505901560634E-02    0.696989381344111933E+02    0.145091005601736533E+01
    0.345286248456684254E-08   -0.386486176551126027E+04    0.112529268505616797E+01    0.344225582625684035E-01    0.181414063521721206E-02    0.147792560815036778E+00    0.648385018934644108E+02    0.854111041322158648E-01    0.719254592463467191E+02    0.161948755333164285E+01
    0.286094562486751382E-12   -0.384606498199840644E+04    0.108892193378275870E+01    0.538020628972487799E-01    0.105374698751894177E-02    0.291325954479838556E+00    0.623897292835851971E+02    0.414841248904599322E-01    0.781249161651350192E+02    0.918695409370041238E+00
    0.873051662070621117E-12   -0.384829632667336955E+04    0.106679012756689851E+01   -0.357497900587726708E-01    0.193658536784919837E-01    0.145976662739939145E+00    0.622598257106042894E+02    0.332796986806494222E-01    0.783057882874647220E+02    0.152411938865169461E+01
    0.690333848230406899E-04   -0.388466804933502681E+04    0.106889372389679971E+01    0.378602613314715508E-01    0.577588003085145220E-02    0.670775621577994752E-01    0.650658109352779661E+02    0.764927544158064687E-01    0.788640756256561843E+02    0.153524936348519403E+01
    0.222793402338037147E-17   -0.382253897607024919E+04    0.110562740125698467E+01    0.709593493080315635E-01   -0.591173488609528786E-01    0.227868020360176116E+00    0.633978875607154464E+02    0.359418022375063220E-01    0.872436098260548789E+02    0.159703831004182262E+01
    0.329227189619594374E-09   -0.386016134388470618E+04    0.110250095471457277E+01    0.822362108822140003E-01    0.899427497030537426E-01    0.272667275005471388E+00    0.621433410395338086E+02    0.295747039615392761E-01    0.888186773681327111E+02    0.153187899500295432E+01
    0.198055346829668281E-09   -0.385914494081004977E+04    0.110089534080905893E+01    0.554147498842988140E-01   -0.478748863084081031E-01    0.274482949938411103E+00    0.638012382822470769E+02    0.403825171905161026E-01    0.770525643618370282E+02    0.105382002503100924E+01
    0.946966730559511271E-12   -0.384845886513226105E+04    0.113823408038642415E+01   -0.511733521423164694E-01    0.557250340363307922E-01    0.227751942966822385E+00    0.625608941245609174E+02    0.165180541704266770E-01    0.679030234380257411E+02    0.197960131539448625E+01
    0.834641215681871134E-18   -0.382057531999539060E+04    0.112697904250015690E+01   -0.193021129813997368E-02    0.191332150025692177E-01    0.273627769443487989E+00    0.602422967519162427E+02    0.268369661142647542E-01    0.779295882213010458E+02    0.202222355510890495E+01
    0.568126578122124814E-19   -0.381520083439341761E+04    0.109823718693135741E+01    0.119387493281076871E-01   -0.415225507640760161E-01    0.292652638876221838E+00    0.633580875500002918E+02    0.728942761017916940E-01    0.121091402606848987E+03    0.182690978343971699E+01
    0.642325078569982211E-12   -0.384768252626683170E+04    0.110948204406052486E+01   -0.266589424616925676E-01    0.133669812400435042E-01    0.188810432459886324E+00    0.638184470337631140E+02    0.296265441054004049E-01    0.108536987334867604E+03    0.149840276755364843E+01
    0.874308763140729084E-10   -0.385750954476025527E+04    0.112205589935300631E+01   -0.412014536943776724E-02    0.912272180037552310E-01    0.231449178339178052E+00    0.662468052631967623E+02    0.426474989672193661E-01    0.989367648471553025E+02    0.178401843663288573E+01
    0.433986154022464672E-08   -0.386531904321472030E+04    0.109939872490769774E+01   -0.406974021228636088E-01    0.639259080929959339E-01    0.224598267903602045E+00    0.626853114741277295E+02    0.795021150718536185E-02    0.846070379465294167E+02    0.157093711236913669E+01
    0.107722775323837057E-17   -0.382108560834369382E+04    0.112278288836596163E+01    0.497246824986917468E-01   -0.884622197995051616E-03    0.267544802339283294E+00    0.626714403035946219E+02    0.274187932424804076E-02    0.951417021219601935E+02    0.172995320848654366E+01
    0.117446505327987802E-16   -0.382586362237820322E+04    0.111276265189445955E+01    0.129276518348744548E-02    0.547107672410725304E-01    0.287256430741264390E+00    0.628564710822382438E+02    0.968633505418529939E-02    0.915587196527135205E+02    0.163756148063281981E+01
    0.451061876907349804E-18   -0.381934452515289013E+04    0.115723945260875194E+01    0.128035551098390678E-01    0.987783184538637733E-02    0.260081770671517110E+00    0.633916636037123311E+02    0.316704020428047114E-01    0.878801148000045060E+02    0.199630221172578626E+01
    0.157532575253488306E-08   -0.386329228248165782E+04    0.112339455143975853E+01   -0.166285541478847763E-02    0.188579027517201091E-01    0.213982371060117804E+00    0.626866396942912445E+02    0.393257083284331219E-01    0.100256435430640479E+03    0.213052251249808844E+01
    0.177188827540634989E-17   -0.382208091825236625E+04    0.114945780731156022E+01   -0.201980527874971831E-01    0.543480437935490827E-02    0.284221020016690251E+00    0.627713777707619869E+02    0.203496263595086962E-01    0.852849951493109160E+02    0.174501799918022948E+01
    0.396338266867693732E-15   -0.383290136276374324E+04    0.114480729734800857E+01   -0.327968607125069533E-01   -0.745941962625248367E-01    0.225339679631728074E+00    0.628259695236545497E+02    0.579489668756876658E-01    0.936132566042646488E+02    0.209175718781154707E+01
    0.683276975582041075E-17   -0.382478028689060284E+04    0.109296556544157575E+01   -0.758718694618574496E-01   -0.829088745280221265E-02    0.274361228892449183E+00    0.615386240651148029E+02    0.227521966692227767E-01    0.103926271949314952E+03    0.155468431447478350E+01
    0.970141350557416992E-05   -0.388074341207805992E+04    0.110025550569059560E+01   -0.577011935693165084E-01   -0.271492291880579099E-01    0.137402316201373553E+00    0.626627357115020658E+02    0.637045432548937196E-01    0.622591053777052963E+02    0.181547806505287124E+01
    0.391530255932669480E-17   -0.382366661186903366E+04    0.113336107532688657E+01   -0.611727430848837128E-01   -0.756155024780316293E-01    0.338453215160497367E+00    0.653440861694618604E+02    0.242565049284974889E-01    0.781313417148625433E+02    0.133024753562258402E+01
    0.720677932608888054E-14   -0.383870238152210914E+04    0.110830021020318981E+01   -0.193531153970061820E-01   -0.132055429155201937E+00    0.231211357815981788E+00    0.613253679255424373E+02    0.198755838948652223E-01    0.658189708585840378E+02    0.144611788897660398E+01
    0.893960828393418198E-13   -0.384373849094014258E+04    0.110694778199664201E+01   -0.406159653111078656E-01   -0.585867410439442973E-01    0.190457720472291314E+00    0.647043683614027145E+02    0.720757735035325448E-01    0.730617437840762136E+02    0.133725552806178904E+01
    0.203443807421403804E-15   -0.383156760632425721E+04    0.113434565377317176E+01   -0.516247647380385210E-02   -0.435491532914979024E-01    0.248825891062277871E+00    0.632927732084626484E+02    0.458946768423028964E-01    0.806997748717137853E+02    0.148603316752983483E+01
    0.163768475465851455E-18   -0.381731822348485093E+04    0.115297169318147641E+01   -0.835788728447981466E-01   -0.646256971342301367E-01    0.223443735879948147E+00    0.648425510109439642E+02    0.593017080490205531E-01    0.846601090340705440E+02    0.169557690462356336E+01
    0.397142257180267359E-17   -0.382369507537385471E+04    0.111957785982031477E+01   -0.734140320806094399E-01   -0.734091485538972549E-01    0.311979564426119849E+00    0.636418724975793353E+02    0.903516111271393529E-02    0.745785705757937905E+02    0.142410137643326085E+01
    0.548644679320581879E-17   -0.382434138831523978E+04    0.112967795967612172E+01   -0.605240586310733589E-01   -0.859199659615313138E-01    0.306152393187683447E+00    0.660470847224497533E+02    0.269212939543392801E-01    0.976905059672334488E+02    0.148147873948165576E+01
    0.235051197820396625E-06   -0.387330296503282352E+04    0.111667172727437847E+01   -0.520558672122735655E-01    0.514853422054703004E-02    0.192870863331084330E+00    0.656581226282750663E+02    0.419433062533538098E-01    0.957947188948129167E+02    0.141287701346024730E+01
    0.126584786288562099E-12   -0.384443416187191815E+04    0.110401252955939233E+01   -0.158849836695461516E+00   -0.688921321432789113E-01    0.329558876820886804E+00    0.630974403524711676E+02    0.150346463044127091E-01    0.861307964177319718E+02    0.123286352460937354E+01
    0.609640208295372848E-17   -0.382455222420136670E+04    0.113214257809848107E+01   -0.266806532269992132E-01   -0.376494894462481994E-01    0.248942645050291067E+00    0.669995779536878189E+02    0.407433643400323398E-01    0.100798401130317387E+03    0.138619065173540368E+01
    0.965319733561313018E-17   -0.382547140503314586E+04    0.111435580555054559E+01   -0.222243758743400077E-01   -0.691435537459252209E-01    0.228375204170366886E+00    0.634654574020437678E+02    0.343200611755811388E-01    0.797077972886336426E+02    0.114695643048322560E+01
    0.676184106456595572E-10   -0.385699560835349439E+04    0.111038507991160218E+01   -0.759069725311214000E-01   -0.452210363220786268E-01    0.252174467607964692E+00    0.621375304824683496E+02    0.333044580790522599E-01    0.965285128842275242E+02    0.177685570008198113E+01
    0.312982273718226107E-15   -0.383242911976286541E+04    0.114331433297691576E+01   -0.117911384258329699E+00   -0.407877049801302211E-01    0.210299694760612110E+00    0.650224908083249034E+02    0.343569523460771215E-01    0.855910266856607365E+02    0.205648979658019471E+01
    0.614567743874875456E-15   -0.383377866498236835E+04    0.113341740230411747E+01   -0.218422605548254725E-01   -0.232639221449750695E-01    0.341739069786574978E+00    0.638695612567214255E+02    0.159552458922189652E-01    0.793710648586303051E+02    0.136709481409297151E+01
    0.378182228720708460E-12   -0.384662308954196487E+04    0.110506639123314465E+01   -0.540977834095767302E-01   -0.535871990733851750E-01    0.289949016900479639E+00    0.616882883627806535E+02    0.795631878207736509E-02    0.107807562486526962E+03    0.130482177626613560E+01
    0.364904002320965747E-09   -0.386036711639119767E+04    0.111819992412951019E+01    0.686023203953629035E-01   -0.484650591778063577E-01    0.290950338892684957E+00    0.630020064359090668E+02    0.242380051885266283E-01    0.103374760170301073E+03    0.142518133639717126E+01
    0.315132956722294035E-10   -0.385546866685112036E+04    0.112300840918339651E+01    0.742434161385194108E-01   -0.136538204112286368E-01    0.299918491868618131E+00    0.636093523552412847E+02    0.598250302766542702E-01    0.838040873286246750E+02    0.130325255986740873E+01
    0.597500338498778744E-19   -0.381530165560867772E+04    0.112904392857889979E+01    0.962788678850694107E-01    0.107348499017245191E-01    0.302761351868704731E+00    0.633243031921527404E+02    0.303200040947291354E-01    0.109459052433681677E+03    0.149832760326775571E+01
    0.260447615461814602E-06   -0.387350816182325070E+04    0.114102138715207246E+01    0.752001323582124209E-01   -0.975752112105227054E-01    0.216889482178860837E+00    0.652503999662043839E+02    0.698530384244282210E-01    0.987522270662371398E+02    0.158042676023045781E+01
    0.304202650158381257E-19   -0.381395153409138038E+04    0.112802667897373587E+01    0.435421678016339950E-01    0.428036762573337434E-01    0.391068901320473949E+00    0.668641554195563117E+02    0.323989741806865392E-01    0.125554970807530097E+03    0.137173757269874885E+01
    0.329734058062936979E-19   -0.381411271879782271E+04    0.110841847273860883E+01   -0.402102132903948712E-02    0.963595188762839117E-02    0.365215674984399885E+00    0.628501169828720947E+02    0.400096066561225136E-01    0.100382570674075353E+03    0.130121709252006856E+01
    0.267547264436085327E-19   -0.381369473838843442E+04    0.112256021234730730E+01    0.984627954388432591E-02    0.341661068697097919E-01    0.376467419792742397E+00    0.636681443183445310E+02    0.425396124293420316E-01    0.105086487486766401E+03    0.120721514673817176E+01
    0.441491731501763006E-07   -0.386995850672322013E+04    0.111781786307576603E+01    0.198690785600542826E-01    0.159353621226329539E-01    0.379677433267160358E+00    0.645159000832607603E+02    0.213503985357343246E-02    0.118130090211445165E+03    0.133747909384654351E+01
    0.533318328030006510E-07   -0.387033642510831396E+04    0.110057733737438945E+01    0.322828968278847800E-01    0.739475252700956820E-01    0.356965469613807485E+00    0.670956123725604812E+02    0.488359309362658423E-02    0.102577245465317304E+03    0.967117193986462231E+00
    0.368920898882689136E-17   -0.382354765078977107E+04    0.113091108022016096E+01    0.237625713199308593E-01    0.324304371706807745E-01    0.353154764194212711E+00    0.670629261022369576E+02    0.618615487358813720E-01    0.115661556975939860E+03    0.123852983645084347E+01
    0.249290609587161916E-18   -0.381815855473940610E+04    0.110879590977371922E+01   -0.315813118192080078E-01   -0.346925904299777224E-01    0.371959143440889817E+00    0.657017931231938377E+02    0.130766146609153158E-01    0.107924741594010086E+03    0.125840898448031391E+01
    0.194418410183459981E-17   -0.382226651146025688E+04    0.112238105396101218E+01   -0.447526478636660428E-02   -0.254149623386495001E-01    0.390982845160832648E+00    0.704009608669535680E+02    0.545967986809018577E-01    0.114324409951948695E+03    0.105886102945396976E+01
    0.248928293093594456E-09   -0.385960217751879100E+04    0.109989309181234973E+01   -0.145161647183831926E-02    0.732297910386486700E-01    0.350709696709381291E+00    0.670333310621071092E+02    0.216423654598219238E-01    0.131197002252509151E+03    0.101366540545119266E+01
    0.410594481988170098E-15   -0.383297203878316031E+04    0.113074673938218928E+01    0.141054385021406256E-01    0.426502308841442274E-01    0.341195185924884903E+00    0.643377645466966754E+02    0.441337522529929444E-01    0.990948952612315992E+02    0.145817779757777899E+01
    0.953109224985165196E-13   -0.384386662604159210E+04    0.113617783021637697E+01    0.431815945008682464E-01    0.112359474326501393E-01    0.369871332009353626E+00    0.680259195557646734E+02    0.201531291645418789E-01    0.999121932553696723E+02    0.119180770201541852E+01
    0.211279485313127594E-19   -0.381322250957190499E+04    0.109177766042664182E+01   -0.458894298313775538E-03   -0.463438293524473868E-01    0.314306021483424791E+00    0.617878166617514992E+02    0.375608069328106156E-01    0.976312633535774808E+02    0.118437258728084416E+01
    0.444656507732704565E-17   -0.382392109046272890E+04    0.109764194311661512E+01   -0.225498793275260689E-02    0.433842448936279101E-01    0.334397149078344114E+00    0.628032619583136551E+02    0.121423496179135296E-01    0.104711615876585483E+03    0.896698915259831475E+00
    0.176415368137445738E-11   -0.384970318991739805E+04    0.110521542525064809E+01    0.257729331621236318E-01    0.858105748356323000E-01    0.328212278256705903E+00    0.640706603819966602E+02    0.521968388193009974E-01    0.116620479202709049E+03    0.132250227696659461E+01
    0.370378570692378839E-07   -0.386960723943306584E+04    0.114167640284345806E+01   -0.539350033449152930E-01    0.130195735552531052E-01    0.342356833222730195E+00    0.653816501593816071E+02    0.587392225479022867E-01    0.143565564459710401E+03    0.176553483066737438E+01
    0.286288775968469335E-15   -0.383225082866715456E+04    0.113545367621075521E+01    0.231653350111110934E-01   -0.385081134261829328E-01    0.321983297129321722E+00    0.649798717787524112E+02    0.793010662465123278E-01    0.990192361088555231E+02    0.150426465802921361E+01
    0.600033261213448823E-09   -0.386136181794596814E+04    0.111343516356324890E+01   -0.220781683120578019E-01    0.277459253817563777E-01    0.259108102157778963E+00    0.677512516301578955E+02    0.113863383560420889E+00    0.113038471161603368E+03    0.116235825812270832E+01
    0.644122281736456903E-09   -0.386150362494100227E+04    0.110280157901903086E+01    0.160097205939643238E-01    0.271059978810822555E-01    0.280886019784784169E+00    0.640743751157240808E+02    0.720015069908617189E-01    0.101216498223551923E+03    0.131526790099538737E+01
    0.683177970399865174E-09   -0.386162135856234454E+04    0.109767134477123007E+01   -0.766917185314711439E-02    0.516678684196690274E-01    0.294955970808984780E+00    0.645952640626599930E+02    0.767515306282888499E-01    0.871410046869300601E+02    0.902653348273478651E+00
    0.587028222116985367E-07   -0.387052833393434594E+04    0.113232339494068901E+01    0.463754715842896494E-02   -0.690186205775223435E-02    0.249876093964829959E+00    0.670375784571730549E+02    0.929168440243524074E-01    0.903893857816336208E+02    0.126246323521082471E+01
    0.299329479023125525E-19   -0.381391923571448933E+04    0.110851511276029013E+01    0.414163814295936614E-01    0.300194402120978372E-01    0.188569692556784574E+00    0.681205203573594673E+02    0.415081056446022431E-01    0.103136135207252153E+03    0.131805470640805700E+01
    0.197745656962135203E-13   -0.384072113031222852E+04    0.113419131547027496E+01   -0.282272578929117952E-01   -0.500209926251757170E-01    0.355589870576510425E+00    0.685713955643417563E+02    0.726586383212439180E-01    0.100196754818628236E+03    0.123041587376507633E+01
    0.169959802468602984E-11   -0.384962863130196729E+04    0.112793964856562567E+01    0.846028885866463055E-02    0.417758838825407694E-01    0.242554530877555685E+00    0.691539700870827403E+02    0.354551516448957799E-01    0.855226593134761401E+02    0.147323806489983866E+01
    0.505235681325488073E-18   -0.381957136612620616E+04    0.113629992806203806E+01    0.553124853468625090E-02    0.161554149669576076E-01    0.292217659203180491E+00    0.647279860122076798E+02    0.583890241664325321E-01    0.930669772160246538E+02    0.125352108324550748E+01
    0.526490860032255140E-18   -0.381965378403712566E+04    0.110734762095982164E+01   -0.244232166117872365E-01    0.566687422537880056E-01    0.257743266540640559E+00    0.671052856571135408E+02    0.408737174847576337E-01    0.101447450884756805E+03    0.137203552121014360E+01
    0.731296654759526554E-19   -0.381570578430379919E+04    0.111203177172517309E+01   -0.654847723627338396E-01    0.636419227801522103E-01    0.308787088457871228E+00    0.641347186116744297E+02    0.723039966737391709E-01    0.129883292856231378E+03    0.145579967782120234E+01
    0.342109735386988143E-05   -0.387865879161045268E+04    0.113415795210390180E+01   -0.809526430275905873E-01    0.553646215115891349E-01    0.331384500110377234E+00    0.650527254143891156E+02    0.327240807492464869E-01    0.117238848400970113E+03    0.148347438872146697E+01
    0.931113914978727718E-15   -0.383460958990686686E+04    0.115876510692370793E+01   -0.111774052319073823E-02   -0.150237426057427181E+00    0.236616047554825792E+00    0.659228936514154498E+02    0.131515989076159218E+00    0.887991597081630175E+02    0.150916838935632569E+01
    0.412712030581880774E-18   -0.381916681626849822E+04    0.112644374204079134E+01   -0.216443287050602715E-01    0.198320700071760656E-01    0.227501126328773784E+00    0.698447782695336912E+02    0.374932364550716046E-01    0.865581011361372390E+02    0.136694682222147068E+01
    0.210596704106936144E-07   -0.386847807803899923E+04    0.113846067491742708E+01    0.171154105940451093E-01    0.146728161724137239E-01    0.284343776657095759E+00    0.648637163418888179E+02    0.431160890741577249E-01    0.781900609252096217E+02    0.136251253532518790E+01
    0.465738102681297317E-16   -0.382861890339542970E+04    0.113712154097114992E+01   -0.975761996536428505E-01    0.188082474045681639E-01    0.314057582868954688E+00    0.680140675460018542E+02    0.495112694618218413E-01    0.780342436593151803E+02    0.137059151856891859E+01
    0.556649971185915472E-06   -0.387502723157468427E+04    0.112715288686821768E+01   -0.126611567970924387E-01    0.117203538123344265E-01    0.345901681733475075E+00    0.655272638590173244E+02    0.481617356027489382E-01    0.102559545428999542E+03    0.123808891660392462E+01
