    0.103763712130203309E+02    0.936929692869277986E+01    0.100446466679838387E+01    0.277128894186751040E+02    0.179076425488164475E+02    0.225863382648081679E+01    0.749500202732816811E-03    0.298181691706390757E+04
    0.110984049591941769E+02    0.927803145752054625E+01    0.102792798585691303E+01    0.323046727859488598E+02    0.971950975014913077E+01    0.193353595094993480E+01    0.119878892770958201E-02    0.298219616327716858E+04
    0.139150837898268005E+02    0.100024897896547031E+02    0.102477151249120846E+01    0.208277759316262774E+02    0.989964254168615732E+01    0.214454516067241796E+01    0.801504016324540436E-03    0.298235430791497629E+04
    0.170140719541088927E+02    0.822745344351093699E+01    0.962343867011542398E+00    0.349578406481460959E+02    0.140158182611944007E+02    0.224313572238671055E+01    0.923655008401517985E-03    0.298246662543607181E+04
    0.694789082085639631E+01    0.982425016959957276E+01    0.107568774986984583E+01    0.361910245810020825E+02    0.816635801510652115E+01    0.205415194241187482E+01    0.161441634068706930E-02    0.298251173374404880E+04
    0.138423936970611514E+02    0.906735980489971283E+01    0.987153341085129421E+00    0.249910155625251917E+02    0.139590651021610732E+02    0.216840890945502984E+01    0.991697594047095954E-03    0.298257675631977918E+04
    0.137411342934242082E+02    0.667015670064569299E+01    0.944779583935750122E+00    0.194083632403372839E+02    0.890398649519534402E+01    0.202164251611357626E+01    0.411725474109683742E-03    0.298280825355959269E+04
    0.189042943473448908E+02    0.904926269170070086E+01    0.961478453702044433E+00    0.275217526907239183E+02    0.104108925876593457E+02    0.209418017977220705E+01    0.541220160508754100E-03    0.298284341644293545E+04
    0.720751840342821382E+01    0.103576992904442680E+02    0.106156781560525926E+01    0.164071468705230430E+02    0.135962507857901151E+02    0.236800962740685650E+01    0.427893667371406772E-03    0.298286638328549907E+04
    0.874618283685859055E+01    0.841471436204512457E+01    0.101070020265941340E+01    0.172178019651130825E+02    0.323346698848411673E+01    0.171526722621087391E+01    0.146731828719853796E-03    0.298288775994560092E+04
    0.456898340766056954E+01    0.762918462391086649E+01    0.106491672809799609E+01    0.118930008098720243E+02    0.647227797220817891E+01    0.186276301388093946E+01    0.102507134202860922E-02    0.298296064305361551E+04
    0.557852205219432395E+01    0.702209770702412328E+01    0.101787671866674101E+01    0.145852351231421604E+02    0.866589365613686802E+01    0.219232646420021693E+01    0.428701676673880205E-03    0.298306205833109561E+04
    0.101629032454199031E+02    0.819838421721446053E+01    0.995559093412232587E+00    0.436528192455182378E+02    0.663898909239663659E+01    0.205989365603508867E+01    0.310947292000776643E-03    0.298310367914479048E+04
    0.106260284842330730E+02    0.120355808865117169E+02    0.108306350057589107E+01    0.197085501495052355E+02    0.793422232620588908E+01    0.196698568125565854E+01    0.107206015054135684E-02    0.298313548799830278E+04
    0.123506356459035409E+02    0.880183186999535216E+01    0.100695816950837780E+01    0.169527438344426216E+02    0.426528686296495430E+01    0.176823959088896498E+01    0.391219660362672472E-03    0.298314339553890250E+04
    0.142962336471979086E+02    0.739683947808313569E+01    0.959067084073676135E+00    0.176857476502894002E+02    0.953125590199597994E+01    0.214046379315427249E+01    0.388914742211282638E-03    0.298315470532956806E+04
    0.149074468957596338E+02    0.946283827151821377E+01    0.101047800423124179E+01    0.243840306234841648E+02    0.881061763090785277E+01    0.203964859828567446E+01    0.461119736581139250E-03    0.298317401521913735E+04
    0.907311997722962360E+01    0.899872721760334215E+01    0.104787238648073644E+01    0.118961363440189878E+02    0.663150944066181047E+01    0.201238489544158483E+01    0.841746754205743852E-03    0.298320845856049618E+04
    0.902819921512076107E+01    0.762803146467627258E+01    0.101567791744080704E+01    0.813887042795432691E+01    0.870213229639664121E+01    0.211354424680438324E+01    0.955380685002400754E-03    0.298335139858943603E+04
    0.150886983837334974E+02    0.108721191658415641E+02    0.102132358548973623E+01    0.419319202305615519E+02    0.659548324258598484E+01    0.197967795723712014E+01    0.284298181965451924E-03    0.298337909890393166E+04
    0.643750565158186827E+01    0.842511556205197287E+01    0.106681738969408446E+01    0.416010743744012998E+02    0.644349809489269987E+01    0.198627858155411530E+01    0.131863648331621841E-02    0.298338183292907161E+04
    0.116772662992078775E+02    0.106155621662794104E+02    0.102297433784283198E+01    0.171219862913681347E+02    0.149277138763285322E+02    0.240221616595593224E+01    0.407521432677596107E-03    0.298340372276546441E+04
    0.659770747385559186E+01    0.876103256976790767E+01    0.107994864492009612E+01    0.271225875627822290E+02    0.769781974170316730E+01    0.182313112039601988E+01    0.154351145762181979E-02    0.298347545473405899E+04
    0.111780610408161074E+02    0.883812619637933139E+01    0.102360306650349320E+01    0.240347873121081221E+02    0.563813429546284439E+01    0.184390579536540056E+01    0.733168290407724965E-03    0.298348390788373626E+04
    0.900436616507854914E+01    0.995464824124683823E+01    0.104314360927642835E+01    0.169825746578966381E+02    0.104773510366748184E+02    0.206451068914487035E+01    0.966567393649510331E-03    0.298352356672921360E+04
    0.130377504587103932E+02    0.926142145179376719E+01    0.100016889403401898E+01    0.251146802090900323E+02    0.572001639832645026E+01    0.191326482015513344E+01    0.473717888866284631E-03    0.298353708062010583E+04
    0.946872512152253520E+01    0.887966533989774476E+01    0.103006137760951155E+01    0.253869468955713735E+02    0.399605883590671773E+01    0.167484473580735838E+01    0.755070151000097889E-03    0.298361538735248268E+04
    0.119794741940778469E+02    0.915742576762754545E+01    0.102036880797246754E+01    0.268806195674423876E+02    0.424018148428903885E+01    0.164222848495831020E+01    0.150187690540606877E-03    0.298362013862728691E+04
    0.616909539812487573E+01    0.772129136204461286E+01    0.103228810346890354E+01    0.196126183268339034E+02    0.890760366445045371E+01    0.216398885265264429E+01    0.827088074935887485E-03    0.298369722581173437E+04
    0.137554102802871068E+02    0.806855058370640066E+01    0.981321935203511297E+00    0.538208178043130836E+01    0.114414861669313819E+02    0.225575970662482517E+01    0.220043644424731955E-03    0.298370430428283726E+04
    0.854328450934717054E+01    0.913633354577535073E+01    0.103437110224089612E+01    0.264966822599162128E+02    0.123455490194620943E+02    0.221310032661317013E+01    0.128446902635657306E-02    0.298372538146617899E+04
    0.797669641549008190E+01    0.100745283654530482E+02    0.106462102643852452E+01    0.245328018286387106E+02    0.397797522262861758E+01    0.166393024956619362E+01    0.670615035128871440E-03    0.298373896123808618E+04
    0.107532446533305670E+02    0.736900075070031324E+01    0.984517168112647223E+00    0.183953729348657617E+02    0.800972039369726652E+01    0.192782693591656473E+01    0.671714426903717576E-03    0.298374482852519486E+04
    0.125697000180011340E+02    0.784644865821937643E+01    0.968425753533619815E+00    0.146550493741640828E+02    0.843885386137523597E+01    0.200536472813791189E+01    0.384696655809042831E-03    0.298379942704859968E+04
    0.924863786264910814E+01    0.954584032816046069E+01    0.102223601130815989E+01    0.751612606395551186E+01    0.169037097452937601E+02    0.246115096441763592E+01    0.448751849419219695E-03    0.298386741151164915E+04
    0.135525459150955268E+02    0.113038797804285149E+02    0.104948186750372585E+01    0.263864223543364993E+02    0.861780879774804376E+01    0.196526215371259450E+01    0.471199812010006380E-03    0.298389089252649092E+04
    0.109719867977682313E+02    0.831232012896042072E+01    0.100800996076250504E+01    0.221533076645100024E+02    0.946031866769510899E+01    0.210631628062361775E+01    0.904424489263914999E-03    0.298392823291596642E+04
    0.135348875734897245E+02    0.765789672505809094E+01    0.951438184729490266E+00    0.198838008726040130E+02    0.701923590967120603E+01    0.199756634626971419E+01    0.360000259784498677E-04    0.298395490422950570E+04
    0.707193029387554084E+01    0.852661311949060696E+01    0.103759965709484114E+01    0.264169921541602122E+02    0.818757276519707133E+01    0.201525965507294691E+01    0.108437653931806044E-02    0.298400112015630839E+04
    0.117442345082868940E+02    0.979125560957641206E+01    0.101447985698089815E+01    0.245139429075469586E+02    0.481780710074392360E+01    0.182619351483859882E+01    0.254526075559161069E-03    0.298400393877701936E+04
    0.137493029981807560E+02    0.109394781635869478E+02    0.101105122756230381E+01    0.180151747426015554E+02    0.132662299636586472E+02    0.227865059148145921E+01    0.205708961720243999E-03    0.298402014198051802E+04
    0.193449039389958344E+02    0.898463226738171272E+01    0.962836347942516713E+00    0.177962599235957519E+02    0.123950081719610381E+02    0.220639799627547717E+01    0.327155339905405018E-03    0.298402298900025562E+04
    0.106835974250373340E+02    0.762174942723653182E+01    0.992612684655470590E+00    0.148999207688668740E+02    0.129232505418646042E+02    0.224098116782925727E+01    0.962698144865305194E-03    0.298406649670758588E+04
    0.839109086996018405E+01    0.100106253714048705E+02    0.104092344268429771E+01    0.143718777280443142E+02    0.648401851340067736E+01    0.199854110086144510E+01    0.831512946234264083E-04    0.298407541708624376E+04
    0.131517140433355522E+02    0.820446330343105679E+01    0.961083670020092318E+00    0.193057137499842533E+02    0.177800889641033422E+02    0.242990334042481848E+01    0.272016554226518770E-03    0.298408337962880478E+04
    0.793626331669645957E+01    0.915400114952315747E+01    0.106267997365050348E+01    0.701735632791470110E+01    0.628217869588213773E+01    0.200346546842012563E+01    0.787201571965719105E-03    0.298411032705338084E+04
    0.853738186444490665E+01    0.757533621723255823E+01    0.100236596549166057E+01    0.625758866717222517E+01    0.148029027218185121E+02    0.250740444625713144E+01    0.248328834655656139E-03    0.298419565808946527E+04
    0.126604366889170468E+02    0.727698300417661059E+01    0.953934994814386372E+00    0.145625250428797504E+02    0.111186684681759935E+02    0.214733038038932067E+01    0.386299571341890136E-03    0.298424530530143920E+04
    0.851583251196973734E+01    0.720595848804870087E+01    0.100529429909757950E+01    0.134332617934615541E+02    0.918410539321282116E+01    0.201739037967937707E+01    0.101991894332026378E-02    0.298424932480026109E+04
    0.674382086519303492E+01    0.834079567300241642E+01    0.105434991500886444E+01    0.976033582378432740E+01    0.108593136515639799E+02    0.217653592658058281E+01    0.155086041611281200E-02    0.298427880575715335E+04
    0.761490667812588651E+01    0.640678521200508033E+01    0.980264431640751166E+00    0.142690625836702001E+02    0.882176482445917287E+01    0.210997415173880709E+01    0.660017890392460005E-03    0.298428365045865303E+04
    0.934683149010202285E+01    0.690339819212173200E+01    0.965030927428994434E+00    0.176182281037813091E+02    0.562819264096554051E+01    0.187976017626850522E+01    0.625638927829463842E-04    0.298428960968375532E+04
    0.650151984584575704E+01    0.918239702672408242E+01    0.107267423886531454E+01    0.277298592383159530E+02    0.739328388693168925E+01    0.199112730580768105E+01    0.142195934635655497E-02    0.298432616649240799E+04
    0.849004037599086914E+01    0.107161534332546466E+02    0.106106183204543192E+01    0.122702319356197336E+02    0.895726042157886226E+01    0.216415660451611291E+01    0.402889180414638115E-03    0.298440945693963931E+04
    0.833530768900454788E+01    0.696766930134532991E+01    0.100080015346219708E+01    0.688021759989082238E+01    0.115740512213293218E+02    0.226830587371875847E+01    0.747710927703842954E-03    0.298443629679003925E+04
    0.119034115361530812E+02    0.856433172084383010E+01    0.100296224901415809E+01    0.215021545647722334E+02    0.382019678196473134E+01    0.168764067357934855E+01    0.629890524138990160E-04    0.298443675978742704E+04
    0.631341681846440306E+01    0.778417560490856442E+01    0.104278576459611672E+01    0.141629890444049522E+02    0.101026658125331483E+02    0.216838209044135333E+01    0.133457422727435715E-02    0.298445380129048272E+04
    0.997698118573577908E+01    0.106600337687143139E+02    0.104096039363435122E+01    0.177732058799224717E+02    0.113271170694030214E+02    0.224057889289966461E+01    0.410667751296313333E-03    0.298446487929104660E+04
    0.944634630316546975E+01    0.834449737836602878E+01    0.103166331322733651E+01    0.166198672754011412E+02    0.126526489304705230E+02    0.225787369104963709E+01    0.621725088758628974E-03    0.298447121044167807E+04
    0.965636755961397775E+01    0.752714371606690946E+01    0.100429625070827000E+01    0.110211767268470204E+02    0.557501875927205859E+01    0.183166553469996995E+01    0.283923263012832161E-03    0.298457351381503122E+04
    0.183987236625007995E+02    0.100471977264685535E+02    0.987047539234228943E+00    0.134043362343834342E+02    0.192830400407661671E+02    0.233923292266810412E+01    0.333627658492832713E-03    0.298457520999819008E+04
    0.872515093201278802E+01    0.110871054765392323E+02    0.108066116373602972E+01    0.524275324746045079E+01    0.102592738923877125E+02    0.227399864352476344E+01    0.345413624607847358E-03    0.298457893758937098E+04
    0.737767680961156991E+01    0.835470944973548058E+01    0.105116175447752602E+01    0.354373457603923896E+02    0.918964067407432239E+01    0.203592647207631972E+01    0.159675780204843187E-02    0.298458913055234916E+04
    0.711851038480213560E+01    0.989201541308662158E+01    0.108926746956376297E+01    0.136658780956491626E+02    0.695797436537334768E+01    0.195479496101840100E+01    0.136411982451293406E-02    0.298460899434145722E+04
    0.115310312883329225E+02    0.707263490339992540E+01    0.964972469197974192E+00    0.526998697489163561E+02    0.820579888233998567E+01    0.199025373872746014E+01    0.524019275586130873E-03    0.298467512363376318E+04
    0.974026284509926299E+01    0.111198020792047032E+02    0.106845104736031704E+01    0.166436828005565403E+02    0.860570962788560223E+01    0.209451665288569977E+01    0.648543328376563477E-03    0.298470569482814335E+04
    0.149303383261178517E+02    0.761590467593269693E+01    0.952821829691038569E+00    0.290899824100665967E+02    0.107044211109859617E+02    0.218261419402365942E+01    0.141728760671110121E-03    0.298471504455299601E+04
    0.149303383261178517E+02    0.761590467593269693E+01    0.952821829691038569E+00    0.290899824100665967E+02    0.107044211109859617E+02    0.218261419402365942E+01    0.141728760671110121E-03    0.298471504455299601E+04
    0.635455772822270326E+01    0.725617429801124292E+01    0.104911045151617932E+01    0.109562080032789861E+02    0.752203152755884297E+01    0.204614452562781857E+01    0.898422226720291262E-03    0.298474969049245829E+04
    0.105237993487660138E+02    0.839195900718688037E+01    0.101564043717806318E+01    0.231470693456029366E+02    0.705235886905218390E+01    0.182048518272072135E+01    0.261716754642205007E-03    0.298477112683990845E+04
    0.788877917923749017E+01    0.786478706344256651E+01    0.103476121841497037E+01    0.255676674704978915E+02    0.833460476321062238E+01    0.197375143499247852E+01    0.130643190062373210E-02    0.298481031953465754E+04
    0.795301935941816929E+01    0.856748109641821998E+01    0.103660696330264490E+01    0.156133534802046565E+02    0.799493542082741548E+01    0.198797858790342996E+01    0.108014838092539839E-02    0.298481582261054473E+04
    0.967498513906251745E+01    0.992251764287147076E+01    0.103068176580720294E+01    0.169475333188935764E+02    0.855198932316350202E+01    0.211434307009931599E+01    0.301891426056639933E-03    0.298484646657080611E+04
    0.738740728739056074E+01    0.954453990645233041E+01    0.108756343791805477E+01    0.930580327316959099E+01    0.787364968767156892E+01    0.201424418225164326E+01    0.106908313749536771E-02    0.298488203398285623E+04
    0.964666084643845423E+01    0.972127447229237340E+01    0.102134371481437558E+01    0.250191073556781411E+02    0.114593197579261012E+02    0.224911763229354866E+01    0.159894261113582847E-03    0.298491359101344597E+04
    0.479910504658045234E+01    0.758344435357696156E+01    0.107488428144437731E+01    0.177642779703158702E+02    0.697480174088547678E+01    0.195700756486756866E+01    0.158924777334708278E-02    0.298496134993433361E+04
    0.479910504658045234E+01    0.758344435357696156E+01    0.107488428144437731E+01    0.177642779703158702E+02    0.697480174088547678E+01    0.195700756486756866E+01    0.158924777334708278E-02    0.298496134993433361E+04
    0.156297898042615611E+02    0.107144972878594746E+02    0.101160496840664371E+01    0.120266188875174720E+02    0.131256051405490943E+02    0.219378984934197518E+01    0.203645908065874792E-03    0.298498369587516208E+04
    0.957513668485526637E+01    0.698384261991628463E+01    0.993424573673195588E+00    0.149877439537445643E+02    0.167032390705609863E+02    0.233377652524813861E+01    0.673263387089138854E-03    0.298499840391538555E+04
    0.924132257147060088E+01    0.722355596557749458E+01    0.977787248780893292E+00    0.207025564028430509E+02    0.752038907557299474E+01    0.199962705018637976E+01    0.359540336311713060E-03    0.298501067719552611E+04
    0.118959475893144280E+02    0.844097575117081611E+01    0.100077487259657394E+01    0.267023638752469736E+02    0.680035510200469417E+01    0.187574052262387458E+01    0.430536137089598814E-03    0.298504505526551611E+04
    0.792911265128432330E+01    0.104631768331256456E+02    0.108787569449327703E+01    0.769488021033679992E+01    0.794095022431462194E+01    0.207437796288080323E+01    0.749689486084267886E-03    0.298507405437148282E+04
    0.792911265128432330E+01    0.104631768331256456E+02    0.108787569449327703E+01    0.769488021033679992E+01    0.794095022431462194E+01    0.207437796288080323E+01    0.749689486084267886E-03    0.298507405437148282E+04
    0.102977391933402753E+02    0.905729013424317486E+01    0.999171143067829060E+00    0.210450463248465027E+02    0.111522630448332016E+02    0.221904029022439442E+01    0.335333185138980694E-04    0.298510456184258692E+04
    0.102977391933402753E+02    0.905729013424317486E+01    0.999171143067829060E+00    0.210450463248465027E+02    0.111522630448332016E+02    0.221904029022439442E+01    0.335333185138980694E-04    0.298510456184258692E+04
    0.102728500054990821E+02    0.962967981911990734E+01    0.102253981173432540E+01    0.196079994752771540E+02    0.101088519270224086E+02    0.221428483838092527E+01    0.255185069743701920E-03    0.298515135423190986E+04
    0.869863435829807941E+01    0.844837179190605703E+01    0.102854571854872145E+01    0.233779162969775385E+02    0.605610627217656194E+01    0.176552548749758986E+01    0.424147611836407645E-03    0.298518749568967814E+04
    0.108489924956354606E+02    0.109619975710609872E+02    0.104352427163303374E+01    0.210587325749599792E+02    0.860114299941000660E+01    0.198276025572073822E+01    0.314785604612080605E-03    0.298518869180326965E+04
    0.108489924956354606E+02    0.109619975710609872E+02    0.104352427163303374E+01    0.210587325749599792E+02    0.860114299941000660E+01    0.198276025572073822E+01    0.314785604612080605E-03    0.298518869180326965E+04
    0.137948008715684338E+02    0.105463727094042543E+02    0.101483501010143740E+01    0.905984726867078827E+01    0.173723066087215763E+02    0.233121985182314928E+01    0.278006206142766832E-03    0.298519444264142794E+04
    0.808665950210691875E+01    0.708300614777519666E+01    0.100449676249625486E+01    0.107074362371830194E+02    0.821258419600311740E+01    0.192232868232149046E+01    0.277162216898420299E-03    0.298521608564277903E+04
    0.126890726282340847E+02    0.108343326090787748E+02    0.103857796189617257E+01    0.231728777585297507E+02    0.657959457983384688E+01    0.194706104486547460E+01    0.660154014701236358E-04    0.298521675372207619E+04
    0.974651561337115879E+01    0.900866729489377605E+01    0.101658084086379641E+01    0.248765513639976277E+02    0.116029402607801995E+02    0.214958954432864591E+01    0.793192356737332238E-03    0.298524602046134851E+04
    0.767240325151106717E+01    0.641859316406146085E+01    0.981715838695858767E+00    0.113404652264106272E+02    0.154748076189366639E+02    0.231983688523784037E+01    0.797971902888341966E-03    0.298531329764942620E+04
    0.112245966213161203E+02    0.797764183383679537E+01    0.982441075924369356E+00    0.270065763039604541E+02    0.846546083571982066E+01    0.210608252114363470E+01    0.201754711977961132E-03    0.298532947414404771E+04
    0.129625461715091035E+02    0.104226458585977682E+02    0.102084169454475715E+01    0.895583611264311230E+01    0.119505601219471824E+02    0.223378482120986011E+01    0.242955091709455562E-03    0.298538055396446725E+04
    0.736057990931355466E+01    0.830406466595429649E+01    0.102184896790307911E+01    0.184931061054341193E+02    0.214134511083687045E+02    0.235366899633221838E+01    0.754165623062602597E-03    0.298544374920966447E+04
    0.967926033945645337E+01    0.104290336432780180E+02    0.103924046718834329E+01    0.137138000433880904E+02    0.153065451212835129E+02    0.240352792623720024E+01    0.201915991162961161E-03    0.298547974134157721E+04
    0.967926033945645337E+01    0.104290336432780180E+02    0.103924046718834329E+01    0.137138000433880904E+02    0.153065451212835129E+02    0.240352792623720024E+01    0.201915991162961161E-03    0.298547974134157721E+04
    0.855937077686418135E+01    0.983751789532239407E+01    0.104562796459207652E+01    0.888763187797901821E+01    0.174618270711862387E+02    0.247030770655410725E+01    0.575867009085836989E-03    0.298552568086053452E+04
    0.121538194166891991E+02    0.972943862203125320E+01    0.101330036041571248E+01    0.654352347986673788E+01    0.121106853145727005E+02    0.224980410594776759E+01    0.184458227153086463E-03    0.298554889997671944E+04
    0.121538194166891991E+02    0.972943862203125320E+01    0.101330036041571248E+01    0.654352347986673788E+01    0.121106853145727005E+02    0.224980410594776759E+01    0.184458227153086463E-03    0.298554889997671944E+04
    0.715461632958595040E+01    0.740127807723339792E+01    0.103747481862253177E+01    0.270954769218711178E+02    0.919377679752174970E+01    0.194811047707234786E+01    0.111674792590790023E-02    0.298555110731303921E+04
    0.715461632958595040E+01    0.740127807723339792E+01    0.103747481862253177E+01    0.270954769218711178E+02    0.919377679752174970E+01    0.194811047707234786E+01    0.111674792590790023E-02    0.298555110731303921E+04
    0.115958709178048984E+02    0.111703266522217035E+02    0.104059514169882794E+01    0.162465640977380481E+02    0.127258974541643362E+02    0.222222240855039432E+01    0.377400194185521787E-03    0.298555274480264598E+04
    0.112457225486246308E+02    0.864205181607137796E+01    0.100893417070081615E+01    0.999340453736437340E+01    0.146948111787581261E+02    0.229154237210667411E+01    0.675187259167230047E-03    0.298555364560545422E+04
    0.104432745236163633E+02    0.712553944300286357E+01    0.972101384974251803E+00    0.237553807433955733E+02    0.134207098381543179E+02    0.222055808259811638E+01    0.607818836127163586E-03    0.298559583765191019E+04
    0.841078336783776237E+01    0.106920684481404411E+02    0.106328355626996629E+01    0.137853352162335199E+02    0.868652103071169179E+01    0.211006855027780071E+01    0.333060917271213452E-03    0.298560520736283388E+04
    0.841078336783776237E+01    0.106920684481404411E+02    0.106328355626996629E+01    0.137853352162335199E+02    0.868652103071169179E+01    0.211006855027780071E+01    0.333060917271213452E-03    0.298560520736283388E+04
    0.106652830660153910E+02    0.819167343727571762E+01    0.101299053308332998E+01    0.268697801490896246E+02    0.727820852848353450E+01    0.191214421471564355E+01    0.320717042735653435E-03    0.298564176174418071E+04
    0.944694108025954016E+01    0.978863729719619080E+01    0.103011110272350659E+01    0.273173510663196666E+02    0.898244363752388608E+01    0.210120672877551806E+01    0.286019013995754412E-03    0.298564321228298695E+04
    0.944694108025954016E+01    0.978863729719619080E+01    0.103011110272350659E+01    0.273173510663196666E+02    0.898244363752388608E+01    0.210120672877551806E+01    0.286019013995754412E-03    0.298564321228298695E+04
    0.111579438443035901E+02    0.796441780633776464E+01    0.971377654371594956E+00    0.189937733977500187E+02    0.182065957333573252E+02    0.240216578655718704E+01    0.234980347985094817E-03    0.298569765861316682E+04
    0.823807913612690079E+01    0.742867760676408029E+01    0.100735739790060452E+01    0.130643825215070848E+02    0.629100469519783978E+01    0.189508105062896237E+01    0.493774075983471894E-03    0.298572065117167585E+04
    0.110800477640146209E+02    0.778697074208007045E+01    0.986839696084287343E+00    0.262357933457695296E+02    0.883265530562786161E+01    0.196378377212800004E+01    0.362652525253033542E-03    0.298582255450639286E+04
    0.778375572076548305E+01    0.777113220110996750E+01    0.100389512672054004E+01    0.204592485247608735E+02    0.128151105993347763E+02    0.231908052595101388E+01    0.217719596900319001E-03    0.298586065190789577E+04
    0.778375572076548305E+01    0.777113220110996750E+01    0.100389512672054004E+01    0.204592485247608735E+02    0.128151105993347763E+02    0.231908052595101388E+01    0.217719596900319001E-03    0.298586065190789577E+04
    0.771784885585761682E+01    0.685546193996909636E+01    0.100845809223551575E+01    0.873290628991628815E+01    0.120952158424726210E+02    0.226263291185870097E+01    0.500089022256559879E-03    0.298593188754067523E+04
    0.771784885585761682E+01    0.685546193996909636E+01    0.100845809223551575E+01    0.873290628991628815E+01    0.120952158424726210E+02    0.226263291185870097E+01    0.500089022256559879E-03    0.298593188754067523E+04
    0.120284868600390631E+02    0.901607165131860810E+01    0.999040470688363325E+00    0.207307577205596516E+02    0.110488126522115699E+02    0.213134507231841308E+01    0.405592536422534622E-03    0.298594054536991962E+04
    0.765327026774572516E+01    0.891574697610194988E+01    0.104909025530725342E+01    0.128724589076769469E+02    0.854842746931841901E+01    0.206879976708007352E+01    0.869733819716403400E-03    0.298594559115605352E+04
    0.765327026774572516E+01    0.891574697610194988E+01    0.104909025530725342E+01    0.128724589076769469E+02    0.854842746931841901E+01    0.206879976708007352E+01    0.869733819716403400E-03    0.298594559115605352E+04
    0.576451238911939345E+01    0.622086807182885160E+01    0.103122091660712534E+01    0.177265707347955797E+02    0.772733004339474228E+01    0.195603343504715399E+01    0.732999406636861139E-03    0.298598879020142294E+04
    0.576451238911939345E+01    0.622086807182885160E+01    0.103122091660712534E+01    0.177265707347955797E+02    0.772733004339474228E+01    0.195603343504715399E+01    0.732999406636861139E-03    0.298598879020142294E+04
    0.817867389724087346E+01    0.847922535271965039E+01    0.103031905207917207E+01    0.303979468643731536E+02    0.859828386504314146E+01    0.207201673893807969E+01    0.747451309590044244E-03    0.298599583526908373E+04
    0.817867389724087346E+01    0.847922535271965039E+01    0.103031905207917207E+01    0.303979468643731536E+02    0.859828386504314146E+01    0.207201673893807969E+01    0.747451309590044244E-03    0.298599583526908373E+04
    0.953239170591526630E+01    0.759818968260818650E+01    0.985638794752125458E+00    0.143916707517807225E+02    0.122482764792803849E+02    0.229427915580516428E+01    0.203338271465694498E-03    0.298604400825472067E+04
    0.820635822744243271E+01    0.735524295726431099E+01    0.100932405948575710E+01    0.226999554075509238E+02    0.134299232138514775E+02    0.223204548179813234E+01    0.949710484546256728E-03    0.298605365087904374E+04
    0.802839373425378611E+01    0.927760167097051180E+01    0.105066820668574379E+01    0.179282557462602909E+02    0.966908678439550862E+01    0.205782020160847479E+01    0.947166236039631571E-03    0.298606395421250363E+04
    0.802839373425378611E+01    0.927760167097051180E+01    0.105066820668574379E+01    0.179282557462602909E+02    0.966908678439550862E+01    0.205782020160847479E+01    0.947166236039631571E-03    0.298606395421250363E+04
    0.625363570635502608E+01    0.748722637860362195E+01    0.104054961738648721E+01    0.292058559838997809E+02    0.940647873257685774E+01    0.203737756309497176E+01    0.130285890685431088E-02    0.298606783940196692E+04
    0.121035216317075562E+02    0.992788543910080534E+01    0.102948499852239950E+01    0.242974994532709907E+02    0.655260012488133015E+01    0.186994218140071511E+01    0.477218768589818265E-04    0.298607105241080490E+04
    0.913330026778214510E+01    0.894766077052084974E+01    0.102077217700648371E+01    0.233151413403140175E+02    0.792142428804450116E+01    0.201732751842543534E+01    0.408865173973448071E-03    0.298607230285645619E+04
    0.913330026778214510E+01    0.894766077052084974E+01    0.102077217700648371E+01    0.233151413403140175E+02    0.792142428804450116E+01    0.201732751842543534E+01    0.408865173973448071E-03    0.298607230285645619E+04
    0.967968813948312956E+01    0.945757589917985442E+01    0.102400476682777120E+01    0.303920755232618731E+02    0.889136535248936077E+01    0.202086240161278585E+01    0.405536265642610083E-03    0.298608462779091315E+04
    0.107130459787932413E+02    0.950647612257644781E+01    0.102139513715787489E+01    0.928457973829927141E+01    0.156140827088230285E+02    0.236234893752073960E+01    0.495382260307861144E-03    0.298610340772887230E+04
    0.609805850543221251E+01    0.806230174462445781E+01    0.104734773787775803E+01    0.480662690454499320E+01    0.703663486060276089E+01    0.201283444772718401E+01    0.240808333469490210E-03    0.298610764041217180E+04
    0.609805850543221251E+01    0.806230174462445781E+01    0.104734773787775803E+01    0.480662690454499320E+01    0.703663486060276089E+01    0.201283444772718401E+01    0.240808333469490210E-03    0.298610764041217180E+04
    0.105058577021895658E+02    0.901405370348616763E+01    0.102582630877768222E+01    0.329278200428092944E+02    0.670659305815024975E+01    0.186080304964237553E+01    0.422537697540831259E-03    0.298611367289509781E+04
    0.943064667777193399E+01    0.845906812715551837E+01    0.100980549536540543E+01    0.149696016262175107E+02    0.130396424301374765E+02    0.234728148339198306E+01    0.187867098793266518E-03    0.298611750523598539E+04
    0.943064667777193399E+01    0.845906812715551837E+01    0.100980549536540543E+01    0.149696016262175107E+02    0.130396424301374765E+02    0.234728148339198306E+01    0.187867098793266518E-03    0.298611750523598539E+04
    0.642211756673515310E+01    0.843831818727341165E+01    0.107351287276590734E+01    0.149438370381191756E+02    0.746498484651275085E+01    0.194003896711179147E+01    0.123393152154786800E-02    0.298613036042315525E+04
    0.642211756673515310E+01    0.843831818727341165E+01    0.107351287276590734E+01    0.149438370381191756E+02    0.746498484651275085E+01    0.194003896711179147E+01    0.123393152154786800E-02    0.298613036042315525E+04
    0.633821333462735303E+01    0.806309664007313387E+01    0.106842119070318486E+01    0.995204612652059595E+01    0.896116112796660680E+01    0.204512416296095978E+01    0.116761186013749491E-02    0.298616703504529823E+04
    0.633821333462735303E+01    0.806309664007313387E+01    0.106842119070318486E+01    0.995204612652059595E+01    0.896116112796660680E+01    0.204512416296095978E+01    0.116761186013749491E-02    0.298616703504529823E+04
    0.113861473187580415E+02    0.842559302066723248E+01    0.991418093051635863E+00    0.260531011231272984E+02    0.853753792719665938E+01    0.198708357462977592E+01    0.250624633838222866E-03    0.298618454601398753E+04
    0.106615213423904578E+02    0.715886088461425452E+01    0.979823146031637005E+00    0.203866271311838290E+02    0.993073503381824452E+01    0.205946778683284615E+01    0.278187947210406517E-03    0.298620285213531997E+04
    0.106615213423904578E+02    0.715886088461425452E+01    0.979823146031637005E+00    0.203866271311838290E+02    0.993073503381824452E+01    0.205946778683284615E+01    0.278187947210406517E-03    0.298620285213531997E+04
    0.565497205766384958E+01    0.715201818832213387E+01    0.104812558237376652E+01    0.423038284706352563E+01    0.761992808417508094E+01    0.209284835107339173E+01    0.574525720957452801E-03    0.298620906141018713E+04
    0.100058350880595022E+02    0.920999314872505792E+01    0.103729687773537171E+01    0.299849920578307376E+02    0.940604335617794973E+01    0.201938539456228439E+01    0.686748835645949185E-03    0.298622987374749300E+04
    0.683363793245158657E+01    0.753589870707219855E+01    0.103082894697358718E+01    0.196234272700647701E+02    0.716994125341795474E+01    0.202941510165272820E+01    0.595624451659941545E-03    0.298623339668904418E+04
    0.727015830855798839E+01    0.705186804835746006E+01    0.100954369886284168E+01    0.167410052631505621E+02    0.795776378869709955E+01    0.201772351528087635E+01    0.692432116639517259E-03    0.298623385467259277E+04
    0.727015830855798839E+01    0.705186804835746006E+01    0.100954369886284168E+01    0.167410052631505621E+02    0.795776378869709955E+01    0.201772351528087635E+01    0.692432116639517259E-03    0.298623385467259277E+04
    0.114991137371105214E+02    0.995622565829264694E+01    0.102875950222919932E+01    0.132997404039501799E+02    0.126101349464109802E+02    0.214745508705168131E+01    0.342434620473348883E-03    0.298624775872195414E+04
    0.114991137371105214E+02    0.995622565829264694E+01    0.102875950222919932E+01    0.132997404039501799E+02    0.126101349464109802E+02    0.214745508705168131E+01    0.342434620473348883E-03    0.298624775872195414E+04
    0.978174862785748189E+01    0.929051504283360785E+01    0.103665576375373591E+01    0.264171027124608173E+02    0.111552671735522928E+02    0.207884821456597013E+01    0.811395994402309972E-03    0.298630382001106227E+04
    0.978174862785748189E+01    0.929051504283360785E+01    0.103665576375373591E+01    0.264171027124608173E+02    0.111552671735522928E+02    0.207884821456597013E+01    0.811395994402309972E-03    0.298630382001106227E+04
    0.633070770466411936E+01    0.705967654476125173E+01    0.101660424779782077E+01    0.215039493623263382E+02    0.902516885259074009E+01    0.202517054872629565E+01    0.769692277985026263E-03    0.298636374416437502E+04
    0.720342009216434498E+01    0.665814258713311702E+01    0.101227541086543460E+01    0.135465908505831383E+02    0.822005920594169126E+01    0.205108186498047385E+01    0.354533870169072840E-03    0.298636693173922959E+04
    0.929104896327985230E+01    0.991753806848204711E+01    0.103626040225558413E+01    0.151493979301749739E+02    0.134215476769314961E+02    0.231091568393266389E+01    0.256754877607817678E-03    0.298637978866099365E+04
    0.608048834811185301E+01    0.792719927052330053E+01    0.105313736142833037E+01    0.423508308385253400E+02    0.560686165257916702E+01    0.178474237345225006E+01    0.100817547553460479E-02    0.298640785957190792E+04
    0.608048834811185301E+01    0.792719927052330053E+01    0.105313736142833037E+01    0.423508308385253400E+02    0.560686165257916702E+01    0.178474237345225006E+01    0.100817547553460479E-02    0.298640785957190792E+04
    0.959527012367207632E+01    0.904174725891279429E+01    0.103035787588101257E+01    0.195501710430750677E+02    0.800086629098601776E+01    0.193622318513825675E+01    0.450603211623497313E-03    0.298644995433611666E+04
    0.959527012367207632E+01    0.904174725891279429E+01    0.103035787588101257E+01    0.195501710430750677E+02    0.800086629098601776E+01    0.193622318513825675E+01    0.450603211623497313E-03    0.298644995433611666E+04
    0.779729524833553445E+01    0.928032441409760267E+01    0.105635758975139415E+01    0.124145486899056312E+02    0.158467099848859725E+02    0.225407209600920178E+01    0.107814487253522079E-02    0.298645136698717579E+04
    0.779729524833553445E+01    0.928032441409760267E+01    0.105635758975139415E+01    0.124145486899056312E+02    0.158467099848859725E+02    0.225407209600920178E+01    0.107814487253522079E-02    0.298645136698717579E+04
    0.100886518276027761E+02    0.896009774977537354E+01    0.102449413948565593E+01    0.208537635628287639E+02    0.116445922326503037E+02    0.212238858903523653E+01    0.702604369769273263E-03    0.298645408044092710E+04
    0.100886518276027761E+02    0.896009774977537354E+01    0.102449413948565593E+01    0.208537635628287639E+02    0.116445922326503037E+02    0.212238858903523653E+01    0.702604369769273263E-03    0.298645408044092710E+04
    0.643137135561195628E+01    0.748833207183122340E+01    0.102430115270950428E+01    0.207765097452788297E+02    0.593987757667368665E+01    0.187172839682614911E+01    0.450194855707623798E-03    0.298647433503357843E+04
    0.643137135561195628E+01    0.748833207183122340E+01    0.102430115270950428E+01    0.207765097452788297E+02    0.593987757667368665E+01    0.187172839682614911E+01    0.450194855707623798E-03    0.298647433503357843E+04
    0.634892183454424419E+01    0.616213953478835919E+01    0.989591432345342192E+00    0.785765744443758418E+01    0.169965470950222866E+02    0.240669283734165695E+01    0.513521552293907946E-03    0.298648093258763629E+04
    0.634892183454424419E+01    0.616213953478835919E+01    0.989591432345342192E+00    0.785765744443758418E+01    0.169965470950222866E+02    0.240669283734165695E+01    0.513521552293907946E-03    0.298648093258763629E+04
    0.737269154839344498E+01    0.723437529559434012E+01    0.101730253908083013E+01    0.104705968309646593E+02    0.103816124865436983E+02    0.222571141643182013E+01    0.374198991239645118E-03    0.298649895609581790E+04
    0.737269154839344498E+01    0.723437529559434012E+01    0.101730253908083013E+01    0.104705968309646593E+02    0.103816124865436983E+02    0.222571141643182013E+01    0.374198991239645118E-03    0.298649895609581790E+04
    0.892119624592483262E+01    0.839115170072109784E+01    0.102048116753005957E+01    0.896887315559288822E+01    0.114489056629327468E+02    0.220189730067651901E+01    0.566146623097278645E-03    0.298652540506096193E+04
    0.892119624592483262E+01    0.839115170072109784E+01    0.102048116753005957E+01    0.896887315559288822E+01    0.114489056629327468E+02    0.220189730067651901E+01    0.566146623097278645E-03    0.298652540506096193E+04
    0.105773979247932797E+02    0.982636285613491367E+01    0.103596368166589903E+01    0.113302400875885159E+02    0.954235239549678482E+01    0.213842570757141948E+01    0.165514744032646544E-03    0.298657758802992385E+04
    0.823744247364419024E+01    0.911064191828329228E+01    0.104996598634016758E+01    0.135354623212660101E+02    0.869703448344074914E+01    0.212032336672536337E+01    0.401696040318290370E-03    0.298659547168037761E+04
    0.823744247364419024E+01    0.911064191828329228E+01    0.104996598634016758E+01    0.135354623212660101E+02    0.869703448344074914E+01    0.212032336672536337E+01    0.401696040318290370E-03    0.298659547168037761E+04
    0.634258466196243642E+01    0.777021631361695508E+01    0.102683853928952296E+01    0.238776451475388996E+02    0.946360287450908366E+01    0.203231620973427773E+01    0.490020244889782797E-03    0.298659735296839517E+04
    0.787436388446537716E+01    0.948082666724277701E+01    0.105340093843395199E+01    0.662389643564580499E+01    0.152817122897728108E+02    0.228663003249591013E+01    0.596822297924105849E-03    0.298661541207463506E+04
    0.896972372664155770E+01    0.948562102032803622E+01    0.104414161503442227E+01    0.171485649327392942E+02    0.115328776024785071E+02    0.220142901801043145E+01    0.636656185386268170E-03    0.298662019482490905E+04
    0.101440294325173870E+02    0.874504544991791377E+01    0.102028430209872112E+01    0.124431417384401524E+02    0.800111732103359863E+01    0.194871633578657777E+01    0.824671947610711165E-04    0.298663769314578076E+04
    0.103108480640617302E+02    0.798082180425209664E+01    0.989032108086661532E+00    0.215822030063079779E+02    0.106064955160505079E+02    0.210167646971695055E+01    0.312480816476182199E-03    0.298665112534713944E+04
    0.606160958364275615E+01    0.699712690695509743E+01    0.102437835731459992E+01    0.108328709745449121E+02    0.173204906592532666E+02    0.234280839774223271E+01    0.107099278316280522E-02    0.298665859442862802E+04
    0.606160958364275615E+01    0.699712690695509743E+01    0.102437835731459992E+01    0.108328709745449121E+02    0.173204906592532666E+02    0.234280839774223271E+01    0.107099278316280522E-02    0.298665859442862802E+04
    0.944779707141126757E+01    0.801184076552777746E+01    0.998233151926290030E+00    0.138215604937174099E+02    0.891356975312254107E+01    0.207738469554539806E+01    0.224819332219280965E-03    0.298667366351178316E+04
    0.743613688632822711E+01    0.790746602973783919E+01    0.103894568474697979E+01    0.153330939357773310E+02    0.667436016782523200E+01    0.198647834809320734E+01    0.355664577857912889E-03    0.298667428380956608E+04
    0.600664727648275143E+01    0.684346926063103123E+01    0.104129532579637574E+01    0.815406978481479072E+01    0.653463047767797978E+01    0.186494915183586274E+01    0.260387326570327149E-03    0.298668691703689046E+04
    0.113868824483912636E+02    0.100994116879004636E+02    0.103356755020771107E+01    0.232981363483395434E+02    0.108464943141754375E+02    0.209341770878787248E+01    0.346726891404705584E-03    0.298678141578968916E+04
    0.113868824483912636E+02    0.100994116879004636E+02    0.103356755020771107E+01    0.232981363483395434E+02    0.108464943141754375E+02    0.209341770878787248E+01    0.346726891404705584E-03    0.298678141578968916E+04
    0.119566135459171292E+02    0.984676268010341538E+01    0.101504523442222094E+01    0.126966592952140491E+02    0.185244296308849172E+02    0.237036651082327188E+01    0.316853671211959897E-03    0.298679658931105860E+04
    0.119566135459171292E+02    0.984676268010341538E+01    0.101504523442222094E+01    0.126966592952140491E+02    0.185244296308849172E+02    0.237036651082327188E+01    0.316853671211959897E-03    0.298679658931105860E+04
    0.707038468352513760E+01    0.860759249214240718E+01    0.104352031717755112E+01    0.130887201335277688E+02    0.551883980077484182E+01    0.191237700951467571E+01    0.186157409546965080E-03    0.298682521318819499E+04
    0.707038468352513760E+01    0.860759249214240718E+01    0.104352031717755112E+01    0.130887201335277688E+02    0.551883980077484182E+01    0.191237700951467571E+01    0.186157409546965080E-03    0.298682521318819499E+04
    0.552680092844789961E+01    0.670973287294193632E+01    0.104382692424728063E+01    0.992750858350812848E+01    0.539334500583502674E+01    0.177939508021895998E+01    0.351708841423659102E-03    0.298685579514763504E+04
    0.552680092844789961E+01    0.670973287294193632E+01    0.104382692424728063E+01    0.992750858350812848E+01    0.539334500583502674E+01    0.177939508021895998E+01    0.351708841423659102E-03    0.298685579514763504E+04
    0.886534173362959166E+01    0.727340890404950358E+01    0.999230251890931620E+00    0.203394191302809446E+02    0.131447395812976318E+02    0.223805404014004772E+01    0.520566873783726014E-03    0.298686077833342461E+04
    0.886534173362959166E+01    0.727340890404950358E+01    0.999230251890931620E+00    0.203394191302809446E+02    0.131447395812976318E+02    0.223805404014004772E+01    0.520566873783726014E-03    0.298686077833342461E+04
    0.103432097523695248E+02    0.827566049650923574E+01    0.100177994839684459E+01    0.182487225739645709E+02    0.866728537666044474E+01    0.202009038557309628E+01    0.256528597726637941E-03    0.298690490371080068E+04
    0.766447742698692469E+01    0.829350549382373714E+01    0.105222265820170824E+01    0.140614630571062094E+02    0.813304496056552217E+01    0.197153278430888834E+01    0.561181304837753137E-03    0.298691016162447931E+04
    0.766447742698692469E+01    0.829350549382373714E+01    0.105222265820170824E+01    0.140614630571062094E+02    0.813304496056552217E+01    0.197153278430888834E+01    0.561181304837753137E-03    0.298691016162447931E+04
    0.685059327446876054E+01    0.708345090979063929E+01    0.101590084584486795E+01    0.799765871698485942E+01    0.962369661359424988E+01    0.217620189185410773E+01    0.423846758879846408E-03    0.298691839433508085E+04
    0.685059327446876054E+01    0.708345090979063929E+01    0.101590084584486795E+01    0.799765871698485942E+01    0.962369661359424988E+01    0.217620189185410773E+01    0.423846758879846408E-03    0.298691839433508085E+04
    0.100708209946642118E+02    0.991036918214275353E+01    0.104692693983101681E+01    0.146975231571768354E+02    0.109215837203314159E+02    0.216933349914446483E+01    0.258426373646876428E-03    0.298692253285444622E+04
    0.801138149258937560E+01    0.905645429695456095E+01    0.103608548327395389E+01    0.166823739089413401E+02    0.815463644955210931E+01    0.208307677929776602E+01    0.172155571758293713E-03    0.298693549422564865E+04
    0.116044544938531491E+02    0.103947033939658411E+02    0.102933787727779946E+01    0.158538925881174055E+02    0.112978982017507050E+02    0.216613320387683439E+01    0.833727456063040884E-04    0.298696152930697417E+04
    0.116044544938531491E+02    0.103947033939658411E+02    0.102933787727779946E+01    0.158538925881174055E+02    0.112978982017507050E+02    0.216613320387683439E+01    0.833727456063040884E-04    0.298696152930697417E+04
    0.109278820978526880E+02    0.772164686522562338E+01    0.975971909956091177E+00    0.191117297896494449E+02    0.109971923238515785E+02    0.213986615195756480E+01    0.895920940746225414E-04    0.298697721684581302E+04
    0.109278820978526880E+02    0.772164686522562338E+01    0.975971909956091177E+00    0.191117297896494449E+02    0.109971923238515785E+02    0.213986615195756480E+01    0.895920940746225414E-04    0.298697721684581302E+04
    0.920070181896838513E+01    0.774071300006984053E+01    0.100417699411912364E+01    0.127108347417337288E+02    0.903324338485532685E+01    0.197973041709606878E+01    0.555750998288556675E-04    0.298700452854948890E+04
    0.920070181896838513E+01    0.774071300006984053E+01    0.100417699411912364E+01    0.127108347417337288E+02    0.903324338485532685E+01    0.197973041709606878E+01    0.555750998288556675E-04    0.298700452854948890E+04
    0.525893838336657016E+01    0.842939710531213038E+01    0.106703422532741699E+01    0.142528390543592707E+02    0.114622385134666587E+02    0.222727836555743419E+01    0.605867093255677003E-03    0.298700540669680959E+04
    0.619837777125249545E+01    0.757659620515623011E+01    0.105638362499383298E+01    0.735288789387975328E+01    0.648236510491495643E+01    0.192670141556591501E+01    0.486303573533200528E-03    0.298701087562340217E+04
    0.905392915854886482E+01    0.994031466154525845E+01    0.104792905241651435E+01    0.154100718675122597E+02    0.194095935825956474E+02    0.236371256448909906E+01    0.752412908916678946E-03    0.298704759973571436E+04
    0.905392915854886482E+01    0.994031466154525845E+01    0.104792905241651435E+01    0.154100718675122597E+02    0.194095935825956474E+02    0.236371256448909906E+01    0.752412908916678946E-03    0.298704759973571436E+04
    0.893187441558690232E+01    0.781879465800204176E+01    0.101718995755918629E+01    0.992213472957877585E+01    0.121231655048198697E+02    0.223974436235513386E+01    0.264481501410659958E-03    0.298705731686104764E+04
    0.893187441558690232E+01    0.781879465800204176E+01    0.101718995755918629E+01    0.992213472957877585E+01    0.121231655048198697E+02    0.223974436235513386E+01    0.264481501410659958E-03    0.298705731686104764E+04
    0.802307130226712673E+01    0.760085509191336151E+01    0.101367457542271189E+01    0.222554666370379337E+02    0.850408325684004218E+01    0.196990855371106344E+01    0.563347337648248403E-03    0.298707425503387094E+04
    0.706015748366784379E+01    0.772893601117772011E+01    0.103121643443899091E+01    0.308577583829997337E+02    0.151430448851372397E+02    0.224835480210446148E+01    0.110659775899352164E-02    0.298707773402569728E+04
    0.706015748366784379E+01    0.772893601117772011E+01    0.103121643443899091E+01    0.308577583829997337E+02    0.151430448851372397E+02    0.224835480210446148E+01    0.110659775899352164E-02    0.298707773402569728E+04
    0.630855960871382315E+01    0.804120240608781067E+01    0.103948221796540330E+01    0.114262412284842512E+02    0.144938772013416752E+02    0.232678968229980176E+01    0.668320260078916761E-03    0.298708837674969300E+04
    0.815998291821257382E+01    0.733041319351172671E+01    0.101339307038491322E+01    0.122871799187988380E+02    0.130773219315522624E+02    0.220825815970022621E+01    0.621233841968091283E-03    0.298709357842130066E+04
    0.815998291821257382E+01    0.733041319351172671E+01    0.101339307038491322E+01    0.122871799187988380E+02    0.130773219315522624E+02    0.220825815970022621E+01    0.621233841968091283E-03    0.298709357842130066E+04
    0.694969178541892951E+01    0.638580274196561959E+01    0.998126375480552497E+00    0.154537663259417588E+02    0.100186643438633922E+02    0.205561125183464988E+01    0.514990867525634555E-03    0.298709682076369108E+04
    0.694969178541892951E+01    0.638580274196561959E+01    0.998126375480552497E+00    0.154537663259417588E+02    0.100186643438633922E+02    0.205561125183464988E+01    0.514990867525634555E-03    0.298709682076369108E+04
    0.816740090324282697E+01    0.827484046058641809E+01    0.104066018327804288E+01    0.156538932879904440E+02    0.965249063337951796E+01    0.207023203733381456E+01    0.593802713355573442E-03    0.298710445704309495E+04
    0.593349952737788033E+01    0.795490985199948852E+01    0.104366805150100594E+01    0.181241172264680479E+02    0.131304710928938047E+02    0.229968151544656196E+01    0.546897396087667187E-03    0.298711993818644487E+04
    0.683125015842214101E+01    0.743647573512178539E+01    0.101801129090769238E+01    0.612112055595499172E+01    0.736770725488445777E+01    0.205778605035621176E+01    0.221256144293038859E-04    0.298712916209717014E+04
    0.103644148528391895E+02    0.846643073277549263E+01    0.101168640759174577E+01    0.124192586133083012E+02    0.854197593301641689E+01    0.207351533622323192E+01    0.170656390026113769E-04    0.298715242724719064E+04
    0.103644148528391895E+02    0.846643073277549263E+01    0.101168640759174577E+01    0.124192586133083012E+02    0.854197593301641689E+01    0.207351533622323192E+01    0.170656390026113769E-04    0.298715242724719064E+04
    0.876366355939547326E+01    0.841581977042510765E+01    0.100868876754673353E+01    0.190216572837022078E+02    0.105942570145877468E+02    0.214555617664878362E+01    0.165428123149985451E-03    0.298716516334694279E+04
    0.876366355939547326E+01    0.841581977042510765E+01    0.100868876754673353E+01    0.190216572837022078E+02    0.105942570145877468E+02    0.214555617664878362E+01    0.165428123149985451E-03    0.298716516334694279E+04
    0.869334591892546271E+01    0.910198102189899494E+01    0.104557804173994606E+01    0.216972772111417314E+02    0.900588127085772250E+01    0.204993497575693695E+01    0.573684828767739852E-03    0.298717283238873506E+04
    0.710479276291808581E+01    0.694403314008084216E+01    0.101352524091007190E+01    0.119571837222994422E+02    0.150892640370682720E+02    0.231458080690274226E+01    0.736676587825099705E-03    0.298717838985755861E+04
    0.102016401244985619E+02    0.911468202951671813E+01    0.101636178268715027E+01    0.136404428631438357E+02    0.104675210128998266E+02    0.217060603626711091E+01    0.132660473203108364E-03    0.298718704853323925E+04
    0.109628479147954678E+02    0.872971940037085048E+01    0.998875011896783849E+00    0.138436469899788612E+02    0.144870250621797112E+02    0.226441871676647244E+01    0.201820974851135704E-03    0.298719886098351708E+04
    0.109628479147954678E+02    0.872971940037085048E+01    0.998875011896783849E+00    0.138436469899788612E+02    0.144870250621797112E+02    0.226441871676647244E+01    0.201820974851135704E-03    0.298719886098351708E+04
    0.581454434600676162E+01    0.632399367693361736E+01    0.101935631646305724E+01    0.170560256427206447E+02    0.629619890172722130E+01    0.185794169212198024E+01    0.511510926201087790E-03    0.298721680534599909E+04
    0.581454434600676162E+01    0.632399367693361736E+01    0.101935631646305724E+01    0.170560256427206447E+02    0.629619890172722130E+01    0.185794169212198024E+01    0.511510926201087790E-03    0.298721680534599909E+04
    0.758550139665273360E+01    0.766095315077035455E+01    0.101472445244986376E+01    0.108101195541093045E+02    0.187680793999616213E+02    0.235468259357316567E+01    0.716608307807890810E-03    0.298727504563925413E+04
    0.758550139665273360E+01    0.766095315077035455E+01    0.101472445244986376E+01    0.108101195541093045E+02    0.187680793999616213E+02    0.235468259357316567E+01    0.716608307807890810E-03    0.298727504563925413E+04
    0.810017371506923389E+01    0.888008878583664796E+01    0.105347193052296806E+01    0.159325576379937051E+02    0.871293878895220075E+01    0.201393494885428037E+01    0.592366013793615975E-03    0.298728044439086761E+04
    0.810017371506923389E+01    0.888008878583664796E+01    0.105347193052296806E+01    0.159325576379937051E+02    0.871293878895220075E+01    0.201393494885428037E+01    0.592366013793615975E-03    0.298728044439086761E+04
    0.871868162881662911E+01    0.942225561707220827E+01    0.104372027321115501E+01    0.272120503428244156E+02    0.141940230370924620E+02    0.222682128294577364E+01    0.753584214483245252E-03    0.298732074391836068E+04
    0.935031582723505394E+01    0.764470637181424273E+01    0.998188629571556407E+00    0.129237680666029604E+02    0.930559141944435098E+01    0.213584858493860308E+01    0.580628862483015262E-04    0.298732550181862507E+04
    0.773660835391395718E+01    0.931133860273168423E+01    0.106256501752033250E+01    0.110881795234035039E+02    0.174418268121680029E+02    0.239341002991614138E+01    0.797865962099665593E-03    0.298739169346994686E+04
    0.851559875865111060E+01    0.876867904373617435E+01    0.102971374112711622E+01    0.220980887174324856E+02    0.996189984142658602E+01    0.217466753371496857E+01    0.173538511847100285E-03    0.298741229193086428E+04
    0.880104064981860645E+01    0.851241118743160285E+01    0.103402828438189309E+01    0.177635019324963466E+02    0.129136265907798702E+02    0.218990655583140947E+01    0.636993132811458640E-03    0.298741554273199290E+04
    0.781354301456485079E+01    0.809528437088984631E+01    0.103068301951324304E+01    0.164317247368114359E+02    0.157981008306543416E+02    0.236482970913680335E+01    0.581559859810808211E-03    0.298741624093095743E+04
    0.808814586383065404E+01    0.682673636047221510E+01    0.992928199109300191E+00    0.142805223997686053E+02    0.890646227086173958E+01    0.205047529745726198E+01    0.242578496967356394E-03    0.298742372947394142E+04
    0.538978404411479151E+01    0.694137299994353363E+01    0.103373725256655091E+01    0.282061725659157503E+02    0.574421338039156559E+01    0.180963849839614088E+01    0.539514319573525247E-03    0.298742850097025530E+04
    0.749301945917844758E+01    0.899639968244727406E+01    0.105239092493940656E+01    0.157184379358888382E+02    0.804069258503641748E+01    0.209100594365314407E+01    0.217504565767044633E-03    0.298742975433584616E+04
    0.876905758179122152E+01    0.101388226830722026E+02    0.106681941495243127E+01    0.266801071086130577E+02    0.108190235751804682E+02    0.207920311723024964E+01    0.608782053574126458E-03    0.298743332451303058E+04
    0.774644838218851994E+01    0.913550899713202114E+01    0.104259977951798022E+01    0.156675415862556626E+02    0.125011616159099752E+02    0.221877985258202060E+01    0.491790558525377619E-03    0.298743473286559401E+04
    0.793323593086535261E+01    0.855302181955968166E+01    0.104443022387518170E+01    0.148533815871938888E+02    0.125609740610525655E+02    0.226897200186045422E+01    0.379600626491262416E-03    0.298744603635573412E+04
    0.793323593086535261E+01    0.855302181955968166E+01    0.104443022387518170E+01    0.148533815871938888E+02    0.125609740610525655E+02    0.226897200186045422E+01    0.379600626491262416E-03    0.298744603635573412E+04
    0.107426098490405177E+02    0.105551999395712421E+02    0.104092626649394071E+01    0.231501677068892313E+02    0.939098354228763199E+01    0.203707877963739659E+01    0.140465727186747658E-04    0.298748009733299750E+04
    0.976294997388177777E+01    0.849893047110563771E+01    0.101442448308910538E+01    0.928492975001586451E+01    0.107376527631010674E+02    0.221416478953717677E+01    0.236278182504656709E-04    0.298750611324717329E+04
    0.790408118858288233E+01    0.850848961234932588E+01    0.103191949622245183E+01    0.132791247047664189E+02    0.128345186058599197E+02    0.223014213268566630E+01    0.599991298185054145E-03    0.298751238775820957E+04
    0.790408118858288233E+01    0.850848961234932588E+01    0.103191949622245183E+01    0.132791247047664189E+02    0.128345186058599197E+02    0.223014213268566630E+01    0.599991298185054145E-03    0.298751238775820957E+04
    0.794144954491417110E+01    0.849417357027605036E+01    0.104366364669609957E+01    0.201989602557845132E+02    0.100860969432717287E+02    0.208636677194669362E+01    0.699666375996763068E-03    0.298752468398419569E+04
    0.665515206808169690E+01    0.672794212609299880E+01    0.100359699663089819E+01    0.147163930416102975E+02    0.124521922642904617E+02    0.227607617935429696E+01    0.301359958769634173E-03    0.298755096388817765E+04
    0.673315357054980090E+01    0.618114439177097630E+01    0.995031831432960368E+00    0.178864992551155773E+02    0.109958257912612787E+02    0.207810679855621228E+01    0.438062463237215427E-03    0.298757406515313414E+04
    0.673315357054980090E+01    0.618114439177097630E+01    0.995031831432960368E+00    0.178864992551155773E+02    0.109958257912612787E+02    0.207810679855621228E+01    0.438062463237215427E-03    0.298757406515313414E+04
    0.667696238140637632E+01    0.724061590963601720E+01    0.103243501077019562E+01    0.159475928813257610E+02    0.653138981492811688E+01    0.185529678889341798E+01    0.438439915474819752E-03    0.298758371644688168E+04
    0.868362724915056816E+01    0.909350158137538855E+01    0.103451638082242492E+01    0.849024708979527176E+01    0.140506090513543249E+02    0.232900186402058296E+01    0.306310506570012242E-03    0.298758631243966738E+04
    0.868362724915056816E+01    0.909350158137538855E+01    0.103451638082242492E+01    0.849024708979527176E+01    0.140506090513543249E+02    0.232900186402058296E+01    0.306310506570012242E-03    0.298758631243966738E+04
    0.842605398886473900E+01    0.881366012241094765E+01    0.103283991120814722E+01    0.229796793928402927E+02    0.989857273737962728E+01    0.203065880540574062E+01    0.463753188917365167E-03    0.298763414364504069E+04
    0.648695456343147381E+01    0.922157452449410542E+01    0.106872815851525615E+01    0.216435785979742370E+02    0.841957221991993165E+01    0.192862259818178261E+01    0.492926943908358894E-03    0.298764964548259923E+04
    0.782430363404367846E+01    0.691044751027077631E+01    0.100596842741644954E+01    0.180272457010223874E+02    0.639779249331044930E+01    0.185469633899739961E+01    0.379849271988086379E-04    0.298765027688914415E+04
    0.574501998138692827E+01    0.939574087978504124E+01    0.109178126725959102E+01    0.212872400317238473E+02    0.897535697819147060E+01    0.209294568930368108E+01    0.770105957347444470E-03    0.298766137400329126E+04
    0.613761159184532801E+01    0.757565664029346664E+01    0.105318631876152913E+01    0.172895799704132216E+02    0.683697860176889449E+01    0.186256763136448877E+01    0.706017828627440724E-03    0.298766705686926707E+04
    0.613761159184532801E+01    0.757565664029346664E+01    0.105318631876152913E+01    0.172895799704132216E+02    0.683697860176889449E+01    0.186256763136448877E+01    0.706017828627440724E-03    0.298766705686926707E+04
    0.799957501036612495E+01    0.870321976431066524E+01    0.103756797016395996E+01    0.217238908918889493E+02    0.150453271987572563E+02    0.232009278399743968E+01    0.581782353403816066E-03    0.298766979341393608E+04
    0.799957501036612495E+01    0.870321976431066524E+01    0.103756797016395996E+01    0.217238908918889493E+02    0.150453271987572563E+02    0.232009278399743968E+01    0.581782353403816066E-03    0.298766979341393608E+04
    0.696897487210301403E+01    0.668859981213623378E+01    0.101385741060321011E+01    0.236839772309146142E+02    0.102868777527009456E+02    0.213198224532889702E+01    0.267606601668461674E-03    0.298767503719750403E+04
    0.623495255078268951E+01    0.714144147088533376E+01    0.102277684202619756E+01    0.110979428762363952E+02    0.149417940150496218E+02    0.230803331073756235E+01    0.703599070169605434E-03    0.298768286932320234E+04
    0.103396348429745668E+02    0.959129308861606056E+01    0.101507712301165487E+01    0.137699750558487661E+02    0.213170422797063566E+02    0.247391857326041231E+01    0.251719414907231043E-04    0.298770193505227689E+04
    0.907593222035903757E+01    0.848710875201897252E+01    0.103131139522155157E+01    0.224179731768312678E+02    0.107375123194448658E+02    0.210418432034971570E+01    0.384950418441123987E-03    0.298770247068339859E+04
    0.720336919297737932E+01    0.705177333907325821E+01    0.100689437626583045E+01    0.133288639852756372E+02    0.131671325353336606E+02    0.219948023609575349E+01    0.558360775634161866E-03    0.298771170766706928E+04
    0.720336919297737932E+01    0.705177333907325821E+01    0.100689437626583045E+01    0.133288639852756372E+02    0.131671325353336606E+02    0.219948023609575349E+01    0.558360775634161866E-03    0.298771170766706928E+04
    0.753314669332683096E+01    0.803376110993190196E+01    0.104045236434110921E+01    0.117159048556981240E+02    0.158093017670297122E+02    0.234201033590518026E+01    0.635256538819316263E-03    0.298771612174184338E+04
    0.735315620791377711E+01    0.694665879831222899E+01    0.100251147874574631E+01    0.191026828199125127E+02    0.121005038798553848E+02    0.217940244074538914E+01    0.529402644991169846E-03    0.298772092546370004E+04
    0.821974259655875628E+01    0.728907172332437092E+01    0.100037047309556537E+01    0.195079840822209007E+02    0.823200312822324420E+01    0.201719710899646287E+01    0.234254925575397288E-03    0.298775213284006077E+04
    0.465451138303913758E+01    0.665626112441936524E+01    0.105692171277551816E+01    0.213820392640365924E+02    0.793340894922619366E+01    0.196182234367681274E+01    0.107702380815999366E-02    0.298775885088548694E+04
    0.780905862128019113E+01    0.988180765589473253E+01    0.106923571034551967E+01    0.179287772459443993E+02    0.941372846577790945E+01    0.199328972564376339E+01    0.453630097234584972E-03    0.298775983197492815E+04
    0.685508490578252250E+01    0.669900966160588673E+01    0.996022056843216097E+00    0.199017286864362219E+02    0.112221762159288048E+02    0.216935900213175303E+01    0.309116142349942502E-03    0.298776781611194110E+04
    0.698752660219994581E+01    0.660045333692917424E+01    0.101181898141866555E+01    0.133649377411538133E+02    0.909086372756235050E+01    0.203277492015910610E+01    0.281295435380794767E-03    0.298777476535878986E+04
    0.748044056984461747E+01    0.652194823525641265E+01    0.999867723565732058E+00    0.187847444289182022E+02    0.111876550030026163E+02    0.211891736039331224E+01    0.326969210822182499E-03    0.298780026558062445E+04
    0.588039744884552196E+01    0.858514526461218175E+01    0.106756849027112288E+01    0.243320477456816207E+02    0.749902838250323889E+01    0.198776640422484929E+01    0.689050896201026664E-03    0.298781326963270976E+04
    0.769701394736563937E+01    0.955339598529493728E+01    0.106109169171901452E+01    0.123952864951665287E+02    0.762238139172279183E+01    0.203355343210368167E+01    0.196156068471342593E-03    0.298782212441428965E+04
    0.734848941506147035E+01    0.783135075448393358E+01    0.102161231417494092E+01    0.208239761988645391E+02    0.880981937736772558E+01    0.195235864886153410E+01    0.240626562155239754E-03    0.298782287517730356E+04
    0.817334966311747024E+01    0.883521830435737598E+01    0.103811498267261082E+01    0.109527254804443714E+02    0.177163137036957536E+02    0.240979594036690514E+01    0.558055273323039558E-03    0.298782422414211032E+04
    0.849545071160039456E+01    0.801670512057342677E+01    0.102104660247981860E+01    0.323455917047408192E+02    0.128603316391021458E+02    0.221307733738214996E+01    0.506286249572933389E-03    0.298782485740655829E+04
    0.692184303367194076E+01    0.675773229105460604E+01    0.101583353138518673E+01    0.107313013635107009E+02    0.124059907933710640E+02    0.225000217717814754E+01    0.251706084936756391E-03    0.298787579121343151E+04
    0.897157423764291195E+01    0.895090460704616930E+01    0.102276161444623948E+01    0.235317862066820176E+02    0.108775930235955087E+02    0.208849294171935229E+01    0.210781244607660678E-03    0.298789645452051536E+04
    0.863664360994053837E+01    0.989997662472007889E+01    0.106132756756624569E+01    0.123175184109988543E+02    0.108507538017676701E+02    0.216205089733442790E+01    0.240243598908805589E-03    0.298794390666055415E+04
    0.391923167935854622E+01    0.698916318805265568E+01    0.108702325211937256E+01    0.257229694769022856E+02    0.734150439711914338E+01    0.189395721351833179E+01    0.132841605017627873E-02    0.298795144373594849E+04
    0.827370507744025474E+01    0.765546309325128149E+01    0.100990169020141085E+01    0.215565518162298844E+02    0.852883630657454361E+01    0.207661769158685061E+01    0.119793391479799949E-03    0.298795910169074205E+04
    0.597821261415197647E+01    0.771313028991867267E+01    0.105289625881046645E+01    0.165571422287284697E+02    0.100621780057565360E+02    0.213970230391295413E+01    0.766356239394430649E-03    0.298796167860704099E+04
    0.804994915523968935E+01    0.859645623007149240E+01    0.103158952326486220E+01    0.681084997572903017E+01    0.932369095492951594E+01    0.212352260218073052E+01    0.182170892056368605E-04    0.298796973276599329E+04
    0.541952387055181006E+01    0.737730893596488535E+01    0.105606189497765590E+01    0.841023257770167731E+01    0.679641702746963450E+01    0.190123574973584519E+01    0.435446355877659730E-03    0.298797272107439949E+04
    0.402531556748561670E+01    0.675042181813784659E+01    0.107655677427255125E+01    0.119929119802430044E+02    0.726706012032992632E+01    0.190242757878672997E+01    0.993702542325593241E-03    0.298797351675414893E+04
    0.682203477443621331E+01    0.714194238153085958E+01    0.101979908557513532E+01    0.148173062817133889E+02    0.924065116957783417E+01    0.199060665819224547E+01    0.386448465320932133E-03    0.298798251667551403E+04
    0.705082319523364820E+01    0.899183053104523822E+01    0.105284482139108881E+01    0.274456208964643196E+02    0.757798570380511993E+01    0.194916121378395335E+01    0.426657236549402019E-03    0.298798836659629342E+04
    0.461886082482346794E+01    0.851989637745755957E+01    0.110598064393642193E+01    0.183607811819499531E+02    0.816483237639003434E+01    0.206192132297451014E+01    0.948196808239806788E-03    0.298799181646204534E+04
    0.666503094440372656E+01    0.676951259691707818E+01    0.100336753920235799E+01    0.917166707495389133E+01    0.100658089869004943E+02    0.214104555094216797E+01    0.174986665749748971E-03    0.298799503938895032E+04
    0.610611375995162753E+01    0.882345493324518948E+01    0.106906455701114389E+01    0.894733496783597815E+01    0.604752997862221342E+01    0.194732505427793634E+01    0.179785746295568760E-03    0.298800665983432555E+04
    0.738990310449153665E+01    0.876250143965602923E+01    0.105256752539381671E+01    0.230501378969070103E+02    0.108070600115082538E+02    0.206557232840418870E+01    0.758029294832165967E-03    0.298802951754939295E+04
    0.930287511211189866E+01    0.964815891523118019E+01    0.103466548177673512E+01    0.164836300730666885E+02    0.973317222813881955E+01    0.208018445644659655E+01    0.200926841623372265E-04    0.298803577241665516E+04
    0.844073948476878400E+01    0.901235573404976620E+01    0.104534356277266616E+01    0.109827121080911354E+02    0.101666935964905996E+02    0.213697553808578711E+01    0.266854899137941581E-03    0.298804150017404982E+04
    0.729862319507963164E+01    0.847445675716615732E+01    0.103560017937527360E+01    0.111242049821106583E+02    0.745108936716326387E+01    0.199006673388108402E+01    0.662184503585697137E-04    0.298804556784812894E+04
    0.686865622986016167E+01    0.781390870075623578E+01    0.104074625671209908E+01    0.272807675995301828E+02    0.113122332781468380E+02    0.220348061833373254E+01    0.393049007775488068E-03    0.298804605425283717E+04
    0.743186014961710217E+01    0.952112318783663980E+01    0.107374160779118655E+01    0.232545160415925416E+02    0.107357063259593417E+02    0.206031875005357978E+01    0.753272837774911219E-03    0.298807066849381681E+04
    0.429490431037629428E+01    0.764488898074349432E+01    0.109304129708790376E+01    0.235175048497454462E+02    0.952095418173335162E+01    0.201772633680218449E+01    0.143645110225100459E-02    0.298807195045306162E+04
    0.654406392627747113E+01    0.783987685865604877E+01    0.104279937390701383E+01    0.888879781556655857E+01    0.147488246092092758E+02    0.226599012257893717E+01    0.787639855716032455E-03    0.298807293166066847E+04
    0.634948626781420433E+01    0.601128841165148486E+01    0.100049579437071801E+01    0.213296123950042755E+02    0.107237265818100731E+02    0.207049554370323152E+01    0.361220194332122213E-03    0.298807700623616438E+04
    0.724382114956287282E+01    0.758366290200537296E+01    0.102101514748896971E+01    0.935003497726831689E+01    0.117883097108292247E+02    0.217995632486154456E+01    0.416674247583674606E-03    0.298808991408875863E+04
    0.922882805138689122E+01    0.833577746645860529E+01    0.101618230863817915E+01    0.204739030814815095E+02    0.873509179298935123E+01    0.196818218712847859E+01    0.872344515664008613E-04    0.298810697503457368E+04
    0.695064628911763727E+01    0.853107332303839350E+01    0.104934797240410260E+01    0.208789273129619914E+02    0.104303035712970349E+02    0.208791532734132534E+01    0.709392070358597082E-03    0.298812932660022807E+04
    0.823530449234577233E+01    0.914629093448406039E+01    0.105587732401849776E+01    0.299433623020604642E+02    0.985386012113536758E+01    0.202103965943704988E+01    0.514359854908365277E-03    0.298815345521960899E+04
    0.840998165467794934E+01    0.952122795493897733E+01    0.104689305048130366E+01    0.149886753231822549E+02    0.891861153586942734E+01    0.204825890001132516E+01    0.165529326288972600E-03    0.298815427243308568E+04
    0.695784888993408490E+01    0.633104614569230062E+01    0.990899093007275078E+00    0.283334038958256720E+02    0.964264786802758422E+01    0.210450544399475348E+01    0.132495180687156044E-03    0.298815687494057329E+04
    0.643458644747388231E+01    0.849717682867866131E+01    0.105822632802267846E+01    0.137555784038284834E+02    0.694664106586394414E+01    0.197333462898300027E+01    0.414119239075229351E-03    0.298818629312405892E+04
    0.707260631959942820E+01    0.813230514554311057E+01    0.103460665431469345E+01    0.810048682803422793E+01    0.101186403361642885E+02    0.216018026051687873E+01    0.258911884834435446E-03    0.298820673304179354E+04
    0.540814832484823871E+01    0.784655514033812107E+01    0.107474287288413684E+01    0.180113449179866016E+02    0.586490093035781168E+01    0.182176294238458159E+01    0.779605896651540398E-03    0.298825874852972902E+04
    0.654128646040261241E+01    0.886927452124353088E+01    0.106780617286399737E+01    0.186051411848194519E+02    0.856578386917925094E+01    0.208166444332617084E+01    0.438401527394612078E-03    0.298826871831572453E+04
    0.666623417835838161E+01    0.683461555968415890E+01    0.101763108248696765E+01    0.182714552194716546E+02    0.138051121348543049E+02    0.220007451449335134E+01    0.673958373254415766E-03    0.298831554034004012E+04
    0.620500303014429022E+01    0.763967878987675864E+01    0.103167169489155519E+01    0.241086459598703016E+02    0.751874478558444981E+01    0.193190505873333196E+01    0.287499592192978770E-03    0.298831691115192461E+04
    0.572886641778225503E+01    0.868765040345923722E+01    0.107172674660748846E+01    0.159031695795841337E+02    0.787097408941799959E+01    0.201346396246294423E+01    0.547515245895621727E-03    0.298831859588019142E+04
    0.571967542146196273E+01    0.790827791718144812E+01    0.107374553128281858E+01    0.185954076090517759E+02    0.759776136077308539E+01    0.196813934321392403E+01    0.753253770597581140E-03    0.298837278015319862E+04
    0.770054985995756702E+01    0.765276605886246397E+01    0.102150624356223507E+01    0.196999482120685059E+02    0.133681027993831734E+02    0.220006988388822489E+01    0.581672124347461239E-03    0.298838779428512771E+04
    0.689769713319021793E+01    0.884076529266296163E+01    0.105956830857564821E+01    0.237312384537187917E+02    0.945059783764500771E+01    0.198759692223164963E+01    0.604323155869411488E-03    0.298839496233013870E+04
    0.464014699752940807E+01    0.702693022200359785E+01    0.107819813925113239E+01    0.153863337110692111E+02    0.655829222820417179E+01    0.190837469914287849E+01    0.776883604131944905E-03    0.298839624610212286E+04
    0.663341930294650073E+01    0.833739342331351629E+01    0.105054391197537011E+01    0.865128567430741136E+01    0.126836360172194560E+02    0.224524145164004718E+01    0.562708590415669785E-03    0.298843404699809071E+04
    0.790263856349712590E+01    0.825476821471956157E+01    0.103109092187394213E+01    0.131279364013145656E+02    0.947672205810763479E+01    0.208852548730580390E+01    0.279919533053438196E-03    0.298844913534676198E+04
    0.499878137763541908E+01    0.853303867101564073E+01    0.109366981065482149E+01    0.158029322881193348E+02    0.618030964038414865E+01    0.194043161194277314E+01    0.589580160801315978E-03    0.298845095579271492E+04
    0.633048135402813195E+01    0.901801624002092161E+01    0.106374664019068477E+01    0.145426024633849025E+02    0.884820295079828156E+01    0.208998770036822057E+01    0.267933820851821991E-03    0.298845691755155394E+04
    0.507567865435207821E+01    0.756883238354443577E+01    0.106456085366838149E+01    0.224092480202428739E+02    0.742200459927959066E+01    0.186309587235093299E+01    0.682482758963168235E-03    0.298846079075931993E+04
    0.565606329394835150E+01    0.879698416132025862E+01    0.109187249725612445E+01    0.957179516014671705E+01    0.792535544334069808E+01    0.206123065806938044E+01    0.496546505242875802E-03    0.298846361993032042E+04
    0.437378135882406482E+01    0.664395914789621500E+01    0.106032514181347848E+01    0.159886258894236715E+02    0.753815904911934975E+01    0.189977194655384163E+01    0.790314817983736595E-03    0.298848475809276897E+04
    0.637902431072318610E+01    0.823540763724715674E+01    0.105432960059798475E+01    0.111265622468451273E+02    0.119139725809257264E+02    0.217892588701061962E+01    0.703777231012454874E-03    0.298848862244917882E+04
    0.696273265808133512E+01    0.782197851534927846E+01    0.103448901633348145E+01    0.113032530876847019E+02    0.674837809331541472E+01    0.195443054711961306E+01    0.139396376623711349E-03    0.298850247517173966E+04
    0.789958294274484896E+01    0.896533780568341854E+01    0.105089985539992625E+01    0.284145319732055128E+02    0.125678501316548008E+02    0.212834783134018002E+01    0.639982341731369642E-03    0.298853472641802000E+04
    0.810177723922681992E+01    0.853019597087310366E+01    0.103139130507554566E+01    0.232677066395846417E+02    0.882812325772554551E+01    0.197288985523750182E+01    0.215121078339097771E-03    0.298854281188976256E+04
    0.784423697608344916E+01    0.929357092577938637E+01    0.105476321030457809E+01    0.240769246943675697E+02    0.104215812186851391E+02    0.209495774535828172E+01    0.463175649804553613E-03    0.298854478597765410E+04
    0.592574685038127313E+01    0.853145267834848831E+01    0.107473756513586127E+01    0.247795451329830030E+02    0.109538223060239233E+02    0.205509414153329351E+01    0.100876380430800494E-02    0.298855446548734426E+04
    0.629240410049899968E+01    0.684004285560195235E+01    0.101766519181984694E+01    0.121769010195576861E+02    0.119173143762209452E+02    0.217207172865446596E+01    0.482210218529510737E-03    0.298855636257943388E+04
    0.797691931476489113E+01    0.896403853663345807E+01    0.105488324507092979E+01    0.301710890587556371E+02    0.113725270564278453E+02    0.208914659019694682E+01    0.536341958726670176E-03    0.298857234706384634E+04
    0.626541370877967285E+01    0.795784464100879063E+01    0.106191724059872916E+01    0.124494302223296582E+02    0.828468494885706086E+01    0.202951528386159552E+01    0.480376133836321606E-03    0.298858411587497403E+04
    0.514553127205331506E+01    0.869873854647485345E+01    0.108757589863160309E+01    0.114923683423035943E+02    0.690672634732613755E+01    0.193901276417704205E+01    0.536396490028213935E-03    0.298862023338919107E+04
    0.534030440068309264E+01    0.963327484870315764E+01    0.111252279260065112E+01    0.156606255296163859E+02    0.807228908985248950E+01    0.200256711284389199E+01    0.833676977359143478E-03    0.298862947970421874E+04
    0.565772232145718412E+01    0.774409823476197090E+01    0.106064088396014666E+01    0.222866099327964022E+02    0.808889015839659109E+01    0.200304498803555342E+01    0.740372892089745382E-03    0.298866095438261891E+04
    0.480954049951011520E+01    0.650035071737959402E+01    0.104577269168338560E+01    0.347893804319044051E+02    0.694168570516002426E+01    0.186685538179138311E+01    0.742673178233010933E-03    0.298867538414042519E+04
    0.629017650468808220E+01    0.698300605642241923E+01    0.103250801189862695E+01    0.133271015001208895E+02    0.134713138238457475E+02    0.222316475447894346E+01    0.599378878190275077E-03    0.298870587925205427E+04
    0.642068383936421583E+01    0.756007318599830036E+01    0.104563253095868181E+01    0.262269988829449616E+02    0.748069997110661333E+01    0.187052078289626778E+01    0.445980183283831155E-03    0.298875148380288647E+04
    0.598580376598971764E+01    0.781167244989288623E+01    0.104612037539394720E+01    0.806504564350495379E+01    0.112871704142988492E+02    0.220087251791277039E+01    0.415467556112450453E-03    0.298876312043346752E+04
    0.750223653176897987E+01    0.880494480811812785E+01    0.105215754898011249E+01    0.142458140390312042E+02    0.785796337289410296E+01    0.202942440493746190E+01    0.982689009796644530E-04    0.298879661275951366E+04
    0.656151429089669147E+01    0.708984885007366472E+01    0.102188221198824447E+01    0.196768637296079518E+02    0.105993402699696926E+02    0.209725866032392094E+01    0.495551951001212132E-03    0.298881439288507545E+04
    0.480345301388602053E+01    0.785374770744668549E+01    0.108131113390734868E+01    0.180004415692969530E+02    0.727955592606545032E+01    0.197893666897970677E+01    0.761626854639339823E-03    0.298884090774430842E+04
    0.545862567577024826E+01    0.897093773216020374E+01    0.109113323572396004E+01    0.178443269439303549E+02    0.748603925313169949E+01    0.195687198250440808E+01    0.711065136025854083E-03    0.298884301299282924E+04
    0.612511304685340807E+01    0.795835660460368732E+01    0.106568347635988614E+01    0.386609529273671342E+02    0.767618845941820815E+01    0.188350565750338172E+01    0.696282729268082878E-03    0.298886150057649502E+04
    0.513408470910980697E+01    0.684233198479655247E+01    0.104712884154119945E+01    0.249311849655061408E+02    0.796519037791975038E+01    0.194515079703394012E+01    0.730524511199405480E-03    0.298889704022657315E+04
    0.483315573452709124E+01    0.658934050575675379E+01    0.105311038752441255E+01    0.281273796318434393E+02    0.792135224131718374E+01    0.196111695382594609E+01    0.733653369409628664E-03    0.298889997926484466E+04
    0.554170257555730039E+01    0.611534618349666736E+01    0.102238984879134032E+01    0.968801599978139016E+01    0.120817840122449844E+02    0.220515896407473155E+01    0.196110205587345099E-03    0.298890044987559440E+04
    0.732575747395298116E+01    0.760440502914399019E+01    0.102442661176435346E+01    0.100190815924526913E+02    0.122439079912461679E+02    0.222447057207786481E+01    0.266860134091551071E-03    0.298892220115939654E+04
    0.551589659339403848E+01    0.864064054052415464E+01    0.108504156072637659E+01    0.139142735290690034E+02    0.835501913866576551E+01    0.204805605461897944E+01    0.638020846709316802E-03    0.298894861367596695E+04
    0.537259600056245468E+01    0.803614305470128087E+01    0.107830430794707843E+01    0.137271947412111928E+02    0.908776080261675112E+01    0.200500657939882032E+01    0.843025651408986498E-03    0.298896667834086020E+04
    0.831950848153778466E+01    0.791847447896460555E+01    0.101234331025782409E+01    0.245230354800885522E+02    0.145396608646847731E+02    0.227734827213666957E+01    0.204327030084272554E-03    0.298904325664470844E+04
    0.528127768412050713E+01    0.737071496399351478E+01    0.106887806324718948E+01    0.187344176937782478E+02    0.873821565428454328E+01    0.201245368936239366E+01    0.731869606352061886E-03    0.298908910021857264E+04
    0.549623136992471295E+01    0.670435881195371675E+01    0.104145577474109818E+01    0.197388867071904421E+02    0.906937997979954957E+01    0.198053818672784887E+01    0.536226766707462166E-03    0.298917163454358797E+04
    0.496934655486535171E+01    0.766610977958161577E+01    0.107151314880975645E+01    0.263035710506709748E+02    0.735917375955632735E+01    0.195433264778962323E+01    0.718761792601038674E-03    0.298920819570336016E+04
    0.573713418234074801E+01    0.729385719044036041E+01    0.103543252029472477E+01    0.142030589670985741E+02    0.129431180515850066E+02    0.226499873420597497E+01    0.345755623396629130E-03    0.298921909329113987E+04
    0.673596205816594562E+01    0.860681752279515599E+01    0.106376127096687667E+01    0.187154503265758976E+02    0.806130798010895866E+01    0.194987951067311815E+01    0.381160510484611359E-03    0.298925353084080780E+04
    0.680394045422481586E+01    0.789179571469455521E+01    0.104770736044773427E+01    0.117783249756428248E+02    0.785180178955377439E+01    0.198100383313407646E+01    0.118518121522602493E-03    0.298927507142496643E+04
    0.585641935604898212E+01    0.806803352593640000E+01    0.106188507771298091E+01    0.272701872982622113E+02    0.838070874667035071E+01    0.200713397127722537E+01    0.589131652067031997E-03    0.298930757786585627E+04
    0.702792987341356223E+01    0.695404263117428645E+01    0.100772725016082987E+01    0.320149566519375242E+02    0.749175291171299484E+01    0.194836121544643115E+01    0.567971925624147222E-04    0.298930978465891303E+04
    0.555153302427086803E+01    0.685816277137598984E+01    0.103795328109450824E+01    0.108170924728166380E+02    0.149648523298298883E+02    0.228303785320281216E+01    0.631045883062515689E-03    0.298931475692358572E+04
    0.766383608428618590E+01    0.801459202381123959E+01    0.102762430042730246E+01    0.122459480506413971E+02    0.133368092467779462E+02    0.228014841698066650E+01    0.109004927762945680E-03    0.298931712064858539E+04
    0.854785822233061765E+01    0.784559707594737255E+01    0.100292924348567425E+01    0.177211252712522302E+02    0.154335204591930584E+02    0.227676583474583882E+01    0.511409143477900563E-04    0.298935261569849035E+04
    0.663169555890550821E+01    0.768944627169240658E+01    0.103982428688076634E+01    0.284449259521934543E+02    0.731334369731966838E+01    0.191526582605959583E+01    0.333980790150560647E-03    0.298935604885064004E+04
    0.626524772677849384E+01    0.686221641438927321E+01    0.102494753582868525E+01    0.118721866058889169E+02    0.112433495803711949E+02    0.221318467289317233E+01    0.109805398781220864E-05    0.298947783615773733E+04
    0.492425073552119130E+01    0.680577350676570614E+01    0.104192084551362329E+01    0.110924269109618425E+02    0.124261167157403101E+02    0.219809125238654568E+01    0.533175898577209484E-03    0.298942296325846883E+04
    0.795347024107419820E+01    0.818175358560444010E+01    0.102643577989078438E+01    0.191058081953422700E+02    0.138863137396795615E+02    0.227515290175315466E+01    0.135628438504259430E-03    0.298938004314413320E+04
    0.702755210691786747E+01    0.757826618183359546E+01    0.102920095248808185E+01    0.169601466285079461E+02    0.887213749411221997E+01    0.205931325413187993E+01    0.424909407575960185E-04    0.298973866673967859E+04
    0.644600443151858471E+01    0.743675062650260088E+01    0.103310294056722962E+01    0.914152882074222006E+01    0.199920813650715488E+02    0.241177584977331971E+01    0.502607488921932855E-03    0.298967253617780807E+04
    0.644450497683112378E+01    0.750850430782120259E+01    0.103499541292779895E+01    0.151193173803709335E+02    0.998985205233403128E+01    0.209427407877980620E+01    0.263566041406496088E-03    0.298978022650472121E+04
    0.533282803674038153E+01    0.684089493424960260E+01    0.103326182179856585E+01    0.138191856345421069E+02    0.126723047218532265E+02    0.224769811915810802E+01    0.318234882487139492E-03    0.298960147777293923E+04
    0.510181022405398377E+01    0.652175699905737183E+01    0.104301537018970891E+01    0.113705137953908419E+02    0.154532982368251446E+02    0.227105731691453894E+01    0.615186411882115425E-03    0.298966669985404133E+04
    0.599187538371480510E+01    0.698603606615162143E+01    0.103030106900863672E+01    0.159963904876583189E+02    0.112510167345007410E+02    0.215583314196330189E+01    0.199238331549438097E-03    0.299024466552424292E+04
    0.626080057341126928E+01    0.728864861334328129E+01    0.103026282051528861E+01    0.264020866193518344E+02    0.125251924290739804E+02    0.214128047014545464E+01    0.484137536190899775E-03    0.298974217284994575E+04
    0.768801669487081085E+01    0.716821507459885421E+01    0.100426081185089378E+01    0.153021567069376072E+02    0.196145959502118679E+02    0.234485806248300399E+01    0.267460544013727042E-03    0.298956061571392138E+04
    0.707105951359773144E+01    0.755667724477652847E+01    0.102153643004315953E+01    0.218268893254986693E+02    0.105453233308707137E+02    0.205846918413350322E+01    0.846329179102767171E-04    0.299006083795136601E+04
    0.766609363934742305E+01    0.761606762887059752E+01    0.102218486327046421E+01    0.212242681916461464E+02    0.161385051510403059E+02    0.231464065131537522E+01    0.212076295481679333E-03    0.298954560096547493E+04
    0.587334923008018350E+01    0.667556159023263351E+01    0.102824158779406249E+01    0.241391835541008319E+02    0.960363719961777562E+01    0.202524699652487872E+01    0.379651854432630498E-03    0.298963794142938877E+04
    0.834381236505748447E+01    0.715635172334767500E+01    0.996744064910736416E+00    0.276995972485160920E+02    0.165434850735305439E+02    0.226580007030892538E+01    0.872041367016157531E-04    0.298985544209463751E+04
    0.746836107230557822E+01    0.859389135367578483E+01    0.104154720213744190E+01    0.211254824939563548E+02    0.712808512293751573E+01    0.193478998153043369E+01    0.482399744107520068E-05    0.298942737411472262E+04
    0.698153525848945211E+01    0.854271572778568711E+01    0.105246704935074153E+01    0.199767439417819617E+02    0.723154199419694255E+01    0.192137550710340466E+01    0.105234184479718884E-03    0.298969745007002166E+04
    0.487473347417351377E+01    0.689121933793317876E+01    0.105825499238988585E+01    0.187023221725037878E+02    0.771800865851923401E+01    0.193748698092574267E+01    0.627199592245733517E-03    0.298953681128579319E+04
    0.475822054714288178E+01    0.724730258638664004E+01    0.106435049369962731E+01    0.301247149650934638E+02    0.643908769629981759E+01    0.187053346390269049E+01    0.520662039064312410E-03    0.298989044653784640E+04
    0.482727112385640744E+01    0.841065365165685108E+01    0.110715832849891704E+01    0.151758760173054235E+02    0.798524818846782392E+01    0.196452831452442767E+01    0.819751603120470740E-03    0.298968985282111817E+04
    0.518135715559358978E+01    0.840219567104758269E+01    0.109027466552230567E+01    0.173212735652868837E+02    0.878105986206541722E+01    0.202167742176229437E+01    0.680969293463257186E-03    0.298993949233064086E+04
    0.509405756946524235E+01    0.799792547817432542E+01    0.108190985891096592E+01    0.287971160346973036E+02    0.695530460195503952E+01    0.186647568132507891E+01    0.737292432798429542E-03    0.298963594173410911E+04
    0.528451631968641866E+01    0.764062715388203717E+01    0.105997868637570081E+01    0.157602935276358647E+02    0.952511128712411903E+01    0.203355777104309610E+01    0.566160183295180697E-03    0.298966674786093972E+04
    0.586148356966168382E+01    0.762112874452838351E+01    0.104703020539310154E+01    0.935631343119895220E+01    0.780199664113089497E+01    0.198359392262091205E+01    0.787323425726141335E-04    0.298968723403505965E+04
