 F
         250         712           3          20
    0.344168127699533170E+04    0.345003941753859226E+04
 T
   2
    0.200000000000000000E+01    0.300000000000000000E+01    0.550000000000000044E+00    0.450000000000000011E+00
   0
   0
 T T     0           0
    0.000000000000000000E+00   -0.100000000000000002+101    0.000000000000000000E+00
    0.287555966111212555E+02
 T F     1          11
    0.363424297722434749E-05    0.344044709854569237E+04    0.344941907379555551E+04
    0.285957062300310963E+04
 T F     1           9
    0.959696887271320802E-05    0.344133727315291026E+04    0.345029412079615076E+04
    0.887682133425647862E+03
