    0.142684818903569936E-92   -0.670677109476846181E+04    0.334574896216012405E+02    0.413121105320900597E+02    0.706317955750965676E+00
    0.242199391762908167E-81   -0.675858621318570931E+04    0.324601886852825032E+02    0.334484679980120134E+02    0.161064358322272860E+01
    0.152769042118162336E-70   -0.680842141709648240E+04    0.409961105186677344E+02    0.277484240598565854E+02    0.172256937755712092E+01
    0.737699130933151067E-66   -0.683009131545552736E+04    0.340888869423227732E+02    0.243717419851633856E+02    0.143995696384361116E+01
    0.112115037475217407E-62   -0.684484397500881823E+04    0.398094744197870369E+02    0.236663338094631150E+02    0.705207655894518837E+00
    0.156019401226055385E-61   -0.685021005499854255E+04    0.303276467313426821E+02    0.315039629751720298E+02    0.712036310615524082E+00
    0.259898516637286436E-57   -0.686975135747818331E+04    0.348597970659540266E+02    0.311658780631925723E+02    0.953784387325094407E+00
    0.152295014901100431E-56   -0.687338758425031210E+04    0.321309063820264527E+02    0.319659086344660537E+02    0.119880780611107918E+01
    0.247030769986230862E-56   -0.687445497100320608E+04    0.339739277011867244E+02    0.433965927479117752E+02    0.113097803496754645E+01
    0.867029731083694544E-56   -0.687706609173198194E+04    0.284230685861947698E+02    0.393705153424248806E+02    0.117381783118893446E+01
    0.148960731457693655E-53   -0.688745882120164060E+04    0.274413251248864540E+02    0.289538277187608593E+02    0.147585345245066746E+01
    0.316151746777895027E-53   -0.688906390037303572E+04    0.329988920713219258E+02    0.356015629426883393E+02    0.147860435484713837E+01
    0.319953316088223578E-53   -0.688918780594960026E+04    0.390248048446137403E+02    0.270107110414878377E+02    0.110680464008008750E+01
    0.460954157817692122E-53   -0.689001805294836504E+04    0.342538978903624027E+02    0.373592931871263758E+02    0.130047609708876011E+01
    0.546102913535019737E-53   -0.689045707064236922E+04    0.385801570409916010E+02    0.375957929970968223E+02    0.902355522412550792E+00
    0.856786861031449117E-52   -0.689606300430790543E+04    0.290140596032142639E+02    0.432622578740119934E+02    0.126640379321258445E+01
    0.594996179957798056E-51   -0.690003890609629434E+04    0.380285905920417733E+02    0.302791333276570498E+02    0.900367872147324277E+00
    0.560804353901891602E-50   -0.690462571051055875E+04    0.310711605758042566E+02    0.284250862137364280E+02    0.899788218758120317E+00
    0.381734432520443096E-49   -0.690856158682572823E+04    0.259111112083265098E+02    0.378641742237757200E+02    0.813528164185508218E+00
    0.130161489328644848E-48   -0.691111485849396013E+04    0.269628010138235048E+02    0.369262868249790017E+02    0.116727237136695239E+01
    0.248660671555493717E-47   -0.691711465527411292E+04    0.399519248299650513E+02    0.353259270571813033E+02    0.960227148180977208E+00
    0.894464635441408768E-46   -0.692438009778887681E+04    0.392011164987103484E+02    0.380561451812925711E+02    0.134005081941597992E+01
    0.698147047376159344E-45   -0.692858967674198720E+04    0.263745129351073899E+02    0.432555487546922919E+02    0.100555725332345269E+01
    0.150664243043456395E-43   -0.693483326522370680E+04    0.358460991912179168E+02    0.394278131367963169E+02    0.105790351668692706E+01
    0.548879920220170479E-43   -0.693751891699969201E+04    0.439136404189994707E+02    0.256506508638893749E+02    0.828502446448094121E+00
    0.114706129296381851E-42   -0.693909307472029468E+04    0.339914715882274692E+02    0.278915371697582728E+02    0.103768889894708738E+01
    0.352141774520610554E-42   -0.694143639552568129E+04    0.424893712232013527E+02    0.262807908711219085E+02    0.136738865836043910E+01
    0.595340493922350262E-42   -0.694258659480073766E+04    0.374640961020942740E+02    0.380413628893468001E+02    0.103240308470043551E+01
    0.643166232639261691E-41   -0.694744630442056405E+04    0.289665796732871037E+02    0.293174522281673617E+02    0.967748612606251224E+00
    0.411860328331756992E-39   -0.695586520692351860E+04    0.264733026075858149E+02    0.347973701033343943E+02    0.109927294928027108E+01
    0.517396921144715710E-39   -0.695642145899579100E+04    0.294189745868250441E+02    0.323187770553540474E+02    0.112821873550390062E+01
    0.819727826628983898E-39   -0.695744178309041126E+04    0.292767390117759412E+02    0.329005096073912711E+02    0.110533677643150408E+01
    0.137968146713930710E-38   -0.695858305421876867E+04    0.281355617396477840E+02    0.408819703285142779E+02    0.950804327267567029E+00
    0.842317238440318650E-38   -0.696230132196562136E+04    0.279926062731450642E+02    0.324889779795256075E+02    0.938834710818855722E+00
    0.112083608893313746E-37   -0.696297266893110100E+04    0.355467090427926777E+02    0.276470484039867586E+02    0.958011659772218915E+00
    0.432878325908675545E-37   -0.696577509210154312E+04    0.368174502102798300E+02    0.315159580089519338E+02    0.945634705381962593E+00
    0.159079513202921320E-36   -0.696847815723605891E+04    0.305265402867904960E+02    0.427155879292887164E+02    0.102083045820642160E+01
    0.483050063328937884E-36   -0.697079958951367553E+04    0.284097580734410791E+02    0.449331951076812999E+02    0.923615791842588130E+00
    0.191297163793450677E-35   -0.697365217520227998E+04    0.396093487680495855E+02    0.205246678248756105E+02    0.123564326347907505E+01
    0.198550260143044887E-35   -0.697382660363711329E+04    0.250674190879532297E+02    0.420888729021996255E+02    0.925244714671777380E+00
    0.382066034417560411E-35   -0.697523570601880147E+04    0.283257333595538974E+02    0.300392906700935995E+02    0.111973622915613613E+01
    0.802114954139917013E-35   -0.697681902296540011E+04    0.372189122398698373E+02    0.370176474796999813E+02    0.107847309654909962E+01
    0.841271875691501039E-34   -0.698161951905634942E+04    0.256090579622662133E+02    0.423638215632059598E+02    0.949562695220463993E+00
    0.108006275790346905E-33   -0.698221923814271941E+04    0.367401328054742677E+02    0.258539041175792157E+02    0.956340428198933057E+00
    0.142339986522154295E-33   -0.698287129640787498E+04    0.381861436258425826E+02    0.225029989207287393E+02    0.933199900396843418E+00
    0.204464369317145918E-33   -0.698369564692777749E+04    0.280928301958656803E+02    0.344451796058558415E+02    0.107615738843524555E+01
    0.494797060107959673E-33   -0.698556315487135635E+04    0.377451016191059381E+02    0.222341244363503350E+02    0.122146532566270971E+01
    0.757844092263580922E-33   -0.698651581483642258E+04    0.303000576640256938E+02    0.403794854516078487E+02    0.107358011428176559E+01
    0.209876468038740975E-32   -0.698865306787989084E+04    0.381034986918697882E+02    0.226539257838935697E+02    0.116289918646021451E+01
    0.702178470521705817E-32   -0.699116840486594992E+04    0.280724411654001358E+02    0.407596968878207662E+02    0.115361611420263044E+01
    0.167832585089042297E-31   -0.699301113377592992E+04    0.258339980791345667E+02    0.424386488862671456E+02    0.994872654799500933E+00
    0.178529282826479803E-31   -0.699323470511991036E+04    0.384439195055929730E+02    0.225112261087232426E+02    0.112454184490081888E+01
    0.429648605904759491E-31   -0.699509113520354640E+04    0.429362360305033164E+02    0.206428074249410400E+02    0.116648919097526615E+01
    0.458807463911361292E-31   -0.699532246115239650E+04    0.363408461031895058E+02    0.245601235360950660E+02    0.946898395197012022E+00
    0.928288960597383001E-31   -0.699683188597402750E+04    0.426027290746814700E+02    0.230096764484698717E+02    0.866833703284168644E+00
    0.184688707389070278E-30   -0.699830771352157171E+04    0.394672282374437131E+02    0.222292165128228234E+02    0.112567385258766572E+01
    0.246573245030414363E-30   -0.699898568821032859E+04    0.242211679228641685E+02    0.350823356881764568E+02    0.995384436109865822E+00
    0.247047655882414463E-30   -0.699908953254509834E+04    0.397772631644144354E+02    0.223792187297674907E+02    0.111892001325683488E+01
    0.235298440858213473E-30   -0.699909207937052088E+04    0.392154152927867727E+02    0.220830294377102625E+02    0.111889709413007910E+01
    0.481505365887349359E-30   -0.700062420478203785E+04    0.408051407249540290E+02    0.371126231231464203E+02    0.103278591426073585E+01
    0.570536776045298240E-30   -0.700106352529158448E+04    0.246512631077973730E+02    0.352935231405679204E+02    0.101742719679993554E+01
    0.988860843774956979E-30   -0.700226347726698077E+04    0.363885299879570994E+02    0.344689031544268119E+02    0.110083336013612798E+01
    0.357406034042756104E-29   -0.700493328518895396E+04    0.425687653262577754E+02    0.209668833549924187E+02    0.111170394569183295E+01
    0.178319514844324650E-28   -0.700824786434019097E+04    0.406271893875306631E+02    0.379978647486642842E+02    0.105712689684610539E+01
    0.509483025596825355E-26   -0.701965784384802828E+04    0.251400435002104103E+02    0.365491769287616961E+02    0.102939666786927719E+01
    0.332505207171313462E-24   -0.702811470218867908E+04    0.443032746797361767E+02    0.205270028170334697E+02    0.127070468172766415E+01
    0.149616053705520172E-23   -0.703122270607468636E+04    0.263246996255385568E+02    0.426799617399108087E+02    0.102039644654431494E+01
    0.560994110858560389E-23   -0.703396598214916776E+04    0.429267429284297179E+02    0.211337371724588579E+02    0.125498423803223047E+01
    0.745943343164608282E-23   -0.703463586063302682E+04    0.447738597560055211E+02    0.204310420199323381E+02    0.124796634103764248E+01
    0.211508225793912781E-22   -0.703682025930012242E+04    0.427513205546710466E+02    0.211947297315632071E+02    0.124266179563748103E+01
    0.831832717321403882E-22   -0.703965899423876544E+04    0.423302284191750573E+02    0.214047866447744077E+02    0.122954742492166469E+01
    0.101509131934346383E-21   -0.704015719923382767E+04    0.428078500850354686E+02    0.211760065845834191E+02    0.122714169076912039E+01
    0.289364773720344809E-21   -0.704235227787540680E+04    0.437940519624882683E+02    0.204402583812436802E+02    0.125029106287968417E+01
    0.691102289372794897E-21   -0.704419347739284967E+04    0.248362685527984510E+02    0.425896504088860013E+02    0.938229738051830409E+00
    0.548627135641678652E-20   -0.704843690997278827E+04    0.214619781778196739E+02    0.245229353419806770E+02    0.971403478443174873E+00
    0.103208550771019738E-19   -0.704980074548918856E+04    0.449195084933185314E+02    0.201321658796454130E+02    0.118274103466254221E+01
    0.142208581067116110E-19   -0.705054183179855227E+04    0.421650389992586838E+02    0.213255179624319453E+02    0.116482433817994613E+01
    0.149814592513056384E-19   -0.705074603903662864E+04    0.441490946543713818E+02    0.208835392171881722E+02    0.117769598133819220E+01
    0.143764994383800541E-19   -0.705076360204333014E+04    0.438288977475594095E+02    0.208790532187565034E+02    0.121546079412005281E+01
    0.141772980686355328E-19   -0.705083569617876492E+04    0.439980125457017692E+02    0.202360906704193688E+02    0.121513268341199865E+01
    0.251596935387811127E-19   -0.705208289876585877E+04    0.426842649338885636E+02    0.211914404202232447E+02    0.115174512317220845E+01
    0.433420320906532570E-19   -0.705327065802771995E+04    0.443367967607022706E+02    0.201277120038319488E+02    0.116321629525378678E+01
    0.417433936027377544E-19   -0.705329549466676144E+04    0.425945660505111618E+02    0.211314590772706410E+02    0.113972811478060665E+01
    0.608890509120294005E-19   -0.705415051900447361E+04    0.398348310515511272E+02    0.219921910138817616E+02    0.120456696211240977E+01
    0.615131484625325796E-19   -0.705427091415952964E+04    0.445879698445941983E+02    0.204306046823750513E+02    0.115697971023789270E+01
    0.741116388358454625E-19   -0.705474355744188506E+04    0.426054142269785956E+02    0.210513198644998134E+02    0.112167482282551778E+01
    0.831060103681648906E-19   -0.705507264631568796E+04    0.423492751476933336E+02    0.211912777568359161E+02    0.111653032246535222E+01
    0.103900829974962263E-18   -0.705561928603589513E+04    0.428640566992381125E+02    0.214238198516303093E+02    0.110620874458901874E+01
    0.102918882726312131E-18   -0.705570029452654035E+04    0.426362921498164553E+02    0.211630215719861994E+02    0.110437747414764487E+01
    0.257681263280040140E-18   -0.705763585907838115E+04    0.315057093598593525E+02    0.231599176064416596E+02    0.996636908148734513E+00
    0.641047621591798252E-18   -0.705955861975696189E+04    0.447520139811521815E+02    0.205691816542988022E+02    0.111541017952628874E+01
    0.732991205913096899E-18   -0.705992667967217858E+04    0.443573207183890901E+02    0.206391659703607431E+02    0.111153083511284767E+01
    0.141839286842746835E-17   -0.706134697171702555E+04    0.443318017148263053E+02    0.206425788625474240E+02    0.109351149551322635E+01
    0.240200638427574332E-17   -0.706250053158440187E+04    0.432741530155317307E+02    0.205875114428816453E+02    0.114918167335387666E+01
    0.260892949430604848E-17   -0.706276580278481288E+04    0.393520150912525466E+02    0.212168536165320809E+02    0.988320207373394100E+00
    0.524390323181419757E-17   -0.706426205504650716E+04    0.397494193631059431E+02    0.216732913630136075E+02    0.113358624512890138E+01
    0.504614649819856071E-17   -0.706428517258596912E+04    0.395737747231489863E+02    0.219779945726300383E+02    0.113334453046119066E+01
    0.484197037576299696E-17   -0.706430256630192434E+04    0.396542096246256648E+02    0.217967808676424255E+02    0.113316211333287464E+01
    0.488312179154578522E-17   -0.706441949227473197E+04    0.436608098111601066E+02    0.207251120279578878E+02    0.113346804730361761E+01
    0.545341859346734005E-17   -0.706474040817506011E+04    0.342897335095571805E+02    0.223337456045124370E+02    0.961731433241621914E+00
    0.576691031592638054E-17   -0.706495219574781368E+04    0.349221409525496398E+02    0.225929842358536774E+02    0.963203690973115867E+00
    0.849162335683747249E-17   -0.706582608320160034E+04    0.341220908046554001E+02    0.224964031177017070E+02    0.969577556639136695E+00
    0.112397753863512851E-16   -0.706648684054298428E+04    0.340091490826146341E+02    0.226498322533409784E+02    0.974771036898825161E+00
    0.114384595155083230E-16   -0.706662188545959179E+04    0.435703273991112212E+02    0.208788576580359688E+02    0.111021741817601161E+01
    0.152087300318294334E-16   -0.706729166203565183E+04    0.439574725281708467E+02    0.209603363240627587E+02    0.110081501192587972E+01
    0.171688916678659659E-16   -0.706763412106594023E+04    0.349794675002279263E+02    0.226148032610175100E+02    0.984801286238271234E+00
    0.247089439042333458E-16   -0.706846225338024760E+04    0.341830766589399104E+02    0.227631590071241838E+02    0.993161161414310101E+00
    0.914007317909248145E-15   -0.707578359997706866E+04    0.229535828443810175E+02    0.238757392390286931E+02    0.106561025438206247E+01
    0.682924729922714270E-14   -0.707990586230409463E+04    0.254243145369765209E+02    0.238350823072498379E+02    0.105955001017394412E+01
    0.684925689573607759E-14   -0.708001171370728844E+04    0.254355679400593111E+02    0.238625072398531657E+02    0.105839676202072797E+01
    0.708672081559201167E-14   -0.708017987882960824E+04    0.242701073171359276E+02    0.244953640249746591E+02    0.112861800134719714E+01
    0.704681609326553893E-14   -0.708026858517293294E+04    0.258878832975356552E+02    0.237257433670102138E+02    0.105551347605518608E+01
    0.792455465715791846E-14   -0.708060336562626617E+04    0.241136995439705331E+02    0.247587215442049740E+02    0.112545884755890313E+01
    0.760878603517531985E-14   -0.708062204065292281E+04    0.250671407090180622E+02    0.237925339925459625E+02    0.105132309857790651E+01
    0.726400239712787978E-14   -0.708062929532185808E+04    0.251032939381413485E+02    0.238190657258076044E+02    0.105123405439074924E+01
    0.726811860944425825E-14   -0.708073042831887233E+04    0.252608773487780311E+02    0.238592068041292400E+02    0.104997878541153788E+01
    0.720490480291827171E-14   -0.708081295741270333E+04    0.255529331957886434E+02    0.237418804942334596E+02    0.104893432050013757E+01
    0.825496544089353500E-14   -0.708118506316109415E+04    0.256952310085337281E+02    0.237864218813189368E+02    0.104396958634734904E+01
    0.796321024649382195E-14   -0.708121309781096170E+04    0.252130688076750253E+02    0.234679995561745933E+02    0.104357647453584956E+01
    0.767144398516283977E-14   -0.708123844310265122E+04    0.243936269435872894E+02    0.244419315877942438E+02    0.112053534189670856E+01
    0.770254130819775229E-14   -0.708134653400812658E+04    0.254141472708026264E+02    0.236203044100829871E+02    0.104166326959492173E+01
    0.932757722584742407E-14   -0.708182938399016075E+04    0.257654663391856857E+02    0.234577837264740268E+02    0.103402516624605556E+01
    0.116047025576425899E-13   -0.708236625419698430E+04    0.256811881701898628E+02    0.234129965231664983E+02    0.102342280963722287E+01
    0.131516074674032612E-13   -0.708271652136329794E+04    0.258687087078470874E+02    0.232132090516689651E+02    0.101383768590296786E+01
    0.247633126641201795E-13   -0.708408215983890841E+04    0.375023444998552620E+02    0.219658152231249773E+02    0.921007782603964542E+00
    0.278249008952396500E-13   -0.708441529605013602E+04    0.248996367747799994E+02    0.242050461507019889E+02    0.109083337960810867E+01
    0.371963406630608446E-13   -0.708509585415359379E+04    0.372492911200728543E+02    0.219802126814358587E+02    0.925974488362637738E+00
    0.398035531755795949E-13   -0.708533134574740598E+04    0.378488460694845088E+02    0.216836378221694339E+02    0.117033110731282664E+01
    0.559184877816873680E-13   -0.708611122348931622E+04    0.377623559276431706E+02    0.219487305201025151E+02    0.931190320817277373E+00
    0.575894451322071961E-13   -0.708627011199261415E+04    0.379237154941569301E+02    0.219475956829692080E+02    0.116483257343444202E+01
    0.943353897503501505E-13   -0.708735714619568080E+04    0.375514549218320610E+02    0.219638828708446603E+02    0.937973692430588146E+00
    0.974379870148057221E-13   -0.708752186566932414E+04    0.376830134213579839E+02    0.219628111139236672E+02    0.938906126612478964E+00
    0.107958613562616196E-12   -0.708782692927111384E+04    0.376320216836179355E+02    0.217410390699228806E+02    0.940657068133526231E+00
    0.118490497450092340E-12   -0.708811309891338806E+04    0.379218448502130059E+02    0.218099993136796222E+02    0.942329204003873433E+00
    0.126069768544664340E-01   -0.713899397636975573E+04    0.303295924870579796E+02    0.228473053844218654E+02    0.976158850509160514E+00
    0.139857644433880983E-01   -0.713930155558476599E+04    0.304109837072502671E+02    0.228844186520006829E+02    0.978292488380580805E+00
    0.139388143696045335E-01   -0.713939483030975407E+04    0.306498813482547909E+02    0.229733689277193314E+02    0.978949329693694192E+00
    0.138137356360025377E-01   -0.713947680247728931E+04    0.301513703654074803E+02    0.227308681732459270E+02    0.979530478181069864E+00
    0.161550192204067689E-01   -0.713988993718916572E+04    0.302026384333341014E+02    0.227962187757562518E+02    0.982517483970918315E+00
    0.181072547423897640E-01   -0.714021810095604269E+04    0.300408933972857355E+02    0.227044580422986400E+02    0.984963737183780719E+00
    0.194467442406323528E-01   -0.714046083494076720E+04    0.302190735026157000E+02    0.227626470889432753E+02    0.986818540377368270E+00
    0.185997331815883696E-01   -0.714047177008219569E+04    0.306322657475185736E+02    0.229311661056187184E+02    0.986903052097577005E+00
    0.197954637379689630E-01   -0.714069638122573360E+04    0.301893490919361653E+02    0.227131908165709895E+02    0.988657912136008621E+00
    0.191555778680645959E-01   -0.714073066350251247E+04    0.306410679558797341E+02    0.229816686437847295E+02    0.988929012629720217E+00
    0.189386070533408800E-01   -0.714080788069076152E+04    0.306933225676326416E+02    0.229975122047986247E+02    0.989542894131099526E+00
    0.184328621857759549E-01   -0.714085374573109857E+04    0.303318727573252893E+02    0.228533423165388641E+02    0.989909689847588425E+00
    0.180249510883983312E-01   -0.714090898955036482E+04    0.301956515316233016E+02    0.226816187759460171E+02    0.990353670891014670E+00
    0.173256695719667224E-01   -0.714092985399523877E+04    0.304166645846662078E+02    0.228646092715515792E+02    0.990521979691704746E+00
    0.188401781203936455E-01   -0.714119745905806849E+04    0.305608459831153993E+02    0.229563020319334079E+02    0.992712170998347188E+00
    0.182512723119666528E-01   -0.714123394519776048E+04    0.301174189464693569E+02    0.226524481224381269E+02    0.993015459333269734E+00
    0.175029005048886917E-01   -0.714125020883177967E+04    0.302360744947257203E+02    0.227642556111817207E+02    0.993151022121604665E+00
    0.171285101542057380E-01   -0.714130696428242027E+04    0.304366444227907564E+02    0.229356871043631436E+02    0.993625917266474534E+00
    0.193243667863625748E-01   -0.714164820926588254E+04    0.302384993876265824E+02    0.227622163097657904E+02    0.996543511208695665E+00
    0.196995347763977389E-01   -0.714178666565122239E+04    0.304770685667070111E+02    0.228835945181668166E+02    0.997759527692528625E+00
    0.187487940963784808E-01   -0.714178773448209176E+04    0.304019768551493144E+02    0.228098276804549371E+02    0.997768990753063356E+00
    0.182643601087081955E-01   -0.714183537886289923E+04    0.300329786711444271E+02    0.227009981463369996E+02    0.998192046213405626E+00
    0.176662173335646808E-01   -0.714186878399233774E+04    0.304371331847866067E+02    0.229207042052667731E+02    0.998490090900088112E+00
    0.176125483190811560E-01   -0.714196269885246511E+04    0.305989589897418099E+02    0.229126205326326655E+02    0.999334440224167619E+00
    0.182641164614208880E-01   -0.714213535218264133E+04    0.302828087877191763E+02    0.227806903777303269E+02    0.100091233036275207E+01
    0.191994247286556355E-01   -0.714233523624418649E+04    0.300476540046301750E+02    0.226687558150827115E+02    0.100278296792005239E+01
    0.192251214642388223E-01   -0.714243791127793065E+04    0.303369831329236845E+02    0.228110471784185656E+02    0.100376329108846307E+01
    0.186727504644693433E-01   -0.714247960614452859E+04    0.305970729711497249E+02    0.229693757881776364E+02    0.100416532115549151E+01
    0.182776039385761369E-01   -0.714253682857484455E+04    0.300626261817197253E+02    0.227032570885282645E+02    0.100472087084206074E+01
    0.177009262339393007E-01   -0.714257270954673822E+04    0.300853884623551053E+02    0.226848244071311846E+02    0.100507150869191908E+01
    0.179169748642379438E-01   -0.714269697277094838E+04    0.301409106818455825E+02    0.227505173926742401E+02    0.100629985706269331E+01
    0.172572312995608948E-01   -0.714272193813392914E+04    0.303606819196481688E+02    0.229136914726705498E+02    0.100654933359445553E+01
    0.169398123557995377E-01   -0.714278480883546126E+04    0.303862660170100014E+02    0.228923680495302584E+02    0.100718170862366585E+01
    0.163642417497170817E-01   -0.714281567275756242E+04    0.301935651951886896E+02    0.228318757711683666E+02    0.100749433991457127E+01
    0.162962151379224505E-01   -0.714290734137256004E+04    0.304352943925047228E+02    0.229568433971344525E+02    0.100843162959077626E+01
    0.155779855261297933E-01   -0.714291719307786479E+04    0.303872742683336554E+02    0.229019364262505007E+02    0.100853315542676758E+01
    0.148238516643362014E-01   -0.714291795057607487E+04    0.300920367608240227E+02    0.227572715613641208E+02    0.100854096724294551E+01
    0.147428250029327211E-01   -0.714300698865902723E+04    0.304300596487902695E+02    0.229355677587762941E+02    0.100946584630029457E+01
    0.149555051449496088E-01   -0.714313563454946416E+04    0.305679134411797087E+02    0.229613006599071170E+02    0.101082586902001803E+01
    0.143514313073165225E-01   -0.714315317497091837E+04    0.304051102213879396E+02    0.228375095649269859E+02    0.101101355745505272E+01
    0.136915029218677205E-01   -0.714315902644258313E+04    0.302535304682846302E+02    0.228596814745620058E+02    0.101107629372755436E+01
    0.131355190318873157E-01   -0.714317611548618879E+04    0.303384418422559179E+02    0.228055198834437398E+02    0.101125986760397057E+01
    0.124983802292153792E-01   -0.714317667371961306E+04    0.301193168419799591E+02    0.227289606177919481E+02    0.101126587317024530E+01
    0.119605525122864504E-01   -0.714318870349938516E+04    0.304092283949630513E+02    0.228808108522090201E+02    0.101139543132420928E+01
    0.113894603615025628E-01   -0.714319085240724780E+04    0.304439456422448700E+02    0.229422783101653600E+02    0.101141860287815799E+01
    0.109403782798339344E-01   -0.714321039635926991E+04    0.305577089248164668E+02    0.229920778155184351E+02    0.101162973197596506E+01
    0.104416831935751613E-01   -0.714321708720091010E+04    0.305995692349876265E+02    0.229877935522165799E+02    0.101170217414294439E+01
    0.998207019372235500E-02   -0.714322705661722011E+04    0.305882819924562739E+02    0.229897305165458974E+02    0.101181026910799798E+01
    0.951045010051290544E-02   -0.714323025802035227E+04    0.302627927722398908E+02    0.228476822894187741E+02    0.101184502031566681E+01
    0.914625888115233251E-02   -0.714325216547157743E+04    0.305666043404197580E+02    0.229537392710386499E+02    0.101208334110683129E+01
    0.870067535935583648E-02   -0.714325227691143482E+04    0.303758904258549904E+02    0.229045422809381201E+02    0.101208455583905388E+01
    0.841477370459706511E-02   -0.714328545348186253E+04    0.302526410470278009E+02    0.228151449077964266E+02    0.101244721195596910E+01
    0.801278286321811979E-02   -0.714328755185984573E+04    0.300876770682875936E+02    0.226895723738482396E+02    0.101247022002478193E+01
    0.764317989366118927E-02   -0.714329310307717969E+04    0.304952612269746410E+02    0.229633531754983302E+02    0.101253112975335302E+01
    0.727151114660650778E-02   -0.714329340387221782E+04    0.300457658262740601E+02    0.226601448884527628E+02    0.101253443175707036E+01
    0.699508697937288679E-02   -0.714331589169620838E+04    0.302265424815064847E+02    0.228481940924883205E+02    0.101278179997132178E+01
    0.665708684528722432E-02   -0.714331683956760116E+04    0.305222596784299434E+02    0.229245971273645708E+02    0.101279224825967429E+01
    0.634697415566247338E-02   -0.714332143198795075E+04    0.306104275863159145E+02    0.229515529209295828E+02    0.101284289548025530E+01
    0.604506599276424025E-02   -0.714332396041296397E+04    0.301789498918173820E+02    0.228051934458479693E+02    0.101287079808897973E+01
    0.581955754600045963E-02   -0.714334792408277372E+04    0.303016053396110934E+02    0.229321631614112462E+02    0.101313587305556396E+01
    0.554066108251966526E-02   -0.714334970325634458E+04    0.300878865592690161E+02    0.226995049288980120E+02    0.101315559924246990E+01
    0.532147350807553321E-02   -0.714336897609152584E+04    0.304665324505982085E+02    0.229162364405095040E+02    0.101336968509905101E+01
    0.507921649020779201E-02   -0.714337578964208296E+04    0.305294826917034214E+02    0.229183182787073818E+02    0.101344554899264527E+01
    0.485124956916560025E-02   -0.714338394824089937E+04    0.306112028543615935E+02    0.229899061697423583E+02    0.101353651283880986E+01
    0.462300607289393810E-02   -0.714338756592837763E+04    0.301185588334760794E+02    0.227588999299612453E+02    0.101357689175456689E+01
    0.441897208332998719E-02   -0.714339728982853649E+04    0.304376917214809879E+02    0.228937527442300599E+02    0.101368555594222598E+01
    0.422321642174898308E-02   -0.714340666965707715E+04    0.301678533712341057E+02    0.227903398114997771E+02    0.101379055904472226E+01
    0.403908095135747675E-02   -0.714341750996872724E+04    0.305528734644779902E+02    0.229652200814348362E+02    0.101391213608047792E+01
    0.407765738244662054E-02   -0.714343735418011056E+04    0.301336730875912480E+02    0.227676163796231705E+02    0.101413532614059831E+01
    0.420848282474168764E-02   -0.714350051329216149E+04    0.300771863131641766E+02    0.227187110186470136E+02    0.101485119816858549E+01
    0.406976605064278841E-02   -0.714343347990779057E+04    0.300890879474076982E+02    0.227233590627325484E+02    0.101409168717982645E+01
    0.416390627290614494E-02   -0.714347921615819723E+04    0.301249836148616268E+02    0.227700865944749786E+02    0.101460885763393072E+01
    0.411419321014546910E-02   -0.714345519438339215E+04    0.301591661156772162E+02    0.228120740623934637E+02    0.101433667713168374E+01
    0.443447404965854365E-02   -0.714360512691080839E+04    0.300257508173185599E+02    0.226823620259142018E+02    0.101605605456817893E+01
    0.440458923560301061E-02   -0.714359160288593648E+04    0.300834512413436030E+02    0.227271949662190309E+02    0.101589891550443623E+01
    0.441746596542855110E-02   -0.714359744131640491E+04    0.301920812574916795E+02    0.228641724899300627E+02    0.101596670186830584E+01
    0.447305256305033459E-02   -0.714362245102614816E+04    0.301303430771837739E+02    0.227996918704122180E+02    0.101625796336441088E+01
    0.410660640530394194E-02   -0.714345150286560784E+04    0.301566972306375973E+02    0.228079935805309972E+02    0.101429495887703336E+01
    0.422794567002757454E-02   -0.714350974131078419E+04    0.300594468781755992E+02    0.226905210905180184E+02    0.101495650740943000E+01
    0.432613399078924168E-02   -0.714355565747585297E+04    0.300559531642920916E+02    0.227161856248009144E+02    0.101548326760641250E+01
    0.445183875527986172E-02   -0.714361294330354849E+04    0.300563265197466443E+02    0.227208755337506787E+02    0.101614706746494576E+01
    0.436432213385751569E-02   -0.714357323463788998E+04    0.301312450335063389E+02    0.228027087769023069E+02    0.101568615361294978E+01
    0.448314615625983529E-02   -0.714362695900896506E+04    0.300558102134614842E+02    0.227244839719918019E+02    0.101631061636528508E+01
    0.419984918203322993E-02   -0.714349640610622464E+04    0.304470526034146758E+02    0.229260477872794297E+02    0.101480438619860491E+01
    0.422684133631787660E-02   -0.714350921884524359E+04    0.304612862176581984E+02    0.229064222155400117E+02    0.101495053946549696E+01
    0.412814257309954483E-02   -0.714346196400629469E+04    0.304646829947879851E+02    0.228904471134721419E+02    0.101441325666656912E+01
    0.426016762630654095E-02   -0.714352492589182566E+04    0.304967167583463734E+02    0.229286623030743293E+02    0.101513019542439142E+01
    0.422971819362194870E-02   -0.714351057961490642E+04    0.304752280732492551E+02    0.229469076137775687E+02    0.101496608281055423E+01
