    0.197171640396118164E+02    0.282356977462768555E+01    0.893139839172363281E+00   -0.596647262573242188E-01   -0.122291229242278785E+09   -0.340101220333519727E+01    1
    0.118890917301177979E+02    0.586249530315399170E+01    0.369446277618408203E+01   -0.937002897262573242E-01   -0.246047164647861151E+07   -0.343434553666853093E+01    1
    0.163272559642791748E+02    0.465074598789215088E+01    0.445856690406799316E+01   -0.111570358276367188E+00   -0.464932619494419079E+06   -0.346767887000186459E+01    1
    0.170996892452239990E+02    0.833597004413604736E+01   -0.986991286277770996E+01    0.593815684318542480E+00   -0.152396341831111582E+06   -0.350101220333519692E+01    1
    0.553941726684570312E+01    0.310241937637329102E+01   -0.707698225975036621E+01   -0.757498025894165039E+00   -0.101618493479583078E+06   -0.353434553666853013E+01    1
    0.167377638816833496E+02    0.789930164813995361E+01   -0.606458783149719238E+01    0.466582775115966797E-01   -0.967171235394395335E+05   -0.356767887000186423E+01    1
    0.449042797088623047E+01    0.947847187519073486E+01   -0.604199886322021484E+01    0.981875658035278320E-01   -0.892240183824716514E+05   -0.360101220333519745E+01    1
    0.302006483078002930E+01    0.370580077171325684E+01   -0.634366631507873535E+01    0.854706168174743652E+00   -0.872669571029858780E+05   -0.363434553666853066E+01    1
    0.185133218765258789E+01    0.239541649818420410E+01   -0.645790219306945801E+01    0.552331686019897461E+00   -0.830582120328653400E+05   -0.366767887000186432E+01    1
    0.939288139343261719E+00    0.926180958747863770E+01   -0.501129269599914551E+01   -0.125115871429443359E+00   -0.646740669159873505E+05   -0.370101220333519754E+01    1
    0.149706292152404785E+02    0.603552997112274170E+01   -0.289015650749206543E+01    0.718808531761169434E+00   -0.495295020664981275E+05   -0.373434553666852986E+01    1
    0.371678590774536133E+01    0.575810790061950684E+01   -0.299521207809448242E+01   -0.255087971687316895E+00   -0.466116714964127386E+05   -0.376767887000186352E+01    1
    0.130779623985290527E+02    0.386160254478454590E+01   -0.250729680061340332E+01    0.675803303718566895E+00   -0.424718078748392654E+05   -0.380101220333519718E+01    1
    0.149325299263000488E+02    0.590860843658447266E+00   -0.279708623886108398E+01    0.424124240875244141E+00   -0.416052956840975603E+05   -0.383434553666853084E+01    1
    0.782184600830078125E+00    0.436667442321777344E+01   -0.226505637168884277E+01   -0.794964551925659180E+00   -0.314347565765559739E+05   -0.386767887000186361E+01    1
    0.731558442115783691E+01    0.197372734546661377E+01   -0.185604929924011230E+01   -0.299379229545593262E+00   -0.302253202738209802E+05   -0.390101220333519683E+01    1
    0.256443977355957031E+01    0.520882725715637207E+01   -0.135792255401611328E+01    0.238568425178527832E+00   -0.242914481888476621E+05   -0.393434553666853137E+01    1
    0.106302571296691895E+02    0.329222679138183594E+00   -0.100445270538330078E+01    0.570499420166015625E+00   -0.138161610949289352E+05   -0.396767887000186414E+01    1
    0.900723934173583984E+01    0.442116320133209229E+01   -0.306309461593627930E+00   -0.886605262756347656E+00   -0.109797873948248016E+05   -0.400101220333519692E+01    1
    0.385677456855773926E+01    0.415232837200164795E+01    0.779427289962768555E+00   -0.423019647598266602E+00   -0.630335306892989774E+04   -0.403434553666852835E+01    1
    0.151190948486328125E+02    0.283737123012542725E+01    0.941646218299865723E+01    0.997352004051208496E+00   -0.274614701454067244E+04   -0.406767887000186334E+01    1
    0.910448193550109863E+01    0.623362898826599121E+01    0.306125044822692871E+01    0.870168209075927734E+00   -0.238391641414962169E+04   -0.410101220333519656E+01    1
    0.243034362792968750E+00    0.302413463592529297E+01    0.286410808563232422E+01   -0.980125546455383301E+00   -0.238051389745107645E+04   -0.413434553666853066E+01    1
    0.193426012992858887E+01    0.993069350719451904E+01    0.948356509208679199E+01    0.803782939910888672E+00   -0.217283395740699962E+04   -0.416767887000186299E+01    1
    0.116540682315826416E+02    0.365973293781280518E+01    0.352345228195190430E+01   -0.904326796531677246E+00   -0.214258781198407860E+04   -0.420101220333519709E+01    1
    0.150161314010620117E+02    0.182753622531890869E+01    0.914692521095275879E+01   -0.885624885559082031E+00   -0.208016959213972405E+04   -0.423434553666853031E+01    1
    0.998429894447326660E+01    0.567263364791870117E-01    0.319793105125427246E+01   -0.826990246772766113E+00   -0.187415140262312525E+04   -0.426767887000186441E+01    1
    0.127858984470367432E+02    0.979652106761932373E+01    0.709572792053222656E+01   -0.823021173477172852E+00   -0.185966203293339959E+04   -0.430101220333519496E+01    1
    0.111951756477355957E+02    0.529593825340270996E+01    0.896694660186767578E+00    0.604114174842834473E+00   -0.184120614439933502E+04   -0.433434553666852906E+01    1
    0.599905133247375488E+01    0.544686913490295410E+00    0.167835116386413574E+01    0.671713471412658691E+00   -0.170715361631244696E+04   -0.436767887000186317E+01    1
    0.163728129863739014E+02    0.830358862876892090E+00    0.615476250648498535E+01   -0.775215744972229004E+00   -0.167896594373038920E+04   -0.440101220333519549E+01    1
    0.165096259117126465E+02    0.628974199295043945E+01    0.950485944747924805E+01   -0.763037919998168945E+00   -0.163104370353922195E+04   -0.443434553666852871E+01    1
    0.762222528457641602E+01    0.331208825111389160E+01    0.754237294197082520E+01   -0.747464776039123535E+00   -0.156856179801497228E+04   -0.446767887000186370E+01    1
    0.130995261669158936E+02    0.995827376842498779E+01    0.282112002372741699E+01    0.621370315551757812E+00   -0.150416635073547945E+04   -0.450101220333519869E+01    1
    0.539224267005920410E+01    0.772683024406433105E+01    0.294470429420471191E+01    0.598365545272827148E+00   -0.140596008245120879E+04   -0.453434553666853013E+01    1
    0.187925601005554199E+02    0.809916317462921143E+01    0.806895136833190918E+01   -0.700763106346130371E+00   -0.137253518768707477E+04   -0.456767887000186246E+01    1
    0.400443792343139648E+01    0.958898186683654785E+01    0.594938993453979492E+00   -0.357408523559570312E-01   -0.121379980971296686E+04   -0.460101220333519567E+01    1
    0.117146372795104980E+01    0.348908066749572754E+01    0.387165546417236328E+00   -0.152406692504882812E+00   -0.120978657436663048E+04   -0.463434553666852889E+01    1
    0.142796456813812256E+02    0.138210952281951904E+01    0.461036205291748047E+01   -0.662878036499023438E+00   -0.120298317028369365E+04   -0.466767887000186210E+01    1
    0.687236666679382324E+01    0.208857059478759766E+00    0.136983394622802734E+01    0.516300201416015625E+00   -0.103104618844342053E+04   -0.470101220333519709E+01    1
    0.644238471984863281E+01    0.492658615112304688E+00    0.759909152984619141E+01   -0.592722892761230469E+00   -0.859774565467763864E+03   -0.473434553666853031E+01    1
    0.848302364349365234E+01    0.665639758110046387E+01    0.293730735778808594E+01   -0.560531497001647949E+00   -0.683907951251725876E+03   -0.476767887000186263E+01    1
    0.247665405273437500E+01    0.992992043495178223E+01    0.714557051658630371E+01    0.442780256271362305E+00   -0.639246885926538084E+03   -0.480101220333519674E+01    1
    0.914686918258666992E+00    0.958246588706970215E+00    0.690008878707885742E+01   -0.517057418823242188E+00   -0.436948795576856469E+03   -0.483434553666853084E+01    1
    0.113537371158599854E+02    0.908261358737945557E+01    0.898856997489929199E+01    0.407788753509521484E+00   -0.435107895053720767E+03   -0.486767887000186406E+01    1
    0.688631534576416016E+01    0.456402420997619629E+01    0.660445570945739746E+01    0.396066784858703613E+00   -0.363322233854043645E+03   -0.490101220333519638E+01    1
    0.161545491218566895E+02    0.977046430110931396E+01    0.535142064094543457E+01    0.379726290702819824E+00   -0.260157040968499643E+03   -0.493434553666853049E+01    1
    0.154344689846038818E+02    0.158986985683441162E+01    0.835918426513671875E+01   -0.488082528114318848E+00   -0.257111651106637623E+03   -0.496767887000186192E+01    1
    0.141960370540618896E+02    0.600204110145568848E+01    0.690864920616149902E+01   -0.477481603622436523E+00   -0.188431258070006152E+03   -0.500101220333519514E+01    1
    0.101675152778625488E+02    0.899506688117980957E+01    0.945564270019531250E+01   -0.471013069152832031E+00   -0.145715035792614287E+03   -0.503434553666852924E+01    1
    0.103496432304382324E+01    0.365979075431823730E+00    0.809253454208374023E+01   -0.448092699050903320E+00    0.108765237891319373E+02   -0.506767887000186334E+01    1
    0.103942382335662842E+02    0.582116127014160156E+01    0.909923076629638672E+01    0.324195861816406250E+00    0.121247357758097422E+03   -0.510101220333519745E+01    1
    0.736067175865173340E+01    0.398136556148529053E+01    0.682680487632751465E+01    0.314766287803649902E+00    0.191373160136736828E+03   -0.513434553666853066E+01    1
    0.191601681709289551E+02    0.203600347042083740E+01    0.653831958770751953E+01    0.311864256858825684E+00    0.213304955616529327E+03   -0.516767887000186299E+01    1
    0.127790129184722900E+02    0.812114953994750977E+01    0.346462368965148926E+01    0.288560748100280762E+00    0.394634242100039955E+03   -0.520101220333519798E+01    1
    0.511759519577026367E+01    0.870121836662292480E+01    0.761062502861022949E+01    0.283638238906860352E+00    0.435845252584768957E+03   -0.523434553666853031E+01    1
    0.270542502403259277E+01    0.838069915771484375E+01    0.205534577369689941E+01   -0.389157295227050781E+00    0.502208941222207216E+03   -0.526767887000186175E+01    1
    0.135818529129028320E+02    0.795079648494720459E+01    0.134143233299255371E+01    0.234619498252868652E+00    0.595115001255458765E+03   -0.530101220333519674E+01    1
    0.172673642635345459E+02    0.120970010757446289E+00    0.824012756347656250E+00   -0.359299421310424805E+00    0.739932254334098729E+03   -0.533434553666853084E+01    1
    0.840955972671508789E+00    0.949280798435211182E+01    0.518586874008178711E+01    0.243119120597839355E+00    0.788705540736177682E+03   -0.536767887000186228E+01    1
    0.579819765568091405E+01    0.354467407892373965E+00    0.889774780789210240E+01    0.235001586025692433E+00    0.865001089747438073E+03   -0.540101220333519727E+01    1
    0.198093700408935547E+02    0.170068383216857910E+01    0.952858805656433105E+01    0.223297119140625000E+00    0.978554785479224279E+03   -0.543434553666853226E+01    1
    0.171921963240240494E+02    0.336300209265655070E+01    0.969994065831186703E+01    0.219367197638805411E+00    0.101770297201018923E+04   -0.546767887000186459E+01    1
    0.134515333045573726E+02    0.740630508953016076E+01    0.526102895258284420E+01    0.204271672519184433E+00    0.117317172843229855E+04   -0.550101220333519603E+01    1
    0.693841652239627216E+01    0.129557696303471959E+01    0.694522242376820742E+01   -0.309137722127133641E+00    0.118887662618238323E+04   -0.553434553666853102E+01    1
    0.875665307044982910E+01    0.529446423053741455E+01    0.657159686088562012E+01   -0.307957530021667480E+00    0.120102487064541810E+04   -0.556767887000186423E+01    1
    0.182532370090484619E+02    0.131918489933013916E+01    0.504675865173339844E+01    0.200192689895629883E+00    0.121667051858479454E+04   -0.560101220333519656E+01    1
    0.730158090591430664E+00    0.835456788539886475E+01    0.416640758514404297E+01   -0.298713564872741699E+00    0.129819773744086569E+04   -0.563434553666853066E+01    1
    0.389535665512084961E+01    0.270526587963104248E+01    0.428498268127441406E+01   -0.294227004051208496E+00    0.134555844613323166E+04   -0.566767887000186210E+01    1
    0.178020775318145752E+02    0.121974945068359375E+01    0.244258403778076172E+01    0.183843255043029785E+00    0.139543053468525613E+04   -0.570101220333519709E+01    1
    0.329631596366619295E+01    0.957185236592120248E+01    0.887844105630228597E+01    0.183238526258950873E+00    0.140471287441540267E+04   -0.573434553666853208E+01    1
    0.302990198135375977E+01    0.968265593051910400E+01    0.542274475097656250E+01    0.176476240158081055E+00    0.148319375819328934E+04   -0.576767887000186175E+01    1
    0.301169276237487793E+01    0.738543868064880371E+01    0.918897151947021484E+01    0.163556456565856934E+00    0.163934985854022898E+04   -0.580101220333519674E+01    1
    0.415126681327819824E+01    0.318365812301635742E+01    0.451267957687377930E+01   -0.267521262168884277E+00    0.164329675304783063E+04   -0.583434553666853084E+01    1
    0.958786606788635254E+01    0.648239850997924805E+00    0.548887729644775391E+01   -0.263040781021118164E+00    0.169541170941770611E+04   -0.586767887000186494E+01    1
    0.129635632038116455E+02    0.689180970191955566E+01    0.166941046714782715E+01    0.146981835365295410E+00    0.173186344474162092E+04   -0.590101220333519905E+01    1
    0.726812681944939643E+00    0.424887402268621450E+01    0.987202323476409660E+01    0.149441359035299426E+00    0.181995655549528578E+04   -0.593434553666853049E+01    1
    0.775344988584813954E+01    0.110049991872464156E+00    0.137935652274858356E+01    0.148238851656941506E+00    0.183012717581218817E+04   -0.596767887000186370E+01    1
    0.167795562744140625E+02    0.704949498176574707E+01    0.551019191741943359E+01   -0.251386523246765137E+00    0.183286866145806198E+04   -0.600101220333519692E+01    1
    0.157188236717451097E+02    0.664086713026476350E+01    0.831403886879408560E+01   -0.248590334891389042E+00    0.186632374295389354E+04   -0.603434553666853013E+01    1
    0.465536832809448242E+01    0.999509036540985107E+01    0.697359561920166016E+01   -0.246140956878662109E+00    0.189564138526741499E+04   -0.606767887000186334E+01    1
    0.119455790519714355E+02    0.105834841728210449E+01    0.611628651618957520E+01   -0.245988726615905762E+00    0.189747047672526469E+04   -0.610101220333519567E+01    1
    0.209524070944820995E+01    0.191324231055488592E+01    0.887293895057907633E+01   -0.238144029056092110E+00    0.199167388444980679E+04   -0.613434553666852977E+01    1
    0.164299726486206055E+01    0.852916538715362549E+01    0.596509337425231934E+01    0.135370135307312012E+00    0.201167554524381603E+04   -0.616767887000186565E+01    1
    0.675445247873021182E+00    0.981970382956262533E+01    0.606301984965946161E+01   -0.233160456651819392E+00    0.205130536405179646E+04   -0.620101220333519709E+01    1
    0.142253936554106843E+02    0.139099405249821317E+01    0.917263939169173881E+01   -0.230942422466906550E+00    0.207785609516206932E+04   -0.623434553666852942E+01    1
    0.176363228889306072E+02    0.878868144597830003E+01    0.847954370314293016E+01   -0.230387348010809623E+00    0.208445639324781177E+04   -0.626767887000186263E+01    1
    0.166180768607085234E+02    0.404010722412825540E+01    0.891100411048437380E+01   -0.222805760529798613E+00    0.217341788291039575E+04   -0.630101220333519585E+01    1
    0.391362190246582031E+01    0.731925964355468750E+00    0.949610948562622070E+01    0.122767567634582520E+00    0.219454030997476275E+04   -0.633434553666852995E+01    1
    0.639443489198492721E+01    0.493431202122885892E+01    0.630807104680312136E+01    0.120533689113386799E+00    0.222814473992733519E+04   -0.636767887000186406E+01    1
    0.120944863852944309E+02    0.226174514473316962E+00    0.850574936005215676E+01    0.120116454208273105E+00    0.223446519116118907E+04   -0.640101220333519727E+01    1
    0.979089617729187012E+01    0.916255533695220947E+01    0.222528100013732910E+01    0.116365432739257812E+00    0.225077426301475316E+04   -0.643434553666853137E+01    1
    0.134343431893673664E+02    0.317135156350054137E+01    0.831104327031882661E+01   -0.214062204778462051E+00    0.227096367675279271E+04   -0.646767887000186636E+01    1
    0.395406473127630598E+01    0.877313638513335903E+01    0.520193390645377463E+01    0.116296464173898162E+00    0.229289132968290778E+04   -0.650101220333519869E+01    1
    0.143594444157682011E+01    0.833481958361439368E+01    0.987383710372341739E+01   -0.211094442687260631E+00    0.230195599257893355E+04   -0.653434553666853191E+01    1
    0.100862245236808157E+02    0.619270858205567487E+00    0.731785271540383420E+01    0.109202809401256262E+00    0.240460472022501426E+04   -0.656767887000186334E+01    1
    0.132888422355647542E+02    0.720399916983527788E+01    0.157000392367639030E+01    0.954064316974636561E-01    0.244424836825485181E+04   -0.660101220333519567E+01    1
    0.158731102943420410E+01    0.437932610511779785E+00    0.234185099601745605E+01    0.102141380310058594E+00    0.251686067172312596E+04   -0.663434553666853066E+01    1
    0.923219950199833228E+01    0.129253169343231056E+01    0.691656793586061269E+01    0.996550407486140877E-01    0.256164996688917199E+04   -0.666767887000186388E+01    1
    0.198581218719482422E+02    0.256535232067108154E+01    0.950497984886169434E+01    0.975989103317260742E-01    0.259654345656060468E+04   -0.670101220333519709E+01    1
    0.337373610622618336E+00    0.186975758862938424E+01    0.862197435027190551E+01    0.966687128711751775E-01    0.261245918445404732E+04   -0.673434553666853208E+01    1
    0.174461306374591487E+02    0.365571297808664597E+00    0.745068328770219068E+01    0.965539277707783139E-01    0.261442883666901844E+04   -0.676767887000186530E+01    1
    0.195268213748931885E+02    0.303101539611816406E-01    0.130192399024963379E+01    0.963588953018188477E-01    0.261590429806674820E+04   -0.680101220333519674E+01    1
    0.375002829798034831E+01    0.352041618507557608E+00    0.940241899799219993E+01    0.945574453371262891E-01    0.264888821773578456E+04   -0.683434553666852995E+01    1
    0.717456988608094370E+01    0.521859730740194738E+01    0.643053060750499839E+01    0.902160732139887234E-01    0.272515718816368735E+04   -0.686767887000186406E+01    1
    0.141783697738260166E+02    0.781384688753705881E+01    0.615295932297289383E+01    0.889762984673081458E-01    0.274728080369226427E+04   -0.690101220333519727E+01    1
    0.704367123666682549E+01    0.991794680463070044E+01    0.845417859506739688E+01    0.786566941926796215E-01    0.293767993294826420E+04   -0.693434553666853049E+01    1
    0.134581604647282926E+02    0.136127358074068866E+00    0.954242700238740937E+01    0.756489734386445178E-01    0.299535837986243541E+04   -0.696767887000186459E+01    1
    0.119546998418837847E+01    0.465437945211697812E+01    0.900658319529554063E+01    0.756318531364870150E-01    0.299568961498344788E+04   -0.700101220333519780E+01    1
    0.970522734523432895E+01    0.508852543028124948E+01    0.901312982297700316E+01    0.743164468470083328E-01    0.302124069267124241E+04   -0.703434553666853102E+01    1
    0.924883316716534676E+00    0.352774793773963924E+00    0.352657479045070943E+01    0.726023617223072737E-01    0.305466846015841520E+04   -0.706767887000186512E+01    1
    0.957373354222823814E+01    0.285842257727344107E+01    0.727563272163241237E+01    0.712600983217137607E-01    0.308138331457902996E+04   -0.710101220333519745E+01    1
    0.361777849769276461E+00    0.428572199487513572E+00    0.712571178268906991E+01    0.602684667462445312E-01    0.330697039145567032E+04   -0.713434553666853066E+01    1
    0.304682493209838867E+01    0.186570703983306885E+01    0.675406336784362793E+01    0.574940443038940430E-01    0.336629054772619338E+04   -0.716767887000186477E+01    1
    0.815576423770449921E+01    0.212795742655482778E+01    0.510245839983746841E+01    0.573633285476107257E-01    0.336910190552301538E+04   -0.720101220333519887E+01    1
    0.672556098017958348E+01    0.253145391253345187E+01    0.437503741280261949E+01    0.537770765761800273E-01    0.344724969552025050E+04   -0.723434553666853208E+01    1
    0.130265468639313369E+02    0.398098680706543995E+01    0.930152072179600964E+01    0.535874532886857491E-01    0.345148600169993460E+04   -0.726767887000186530E+01    1
    0.108909487724304199E+02    0.385364413261413574E+01    0.804596185684204102E+01    0.509454011917114258E-01    0.351021532763284949E+04   -0.730101220333519763E+01    1
    0.189706743965974169E+02    0.331512474290592118E+01    0.836769108051736410E+01    0.483194649830376299E-01    0.356947319634716496E+04   -0.733434553666852995E+01    1
    0.128929480973364790E+02    0.692394482538747269E+01    0.679181827594788246E+01    0.477782446323211651E-01    0.358179551668111935E+04   -0.736767887000186406E+01    1
    0.111389463866333061E+01    0.511453031598760391E-01    0.367461338873180665E+01    0.462491565839138197E-01    0.361679599973396898E+04   -0.740101220333519549E+01    1
    0.393794402856029668E+01    0.536247680841286267E+00    0.428335814943346094E+01    0.456980304366791934E-01    0.362948498691569785E+04   -0.743434553666852960E+01    1
    0.632630071674150773E+01    0.191262589800824778E+01    0.923939540145055105E+01    0.454986424209098406E-01    0.363410393442496934E+04   -0.746767887000186281E+01    1
    0.151011761166965508E+01    0.479810767861075860E+01    0.979092428037338181E+01    0.453524804911746848E-01    0.363747998761542613E+04   -0.750101220333519603E+01    1
    0.685964043413241686E+00    0.314512915589649200E+01    0.332793713880404951E+01    0.448090263506517594E-01    0.364746637511844347E+04   -0.753434553666853013E+01    1
    0.346713969147800993E+01    0.436183078807657054E+01    0.424775055623999087E+01   -0.159950710759345638E-01    0.365810542752514175E+04   -0.756767887000186423E+01    1
    0.517287389304982526E+01    0.101050602304314951E+01    0.580744608231227311E+01    0.435582810212571392E-01    0.367913675448277672E+04   -0.760101220333519745E+01    1
    0.217354428530269939E+01    0.286118145727553941E+01    0.538099500692078969E+01   -0.158950545977718516E-01    0.368419875598655335E+04   -0.763434553666853066E+01    1
    0.807265624475037313E+01    0.179169433811087186E+01    0.222209322966885026E+01    0.358522037536073146E-01    0.385411704224075584E+04   -0.766767887000186299E+01    1
    0.117082597528296528E+02    0.467675307397387652E+01    0.811675039161708867E+01    0.357570025894424770E-01    0.386464366320921135E+04   -0.770101220333519709E+01    1
    0.687628252945481355E+00    0.636068771331017935E+01    0.162350958103290033E+01   -0.159926687819704760E-01    0.386951474154133575E+04   -0.773434553666853120E+01    1
    0.499092287021641301E+01    0.159512686588398456E+01    0.981691743484330104E+01    0.341771585817527424E-01    0.390299397206974027E+04   -0.776767887000186441E+01    1
    0.137873199520141565E+02    0.720494572705350578E+01    0.512771804552812505E+01    0.340438946987973168E-01    0.390622908159904637E+04   -0.780101220333519851E+01    1
    0.994180620862941211E+01    0.857123775257316467E+01    0.847831145705659850E+01    0.306225610093235900E-01    0.399005826568948532E+04   -0.783434553666853173E+01    1
    0.517985136823415093E+01    0.380911594100405937E+01    0.222174789742313905E+01    0.297062899471152164E-01    0.399158012786205018E+04   -0.786767887000186494E+01    1
    0.858841477174544288E+01    0.484336624323575826E+01    0.848763724324188473E+01    0.302906587776301528E-01    0.399823457243706707E+04   -0.790101220333519638E+01    1
    0.713895951284726049E+01    0.646131051014102642E+01    0.887293056631973087E+01    0.291908543590695402E-01    0.402537439153768810E+04   -0.793434553666853137E+01    1
    0.381507839505329072E+01    0.294500068334244247E+01    0.155690244594634208E+01    0.229928473474014794E-01    0.404155475072755553E+04   -0.796767887000186548E+01    1
    0.779655336406677435E+01    0.174137102385607956E+01    0.584833104385500846E+01    0.278982515430288291E-01    0.405734914617980940E+04   -0.800101220333519869E+01    1
    0.161888185102671667E+01    0.588299893244587935E+01    0.471040060318144604E+01    0.246526397880018067E-01    0.413776815744720716E+04   -0.803434553666853191E+01    1
    0.805526515313641767E+01    0.103165030721059892E+01    0.498148045560622243E+01    0.241310461248802621E-01    0.415078583776202413E+04   -0.806767887000186334E+01    1
    0.975808065423911231E+01    0.117612341772762452E+01    0.892254923948420497E+01    0.238442459371288606E-01    0.415790158538821197E+04   -0.810101220333519656E+01    1
    0.616678219174320752E+01    0.679319040750624215E+01    0.642790588172016086E+01    0.234376148529442663E-01    0.416798495357449792E+04   -0.813434553666852977E+01    1
    0.470869642908587327E+01    0.222272884236592549E+01    0.481674181156610004E+01    0.233081496865250593E-01    0.417118564811037595E+04   -0.816767887000186299E+01    1
    0.140175770777163997E+02    0.398756020684282575E+01    0.369938069277504766E+01    0.210798304916033352E-01    0.422616684980678110E+04   -0.820101220333519620E+01    1
    0.761663959083833753E+01    0.804819634294953445E+01    0.622056864718412328E+01    0.206598023555588650E-01    0.423666364213887664E+04   -0.823434553666853120E+01    1
    0.359578371047973633E+01    0.419032990932464600E+01    0.848773717880249023E+01    0.196394920349121094E-01    0.426173866097765222E+04   -0.826767887000186441E+01    1
    0.812014295946122111E+01    0.162676921523442730E+01    0.994697182543754721E+01   -0.125239728161489206E-01    0.426746314227048879E+04   -0.830101220333519763E+01    1
    0.851519870301180859E+01    0.701096399752191290E+00    0.458564509228871309E+01   -0.124721311971952575E-01    0.427317333612882612E+04   -0.833434553666853084E+01    1
    0.614767503777412117E+01    0.417177536945452410E+01    0.666170301050455294E+01   -0.124631217789167303E-01    0.427414060459938628E+04   -0.836767887000186406E+01    1
    0.133635744829746255E+02    0.549765750345562232E+01    0.156700097871803656E+01    0.117056908383195157E-01    0.429724372388343909E+04   -0.840101220333519727E+01    1
    0.113920883847701955E+02    0.386605286356196842E+01    0.678814275353700936E+01    0.162340359576342852E-01    0.434433857064826498E+04   -0.843434553666853049E+01    1
    0.154771447894736536E+02    0.856220249187344251E+01    0.368484629796809671E+01    0.155688534158837655E-01    0.435999349666626767E+04   -0.846767887000186548E+01    1
    0.991998251791378571E+01    0.567369740494905073E+00    0.531000396466559366E+01    0.150589482470839808E-01    0.437227148645431407E+04   -0.850101220333519692E+01    1
    0.502071478836751073E+01    0.278729654686301442E+01    0.378018064433438283E+01    0.148854773067399471E-01    0.437625932127991382E+04   -0.853434553666853191E+01    1
    0.158445730887837932E+01    0.711488161172093392E+01    0.497519874553094610E+01    0.148607457928455755E-01    0.437691746237208372E+04   -0.856767887000186334E+01    1
    0.162440771360636447E+02    0.636293360572497274E-01    0.892156861888264174E+01    0.148471312176354786E-01    0.437726540262098024E+04   -0.860101220333519656E+01    1
    0.186011602624374248E+02    0.557951205130556005E+01    0.520074292629019297E+01    0.137132598727405242E-01    0.440376060231639622E+04   -0.863434553666853155E+01    1
    0.588059023954331472E+01    0.675076480041670557E+01    0.583646873478340567E+01    0.127304586196494984E-01    0.442634029139812901E+04   -0.866767887000186477E+01    1
    0.148035111521299729E+02    0.485273685336934246E+01    0.762079758837360544E+01    0.119040207210858728E-01    0.444501268121826797E+04   -0.870101220333519620E+01    1
    0.165685581137316174E+01    0.372600198023907137E+01    0.667992637721057747E+01    0.981749066773263124E-02    0.449059550898706493E+04   -0.873434553666852942E+01    1
    0.890223961650766604E+01    0.827683482422713279E+00    0.316463158733234806E+01    0.977356318191580087E-02    0.449145913120602654E+04   -0.876767887000186441E+01    1
    0.414988852876956305E+01    0.154406773822764976E+01    0.739554751803479604E+01   -0.961956590389156929E-02    0.449820728105364469E+04   -0.880101220333519763E+01    1
    0.855597493805016818E+01    0.419137281337158463E+01    0.600634130208089800E+01   -0.932066924416352638E-02    0.451390809846493175E+04   -0.883434553666853084E+01    1
    0.317504426601986811E+01    0.816429317492779916E+01    0.533248740177563896E+01    0.858911487496305526E-02    0.451615271999624019E+04   -0.886767887000186228E+01    1
    0.134228077170863216E+02    0.514138306438515880E+01    0.760409194251807463E+01    0.845261881334380405E-02    0.451891828560303475E+04   -0.890101220333519549E+01    1
    0.155391123023137023E+02    0.678002727256076465E+01    0.793861335104930532E+01   -0.921161292725525271E-02    0.451933885858149733E+04   -0.893434553666853049E+01    1
    0.224453094612040260E+01    0.809977114463679726E+01    0.982221808957416087E+01    0.806783351279061201E-02    0.452664748910200160E+04   -0.896767887000186370E+01    1
    0.102748510728185707E+02    0.254783032882013671E+01    0.856058983987639621E+01    0.803106790754304356E-02    0.452737962925043212E+04   -0.900101220333519692E+01    1
    0.268791615871171841E+01    0.397832828858691734E+01    0.663529358245852663E+01   -0.903551058749019198E-02    0.452780182893912388E+04   -0.903434553666853013E+01    1
    0.837491715200826192E+01    0.430403075965659188E+01    0.667435179210720975E+01    0.701547573574257122E-02    0.454713263025392735E+04   -0.906767887000186334E+01    1
    0.175052379901352921E+02    0.737198640947157102E+01    0.921613865767645279E+01    0.667223136841066378E-02    0.455358812992972526E+04   -0.910101220333519656E+01    1
    0.655888138393883402E+01    0.803951765077546199E+01    0.901165714241098570E+01    0.653342232855558258E-02    0.455616520322793713E+04   -0.913434553666852977E+01    1
    0.861241221427917480E+01    0.779734849929809570E+00    0.934395670890808105E+01    0.606679916381835938E-02    0.456467918985022516E+04   -0.916767887000186477E+01    1
    0.181228595800293206E+02    0.138628246543120870E+01    0.545223237102074876E+01    0.594831195069067675E-02    0.456680510104345376E+04   -0.920101220333519620E+01    1
    0.526489113990762547E+01    0.218206415492089995E+00    0.470745200110703621E+01    0.487179885108646182E-02    0.458534291586504696E+04   -0.923434553666852942E+01    1
    0.455941411274209418E+01    0.649622611644294246E+01    0.425024742493138774E+01    0.457766191362307673E-02    0.459019107085920677E+04   -0.926767887000186263E+01    1
    0.140883234242207127E+02    0.436822186233921994E+00    0.804356956893808572E+01    0.456683112926348223E-02    0.459032710715029134E+04   -0.930101220333519585E+01    1
    0.590873507346306504E+01    0.859239936611743182E+01    0.492430804650604870E+01   -0.736897981585338258E-02    0.459092294111658339E+04   -0.933434553666853084E+01    1
    0.129291090438663971E+02    0.531959410881428951E+01    0.414478147034265021E+01    0.450155180297229229E-02    0.459144286942062809E+04   -0.936767887000186406E+01    1
    0.144610104249154183E+02    0.804921501321216937E+01    0.191050614042405087E+01   -0.440002168688558015E-03    0.459358868833230827E+04   -0.940101220333519727E+01    1
    0.467788594363590970E+01    0.108661535983154622E+01    0.991781775993117520E+01    0.377106332270038536E-02    0.460272095379495295E+04   -0.943434553666853049E+01    1
    0.125937024782077422E+02    0.811322852747060708E+01    0.195504640321106216E+01   -0.311122435832589250E-02    0.460984174671246365E+04   -0.946767887000186192E+01    1
    0.483731455375673569E+01    0.402135095223114281E+01    0.675454989806759087E+01    0.296528937230489120E-02    0.461428132474117047E+04   -0.950101220333519692E+01    1
    0.127073229017447904E+02    0.630636334730191006E+01    0.443906827594834752E+01    0.289559761865287868E-02    0.461528991005309308E+04   -0.953434553666853191E+01    1
    0.532300833221660064E+01    0.789764099336739278E+01    0.268216344878798374E+01   -0.630006989285547547E-02    0.461767545274494842E+04   -0.956767887000186334E+01    1
    0.259640556055961635E+01    0.390713446555706012E+01    0.936605114014582085E+01   -0.628952116225689473E-02    0.461800096596114054E+04   -0.960101220333519656E+01    1
    0.847547743112534135E+01    0.558912070406077266E+01    0.676780701981284949E+01   -0.588344245567562485E-02    0.462593379181244927E+04   -0.963434553666853155E+01    1
    0.173796015460612026E+02    0.522692185980363710E+01    0.749621523238395326E+01    0.195827648343316341E-02    0.462714298969192532E+04   -0.966767887000186477E+01    1
    0.763120840708421344E+00    0.271143574301684742E+01    0.336743939667837822E+01    0.175517938093205927E-02    0.462911623826941650E+04   -0.970101220333519620E+01    1
    0.958486058680347242E+01    0.460845297772863738E+01    0.929144423220831328E+01   -0.564887147281145641E-02    0.463000087376559532E+04   -0.973434553666853120E+01    1
    0.630175714564985512E+01    0.812677308077916827E+00    0.261502692562417316E+01    0.157200975902926920E-02    0.463143501077645305E+04   -0.976767887000186263E+01    1
    0.163776080986575430E+02    0.265249957493636668E+00    0.917921972745816106E+01   -0.524745362713385788E-02    0.463614225051458925E+04   -0.980101220333519763E+01    1
    0.113011609244565232E+02    0.360165333853186542E+01    0.702528244479870168E+01    0.102864244408396033E-02    0.463723511080216485E+04   -0.983434553666853084E+01    1
    0.962102544671741056E+00    0.337728855826571817E+01    0.404691383296541751E+01    0.993898559906059020E-03    0.463756728542392102E+04   -0.986767887000186228E+01    1
    0.508196756426087681E+01    0.497340034466300729E+01    0.565184573382491884E+01    0.884956440645900955E-03    0.463863254476377551E+04   -0.990101220333519549E+01    1
    0.522304397980416191E+01    0.704136453567351950E+01    0.447032161009890672E+01   -0.505201526481047214E-02    0.463890371833176869E+04   -0.993434553666853049E+01    1
    0.136785093719988087E+02    0.720082859589962521E+01    0.453313016327136253E+01    0.782270196734824452E-03    0.463966249531695394E+04   -0.996767887000186548E+01    1
    0.431959086141026682E+00    0.231586438822910123E+01    0.453094805986053473E+01    0.739840598107610603E-03    0.463998070185886718E+04   -0.100010122033351969E+02    1
    0.979538410455247899E+01    0.230169961298533687E+01    0.730311474311989528E+01    0.713447935547284473E-03    0.464022416357746624E+04   -0.100343455366685301E+02    1
    0.161534994707131254E+02    0.884480475759168172E+01    0.699354375776687931E+01    0.637123773154835149E-03    0.464091369998599839E+04   -0.100676788700018633E+02    1
    0.170885827140049074E+02    0.495762401083024518E+01    0.664431257495528982E+01    0.635683193759506437E-03    0.464092664402943228E+04   -0.101010122033351983E+02    1
    0.182978099336498303E+02    0.437528478997057135E+01    0.977328108384488914E+01   -0.487673515169129157E-02    0.464094519178422252E+04   -0.101343455366685316E+02    1
    0.169694407771071809E+01    0.288877635012686484E+01    0.337034611006304274E+01    0.395377733046764490E-03    0.464292825412486036E+04   -0.101676788700018648E+02    1
    0.565052661421391811E+01    0.374142956807509020E+01    0.825998995669941394E+01    0.359078699414761005E-03    0.464330235575176994E+04   -0.102010122033351998E+02    1
    0.198363708198572697E+01    0.741028781014672511E+01    0.492541116918364885E+01    0.290822846550131686E-03    0.464389029942398247E+04   -0.102343455366685294E+02    1
    0.899055505386310827E+01    0.297251140588582219E+01    0.598691639565612554E+01   -0.459277222397447282E-02    0.464409562224878755E+04   -0.102676788700018609E+02    1
    0.515308545284990260E+00    0.166209219326353752E+01    0.252164937665441258E+01   -0.309927603263870921E-03    0.464502582679887109E+04   -0.103010122033351958E+02    1
    0.165818504530555231E+02    0.506793926835945374E+01    0.551428939913056304E+01   -0.442179327169234249E-02    0.464578716095500931E+04   -0.103343455366685308E+02    1
    0.311027456536733826E+01    0.845712264818099513E+01    0.654090235366910377E+01   -0.994494459216621607E-04    0.464681863206767412E+04   -0.103676788700018641E+02    1
    0.140114314336784478E+02    0.806909963688647025E+01    0.431497058150612567E+01   -0.173583981443625746E-03    0.464745836479999525E+04   -0.104010122033351973E+02    1
    0.902992612155491514E+01    0.684035778125483107E+00    0.287267324069686225E+01   -0.307346629129345850E-03    0.464830918255041706E+04   -0.104343455366685305E+02    1
    0.193813447432653412E+02    0.579057455638672458E+01    0.466419766046956497E+01   -0.394835739400101193E-02    0.464970879803593198E+04   -0.104676788700018637E+02    1
    0.102604542395845506E+02    0.804787429364028384E+01    0.264929341095262849E+01   -0.374028713761431764E-02    0.464977902294738487E+04   -0.105010122033351987E+02    1
    0.890036575994246881E+01    0.445040513361897805E+01    0.693261545628507747E+01   -0.572184296675493087E-03    0.464984930810243259E+04   -0.105343455366685319E+02    1
    0.127599510823024769E+02    0.218520745858284249E+01    0.601201598910025226E+01   -0.383143181320722004E-02    0.465043061634153128E+04   -0.105676788700018633E+02    1
    0.634739149096205235E+01    0.790807209661510857E+01    0.631090258889762623E+01   -0.379940785292165462E-02    0.465063606765017084E+04   -0.106010122033351966E+02    1
    0.103953146223423616E+02    0.532295397851305530E+00    0.612391255677425761E+01   -0.741472720907188076E-03    0.465078103258461124E+04   -0.106343455366685316E+02    1
    0.162339654727026028E+01    0.846940120041566935E+01    0.822680199487122366E+01   -0.824182244664739549E-03    0.465120555743616933E+04   -0.106676788700018648E+02    1
    0.147934198771445313E+02    0.742194747200363381E+01    0.869374680720753190E+01   -0.367277179454650327E-02    0.465138823183685417E+04   -0.107010122033351980E+02    1
    0.419436849939473699E+01    0.644422790264941625E+01    0.699625800737238990E+01   -0.892163079690755367E-03    0.465154005543349285E+04   -0.107343455366685294E+02    1
    0.134387084572517956E+02    0.371841648669955660E+01    0.821006058540237404E+01   -0.341334216665467594E-02    0.465270568464030293E+04   -0.107676788700018644E+02    1
    0.134371795208561928E+01    0.266066045572073318E+01    0.780255414946487846E+01   -0.120172558463704782E-02    0.465288090966379787E+04   -0.108010122033351976E+02    1
    0.109799088686375357E+01    0.885600431356865414E+01    0.906484106245779486E+01   -0.122333578800426501E-02    0.465296335760982947E+04   -0.108343455366685308E+02    1
    0.103205520691512014E+02    0.425949450064089241E+01    0.351212246925578064E+01   -0.340287013244700010E-02    0.465310497066189964E+04   -0.108676788700018641E+02    1
    0.639718708371711298E+01    0.214047580082882449E+01    0.863261232275836221E+01   -0.329935258712743540E-02    0.465318864679319449E+04   -0.109010122033351973E+02    1
    0.161565699608547000E+02    0.952938405311635606E+01    0.328273154589314942E+01   -0.348720855478612535E-02    0.465320066148911064E+04   -0.109343455366685323E+02    1
    0.190838865986222963E+02    0.168025553984239062E+01    0.658572876814139008E+01   -0.135162546959188834E-02    0.465342283870776555E+04   -0.109676788700018655E+02    1
    0.167483177104086813E+02    0.556359824960385829E+01    0.635731730352306457E+01   -0.135597971671486128E-02    0.465343921695940116E+04   -0.110010122033351969E+02    1
    0.279524086886507028E+01    0.652640734051242966E+01    0.814862481062797528E+01   -0.139219102948573425E-02    0.465355665633242461E+04   -0.110343455366685319E+02    1
    0.103054610888754645E+02    0.214212374363529623E+01    0.863992936443668214E+01   -0.319518444107069755E-02    0.465358014018168251E+04   -0.110676788700018651E+02    1
    0.845507450956528750E+01    0.170050463565192572E+00    0.266938607760771163E+01   -0.314484811656112750E-02    0.465381545501373694E+04   -0.111010122033351966E+02    1
    0.790116426484609891E+00    0.439084842437300704E+01    0.893205743531460072E+01   -0.148661048308229571E-02    0.465384797830373100E+04   -0.111343455366685316E+02    1
    0.142308361738342306E+02    0.720825310406612574E+00    0.329977658678899566E+01   -0.150352211108095712E-02    0.465397384512014742E+04   -0.111676788700018630E+02    1
    0.108281897661165516E+02    0.918393958954405498E+01    0.555052379641060156E+01   -0.302335738881043259E-02    0.465414239552199342E+04   -0.112010122033351962E+02    1
    0.345217221260872620E+01    0.876497488897972943E+01    0.841927289271319523E+01   -0.162466099539237963E-02    0.465422097987089546E+04   -0.112343455366685312E+02    1
    0.599120378700427647E+01    0.742106318333887138E+01    0.358649811029146193E+01   -0.155466416339256064E-02    0.465438776061755652E+04   -0.112676788700018644E+02    1
    0.108103622536611574E+02    0.191067993820705961E+01    0.477671080175976748E+01   -0.172511807887532065E-02    0.465446708970527652E+04   -0.113010122033351976E+02    1
    0.746924879016583176E+01    0.208371134641105993E+01    0.883603952000019532E+01   -0.178700906959083916E-02    0.465457711534882401E+04   -0.113343455366685308E+02    1
    0.217630827598702714E+01    0.950927104990579153E+01    0.359501100253721972E+01   -0.297375145038125677E-02    0.465462130042850640E+04   -0.113676788700018641E+02    1
    0.512034826764780249E+01    0.598116643445144547E+01    0.807630259696411201E+01   -0.184450492715548808E-02    0.465468161285272618E+04   -0.114010122033351973E+02    1
    0.173721700810045654E+02    0.495799095429535086E+01    0.671655916159392063E+01   -0.272578792181232821E-02    0.465477544146734908E+04   -0.114343455366685287E+02    1
    0.927732165722680868E+01    0.734522504287612588E+01    0.666818673675057028E+01   -0.272229892738395929E-02    0.465478166052111555E+04   -0.114676788700018637E+02    1
    0.169762573295680341E+01    0.549926901695723913E+01    0.403859192696585367E+01   -0.280459929532650420E-02    0.465478361708842931E+04   -0.115010122033351987E+02    1
    0.506397737099656986E+01    0.121284163984909307E-01    0.764849474504046256E+01   -0.271530268491027016E-02    0.465479077337844228E+04   -0.115343455366685301E+02    1
    0.701637929296648277E+01    0.532573178184555651E+01    0.398577074315149993E+01   -0.280919090177622621E-02    0.465481513785759853E+04   -0.115676788700018616E+02    1
    0.820737464565477381E+01    0.969987059505036697E+01    0.637170787850719478E+01   -0.193497477235449189E-02    0.465482633260273997E+04   -0.116010122033351966E+02    1
    0.125185539902951888E+02    0.915953904415436604E+01    0.540324225784271306E+01   -0.193786950440233419E-02    0.465484900257496156E+04   -0.116343455366685298E+02    1
    0.388780960056446112E+01    0.874231090162709989E+01    0.313559632651817921E+01   -0.202204671322414598E-02    0.465488866768448406E+04   -0.116676788700018630E+02    1
    0.168006095507621076E+02    0.488976531703634032E+00    0.360069864317637567E+01   -0.266090525094320185E-02    0.465490478148340662E+04   -0.117010122033351980E+02    1
    0.152949753541265672E+02    0.125465289627649446E+01    0.767095199186357846E+01   -0.261066710892954301E-02    0.465493004525611741E+04   -0.117343455366685312E+02    1
    0.126067051587179169E+01    0.634482285163545523E+01    0.903676161365767072E+01   -0.259658437426890654E-02    0.465494545932754590E+04   -0.117676788700018644E+02    1
    0.718879330013690243E+01    0.526321422009762063E+01    0.698349428683643225E+01   -0.259022573308687054E-02    0.465495285273792706E+04   -0.118010122033351958E+02    1
    0.115328316049277184E+02    0.631462782223702757E+01    0.985076605304607256E+01   -0.258434196799739446E-02    0.465495822854759172E+04   -0.118343455366685308E+02    1
    0.192218558241007074E+02    0.214571604958949846E+01    0.348804921095564424E+01   -0.268999562264504721E-02    0.465501366379784395E+04   -0.118676788700018641E+02    1
    0.157698423812123938E+02    0.967595967427594417E+01    0.591963253508303033E+01   -0.251782035987291319E-02    0.465502660813359580E+04   -0.119010122033351955E+02    1
    0.167772115545767306E+02    0.589755011541088159E+01    0.468383016956658693E+01   -0.207037655691100220E-02    0.465503474686317441E+04   -0.119343455366685305E+02    1
    0.112507466319450433E+02    0.194785858534296041E+01    0.639353946933629658E+01   -0.249048926244632707E-02    0.465503759179838107E+04   -0.119676788700018637E+02    1
    0.254931189753099563E+01    0.643572469147138726E+01    0.604556912934219781E+01   -0.247785889316298746E-02    0.465505007648448918E+04   -0.120010122033351969E+02    1
    0.208449044873791767E+01    0.856267015048331714E+01    0.493334441543893476E+01   -0.254102063179340032E-02    0.465505110131124275E+04   -0.120343455366685301E+02    1
    0.691793236630002251E+00    0.670753841765543979E-01    0.697142554388730318E+01   -0.243715370028152467E-02    0.465506632843754960E+04   -0.120676788700018633E+02    1
    0.135842153084635608E+02    0.723234929344229904E+01    0.485633874657305142E+01   -0.211519942796722926E-02    0.465506633192561094E+04   -0.121010122033351983E+02    1
    0.271626507086082380E+01    0.860720374094323226E+01    0.516033507549924941E+01   -0.214516372112716347E-02    0.465507159067129487E+04   -0.121343455366685298E+02    1
    0.299611379462659855E+01    0.750196523664186987E+01    0.967348191470916419E+01   -0.221756263679318000E-02    0.465507404117718215E+04   -0.121676788700018630E+02    1
    0.186069337771305534E+02    0.282147465673622099E-02    0.491048333008763649E+01   -0.221936427186442131E-02    0.465507472306756063E+04   -0.122010122033351962E+02    1
    0.100731426202039120E+02    0.893715411287742967E+01    0.712950783961820633E+01   -0.241543109643549414E-02    0.465507606632372153E+04   -0.122343455366685294E+02    1
    0.532234189190040574E+01    0.738677131043522817E+01    0.780339225706178752E+01   -0.222387300888970962E-02    0.465507653949700580E+04   -0.122676788700018626E+02    1
    0.191852735058794863E+02    0.502372863447576812E+01    0.924238158692786982E+01   -0.240016600973724792E-02    0.465508037873466856E+04   -0.123010122033351958E+02    1
    0.743350954908462747E+01    0.759009696590686733E+01    0.896111702879529304E+01   -0.225406055426868868E-02    0.465508529663904483E+04   -0.123343455366685291E+02    1
    0.389272977540992704E+01    0.258724241780317543E+01    0.737081448869492917E+01   -0.225732478151308147E-02    0.465508620940738001E+04   -0.123676788700018623E+02    1
    0.666425885022599918E+01    0.957063036633156017E+01    0.772655334999585364E+01   -0.237878405773939150E-02    0.465508642561518991E+04   -0.124010122033351955E+02    1
    0.330385105420343628E+01    0.800955397143336612E+01    0.946751304765948021E+01   -0.236283104142032130E-02    0.465508928637161080E+04   -0.124343455366685287E+02    1
    0.162120024749435281E+02    0.400420102298327940E+01    0.871214351788740160E+01   -0.227828699365895115E-02    0.465509001804910076E+04   -0.124676788700018619E+02    1
    0.499814239944151240E+01    0.363507721908561265E+01    0.619584092009322873E+01   -0.226775946238089166E-02    0.465509038331903866E+04   -0.125010122033351969E+02    1
    0.153838891948519354E+02    0.119052564897182944E+01    0.778069008860481759E+01   -0.228094240612641830E-02    0.465509041695397173E+04   -0.125343455366685301E+02    1
    0.124201691547063842E+01    0.531353465618292908E+01    0.709118752502096328E+01   -0.235672170675071957E-02    0.465509085506979318E+04   -0.125676788700018633E+02    1
    0.179674889753432190E+02    0.814326760469129951E+01    0.929929080516985351E+01   -0.234889951388128626E-02    0.465509125804351788E+04   -0.126010122033351966E+02    1
    0.736707237359589939E+01    0.175443587165966780E+00    0.440507466330684672E+01   -0.236741506579607464E-02    0.465509140019479764E+04   -0.126343455366685316E+02    1
    0.194720616316739132E+02    0.228827006945996919E+00    0.541531759474302810E+01   -0.228511839544354167E-02    0.465509149079931376E+04   -0.126676788700018648E+02    1
    0.188565560878253216E+02    0.494090588506642181E+01    0.587186961833708665E+01   -0.237613592575280919E-02    0.465509173221306264E+04   -0.127010122033351980E+02    1
    0.112383238170902278E+02    0.112679217273100019E+01    0.342156546995635402E+01   -0.255865680606481849E-02    0.465509234928362639E+04   -0.127343455366685294E+02    1
    0.620574208215552581E+01    0.419419610703905121E+01    0.626157815111803728E+01   -0.229762052242421522E-02    0.465509438466941810E+04   -0.127676788700018626E+02    1
    0.128579019996483024E+01    0.446177043216033198E+01    0.571757996690491765E+01   -0.227018306686987970E-02    0.465509503827841581E+04   -0.128010122033351958E+02    1
    0.219599775222308802E+01    0.333077447820021444E+01    0.301673925980261259E+01   -0.221599226011748307E-02    0.465509558696648492E+04   -0.128343455366685308E+02    1
    0.104884181583891571E+02    0.194119171393687617E+01    0.529004772787665800E+01   -0.229285277049240399E-02    0.465509792252607713E+04   -0.128676788700018623E+02    1
    0.169703862572569975E+01    0.122468781893908174E+01    0.464664296455942960E+01   -0.237903678448025957E-02    0.465509807308018026E+04   -0.129010122033351973E+02    1
    0.178879923878261771E+02    0.457324898577214789E+01    0.398747650189744363E+01   -0.203704983272545714E-02    0.465509847210007047E+04   -0.129343455366685323E+02    1
    0.168305294067100562E+02    0.480677254337234405E+01    0.477322459610950922E+01   -0.218877725106714216E-02    0.465510058220983956E+04   -0.129676788700018637E+02    1
    0.166541689844535163E+02    0.524930623664135698E+01    0.530522735046429439E+01   -0.226922726916256590E-02    0.465510418630222284E+04   -0.130010122033351969E+02    1
    0.488899020379840366E+01    0.382460844420475166E+01    0.491515350184276834E+01   -0.240349519007165835E-02    0.465510426418907718E+04   -0.130343455366685319E+02    1
    0.831157166713848383E+01    0.957179448957042034E+01    0.457631988555735170E+01   -0.254912881356850196E-02    0.465510633047246938E+04   -0.130676788700018651E+02    1
    0.153307549403574299E+02    0.371657812790939701E+01    0.352780459911571143E+01   -0.195218350379311456E-02    0.465510795200883695E+04   -0.131010122033351983E+02    1
    0.886735804234436742E+01    0.121233968703203687E+01    0.267285178459592743E+01   -0.269065770167575824E-02    0.465511861794162905E+04   -0.131343455366685316E+02    1
    0.248893569419566862E+00    0.457522121391380843E+01    0.454971343256444349E+01   -0.233774185723201189E-02    0.465512260691237771E+04   -0.131676788700018630E+02    1
    0.198110658793340089E+01    0.570539564506873731E+01    0.322881510225186297E+01   -0.221688452497803556E-02    0.465512320552484925E+04   -0.132010122033351962E+02    1
    0.118804092853482857E+02    0.609356948829419665E+01    0.493860100274750025E+01   -0.234408402934260796E-02    0.465512873560780281E+04   -0.132343455366685294E+02    1
    0.100217867434757650E+02    0.436689896840834191E+01    0.459928655779360440E+01   -0.240145592436824540E-02    0.465513024492725526E+04   -0.132676788700018626E+02    1
    0.618958204170747184E+01    0.875383414820552908E+01    0.497984665229640555E+01   -0.233452468961281578E-02    0.465514243944613099E+04   -0.133010122033351958E+02    1
    0.183735652234663362E+02    0.822740211554620160E+01    0.485959432311321216E+01   -0.226306088163141794E-02    0.465514370582697666E+04   -0.133343455366685291E+02    1
    0.123509855816232150E+02    0.694639336039233157E+01    0.460773402500842799E+01   -0.224940508610804724E-02    0.465516098568918096E+04   -0.133676788700018623E+02    1
    0.116221438202942462E+01    0.377418014046223549E+01    0.402684158273875425E+01   -0.226561732154906270E-02    0.465516889153998000E+04   -0.134010122033351955E+02    1
    0.122458341376039108E+02    0.611672228884516045E+01    0.429472820565840685E+01   -0.241021969417098969E-02    0.465519803667745146E+04   -0.134343455366685287E+02    1
    0.633215628547251264E+01    0.142497323096586936E+01    0.257958220191019372E+01   -0.217257820627170251E-02    0.465520795864866432E+04   -0.134676788700018637E+02    1
    0.694052491556889528E+01    0.213747929238386813E+01    0.265872593568209581E+01   -0.213803194770856297E-02    0.465521190099592513E+04   -0.135010122033351987E+02    1
    0.135499263498246076E+02    0.528030821058574151E+01    0.306594413486856254E+01   -0.187315752825045756E-02    0.465522311153372448E+04   -0.135343455366685301E+02    1
    0.186269994503810876E+01    0.804309343478047012E+01    0.348075929242262561E+01   -0.218735420202287312E-02    0.465522997523403683E+04   -0.135676788700018633E+02    1
    0.902357133225318364E+01    0.435178662600588773E+01    0.298147238983927210E+01   -0.273923255348662575E-02    0.465525371743878804E+04   -0.136010122033351966E+02    1
    0.112410856181571468E+02    0.755162593831180828E+01    0.377577653722452489E+01   -0.263455211002550094E-02    0.465525850331386573E+04   -0.136343455366685298E+02    1
    0.907818015126244759E+01    0.347972307233500366E+01    0.369091364067855565E+01   -0.244208818530800009E-02    0.465526161952720668E+04   -0.136676788700018630E+02    1
    0.136993313545793924E+02    0.945672863786611906E+01    0.417844151618320048E+01   -0.218484269663543618E-02    0.465527934697066485E+04   -0.137010122033351980E+02    1
    0.112205665048275289E+02    0.321552114900121921E+01    0.334316149665187368E+01   -0.207434890115609782E-02    0.465527952008853936E+04   -0.137343455366685312E+02    1
    0.742306297472871179E+01    0.957951373081474422E+01    0.424831726931434872E+01   -0.240173651018915635E-02    0.465527968138492542E+04   -0.137676788700018626E+02    1
    0.162610288373357577E+02    0.579480836876453598E+01    0.366307908812711247E+01   -0.205744658733963970E-02    0.465528702780514050E+04   -0.138010122033351976E+02    1
    0.161052147448567382E+02    0.240038776812193566E+01    0.268848578810373340E+01   -0.201092421937965060E-02    0.465529012374725426E+04   -0.138343455366685308E+02    1
    0.156506178732949515E+02    0.493581539592363505E+01    0.377134901557554869E+01   -0.217715136368967777E-02    0.465529299736662506E+04   -0.138676788700018623E+02    1
    0.754746505201753326E+01    0.970119776054241179E+01    0.415713976445778144E+01   -0.241950517443523250E-02    0.465530917589446108E+04   -0.139010122033351955E+02    1
    0.178589797383940265E+02    0.745418352969470810E+01    0.301091841714553254E+01   -0.279595690539247155E-02    0.465532690960701257E+04   -0.139343455366685305E+02    1
    0.172254587564282708E+02    0.894726188794275856E+01    0.400136237327480160E+01   -0.217050161486542770E-02    0.465533251251018100E+04   -0.139676788700018637E+02    1
    0.147125778154029767E+02    0.965278897720679474E+01    0.411933407139376584E+01   -0.225106977790145990E-02    0.465533319876073074E+04   -0.140010122033351969E+02    1
    0.831553031206364857E+01    0.513165396046461364E+01    0.373237416936026634E+01   -0.241038047512309728E-02    0.465533733729593587E+04   -0.140343455366685301E+02    1
    0.146562120143801309E+02    0.647381780231222947E+01    0.351532140051764586E+01   -0.200601363885988260E-02    0.465533734452278622E+04   -0.140676788700018633E+02    1
    0.462659328700343853E+01    0.383482256475823924E+01    0.339600222662841134E+01   -0.219769259438584719E-02    0.465533874408343399E+04   -0.141010122033351948E+02    1
    0.937086446007656093E+01    0.822726052137768349E+01    0.394219605780089566E+01   -0.222255693727968495E-02    0.465535847156481032E+04   -0.141343455366685280E+02    1
    0.822389628818357465E+01    0.663439262004197339E+01    0.317450334896708952E+01   -0.199729384675229049E-02    0.465535874495144162E+04   -0.141676788700018630E+02    1
    0.341179822219364004E+01    0.415749886012099434E+01    0.334067194047951688E+01   -0.229381767771941192E-02    0.465535922036962074E+04   -0.142010122033351962E+02    1
