    0.140583449969578731E-98   -0.399451562008875635E+04    0.105734925214355169E+02    0.838471051782918231E+01    0.861157523058999175E+00    0.359354221644527794E-01
    0.976706458873014914E-98   -0.399845905654136277E+04    0.598017171882600884E+01    0.879868079867138775E+01    0.201607354427562768E+01    0.662561135156218839E-01
    0.596502239327416298E-94   -0.401596019763249342E+04    0.159856311044655861E+02    0.583901540250216655E+01    0.193863684296738548E+01    0.530485759977876725E-01
    0.137264949426686405E-93   -0.401769369448506313E+04    0.139198108793448476E+02    0.775451236467750693E+01    0.188683008400440855E+01    0.625588266204843979E-01
    0.461264755658136926E-92   -0.402478964971737787E+04    0.605472944315630102E+01    0.332738027279966930E+01    0.158207654980354562E+01    0.629438801240569390E-01
    0.215390809094821688E-90   -0.403254362057476101E+04    0.997763702881246273E+00    0.318853972487167514E+01    0.139827619560069039E+01    0.690841381321236625E-01
    0.110422149071179727E-87   -0.404508951108852216E+04    0.101116380558253987E+02    0.138950286600911466E+01    0.125595143895758810E+01    0.456412901097766888E-01
    0.131719600679881159E-87   -0.404550890712829960E+04    0.330629587645174006E+01    0.849840456606191452E+01    0.126519823528252751E+01    0.672836548362256703E-01
    0.368478393154188769E-86   -0.405223815727975762E+04    0.289635172249469841E+01    0.598574720419361217E+01    0.211173392070902288E+01    0.498735499091673695E-01
    0.174165532688219948E-85   -0.405541124235030566E+04    0.503751926066344069E+01    0.842258915245842132E+01    0.205496201192277361E+01    0.408813213907559536E-01
    0.110850571543532547E-82   -0.406838977339051416E+04    0.110027246067802498E+02    0.331613532807341294E+01    0.156380013550666597E+01    0.453571263026952831E-01
    0.135201230777333118E-81   -0.407345877259295412E+04    0.385520967980826024E+01    0.363173848697411561E+01    0.170111297191914979E+01    0.566301961122936959E-01
    0.993699486822787874E-71   -0.412356648225321442E+04    0.947295802527799324E+01    0.212479082625989202E+01    0.116757666295391260E+01    0.337726862485652202E-01
    0.188538330697771239E-70   -0.412491405210244193E+04    0.144917337945905444E+02    0.126608946022755298E+01    0.994919929013223125E+00    0.540728189820105509E-01
    0.586974047126704600E-65   -0.415027792824710195E+04    0.994566537548092811E+01    0.691616139227209104E+01    0.168998685113650460E+01    0.461590629025976362E-01
    0.788798568805308721E-65   -0.415093565567931364E+04    0.802678915309149410E+01    0.703845591620929056E+01    0.148166366413327566E+01    0.621315902389873997E-01
    0.886157013484408788E-64   -0.415584025885623760E+04    0.112777878167656898E+02    0.750763068128152167E+01    0.152556422135996961E+01    0.594818819823021983E-01
    0.171780938864740656E-63   -0.415723074751449894E+04    0.130696164577726570E+02    0.334907497014469646E+01    0.802264491657037837E+00    0.504074297104988300E-01
    0.410200436296805318E-63   -0.415903826589202072E+04    0.962215418059957273E+01    0.892263034791956500E+01    0.110226216785068054E+01    0.592697169200568919E-01
    0.149032630450099197E-62   -0.416168514148271879E+04    0.111844024895629790E+02    0.786023850127118262E+01    0.169202596563710728E+01    0.472082099042694381E-01
    0.143804120254897537E-61   -0.416628555197392234E+04    0.784337762506300251E+01    0.444752746397052778E+01    0.152686912645902595E+01    0.449441298112023269E-01
    0.140085738172159322E-60   -0.417090499393282062E+04    0.604342290716528652E+01    0.608963084888645678E+01    0.161420124123805842E+01    0.553694481811879413E-01
    0.439457764311492246E-58   -0.418246857489631839E+04    0.953315427059040665E+01    0.207476153923096174E+01    0.695832179495470271E+00    0.414801221571696743E-01
    0.938538044756819254E-57   -0.418865797530884538E+04    0.167393634682917600E+02    0.398486751771002412E+01    0.109378055975525967E+01    0.265956806637108745E-01
    0.232574972537021813E-54   -0.419974993101854398E+04    0.142195601739999660E+02    0.776464847362894339E+01    0.146089155311932828E+01    0.368604851504981124E-01
    0.590577198337378783E-52   -0.421089071350792346E+04    0.550203865822730798E+01    0.540606729667831321E+01    0.120383808883800469E+01    0.600743399044454396E-01
    0.220299153843582051E-48   -0.422740583302240702E+04    0.131232828892428461E+02    0.776523346733119268E+01    0.856602668711264670E+00    0.283564634432591500E-01
    0.420479092915115032E-48   -0.422876531638051438E+04    0.255983911346037329E+01    0.716058142345152948E+01    0.103107527451330050E+01    0.334641934862132118E-01
    0.610605002861087782E-48   -0.422957809407723380E+04    0.478840397012919894E+01    0.671266408744036003E+01    0.140849627103417063E+01    0.587151697092445080E-01
    0.371351112202139152E-47   -0.423325532640091842E+04    0.178912797956011360E+02    0.380534052365943953E+01    0.114911557072690940E+01    0.334603203924455084E-01
    0.189200254699521768E-46   -0.423657847924092130E+04    0.183524876872085052E+02    0.855598450022970880E+01    0.126380794272306751E+01    0.289491139305038114E-01
    0.798154904079459887E-45   -0.424412930947595760E+04    0.101778903136324850E+02    0.283706507461074153E+01    0.100676625471656500E+01    0.255555907218043554E-01
    0.115824185310567132E-40   -0.426336136847952912E+04    0.625555731955707195E+01    0.450091116434366700E+01    0.824953401698333977E+00    0.279760191320665985E-01
    0.236702063269549227E-39   -0.426946266300380921E+04    0.534034400359364891E+00    0.263521724976305993E+01    0.119382394218703070E+01    0.486598434761598142E-01
    0.844010013001835805E-39   -0.427207205392043124E+04    0.157190221563581272E+02    0.231243617582711991E+01    0.103428978626023671E+01    0.397842117314262111E-01
    0.661884263839987903E-36   -0.428546808385375152E+04    0.182579743770219558E+02    0.229070934095559808E+01    0.800962428596854181E+00    0.484809418856453345E-01
    0.129479629439983688E-35   -0.428687678641546245E+04    0.637515402573132128E+01    0.104134591477959382E+01    0.798843362559910730E+00    0.408832151555569290E-01
    0.180518957878058959E-35   -0.428760807755194583E+04    0.225276803656005153E+01    0.801162345702360312E+01    0.160673389240570508E+01    0.326760554594036634E-01
    0.186105851423079115E-34   -0.429234087401152101E+04    0.114162076274689426E+02    0.359590329656953989E+01    0.118269679955322182E+01    0.442840938661281935E-01
    0.535619930686758223E-33   -0.429912692930317280E+04    0.870068999430452195E+01    0.461912281833007565E+01    0.127254582772965108E+01    0.389265219616292679E-01
    0.592199565954782308E-33   -0.429939443368527645E+04    0.445055582070810463E+01    0.900332033816797939E+00    0.689345164802674049E+00    0.363559033952500776E-01
    0.710667740036587514E-31   -0.430903616337243238E+04    0.632093081602986295E+01    0.824523556315978823E+01    0.106121917573407210E+01    0.440237923409454446E-01
    0.394577922533731932E-30   -0.431253122349720616E+04    0.173565796129354624E+02    0.802868929027687450E+01    0.116245944816544977E+01    0.529042328247293359E-01
    0.419051959221848494E-30   -0.431271824671762624E+04    0.879106163049311817E+01    0.703026988860527702E+01    0.116705621875232879E+01    0.528389899433920895E-01
    0.109316442679858835E-27   -0.432391292774260546E+04    0.288660987497201083E+01    0.674955278580750040E+01    0.132944116022661873E+01    0.259053634693284796E-01
    0.113760094586402675E-27   -0.432405928436409795E+04    0.104894728167373703E+02    0.223809391039366146E+01    0.993939076108690145E+00    0.414287304770368792E-01
    0.450298669096236409E-27   -0.432687758957916321E+04    0.127584797709710234E+02    0.193467055593779858E+01    0.720814106297281043E+00    0.390163725466130540E-01
    0.654796110235582273E-27   -0.432769308191259825E+04    0.636768596583352497E+00    0.695053883410763262E+01    0.126135455877004787E+01    0.364530212567488743E-01
    0.251583766943593121E-26   -0.433045182296195071E+04    0.339322244486882862E+01    0.886413007694444488E+01    0.159759344721787322E+01    0.429615864334822462E-01
    0.343411299955354273E-26   -0.433114079532978030E+04    0.192548040821631083E+02    0.684380198755237590E+01    0.100653197324853849E+01    0.212623304383958711E-01
    0.366431078533965822E-25   -0.433594239537544581E+04    0.361759324208602684E+00    0.714510177472759000E+01    0.157730694577527863E+01    0.494321792278089589E-01
    0.558088703070428199E-24   -0.434145564715868932E+04    0.120682077454612919E+02    0.711163732516757463E+01    0.129167135006411193E+01    0.431769044877039487E-01
    0.163027038914892479E-23   -0.434366628031962318E+04    0.132358372042334729E+02    0.562852944869169214E+01    0.119714282888887169E+01    0.456840080041831520E-01
    0.146473460560464618E-22   -0.434812397354327641E+04    0.111659438505696684E+02    0.768672032296081120E+01    0.130471627370180698E+01    0.389058404931756918E-01
    0.431772039082776396E-22   -0.435035274722233771E+04    0.534924646454865638E+01    0.684003684647181398E+01    0.138961924903547462E+01    0.440224210161841434E-01
    0.887219378992622245E-19   -0.436567531348098055E+04    0.152241782846574694E+02    0.319501766558767741E+01    0.998747000984307576E+00    0.416658158776499477E-01
    0.877813098991907769E-19   -0.436572066298965001E+04    0.786063500740196286E+01    0.477638478805172362E+01    0.979001156155291596E+00    0.203828907343355237E-01
    0.153896070835093686E-18   -0.436691018746273585E+04    0.175317763005776470E+02    0.892880426726831722E+01    0.992022573580582545E+00    0.413157260959575723E-01
    0.526670163486051156E-18   -0.436943744806335962E+04    0.156135124291054588E+02    0.440827113618348321E+01    0.107850476360630054E+01    0.428319793968776619E-01
    0.896732419167971564E-18   -0.437056848079863630E+04    0.105989648292406002E+01    0.734762093422728846E+01    0.118590962162071989E+01    0.267461489701790178E-01
    0.126352194862793693E-16   -0.437592611922489777E+04    0.193063729788560146E+02    0.365478234769659771E+01    0.940633738039656109E+00    0.280857789781141509E-01
    0.516893275667930124E-16   -0.437881031232792520E+04    0.888648786233602195E+01    0.817720331280350976E+01    0.120921291268050268E+01    0.292960036574156923E-01
    0.290925403181813285E-15   -0.438233261010997740E+04    0.162068784597695341E+02    0.832350101396977848E+01    0.116097384455613195E+01    0.310246825367677115E-01
    0.509393864987927149E-15   -0.438351958603867115E+04    0.155227826194903820E+02    0.793663538848390182E+01    0.112871793219533068E+01    0.462806839916038992E-01
    0.543741729532085005E-15   -0.438371675841206434E+04    0.807083113117540840E+01    0.540087882012807263E+01    0.903588473241052625E+00    0.311247560348906216E-01
    0.316992333482338690E-14   -0.438730940169822952E+04    0.111561603387938479E+02    0.573231047641859170E+01    0.115030220026963903E+01    0.347996866007618255E-01
    0.148699432256037190E-13   -0.439046733744372978E+04    0.191399647723578603E+02    0.289199290372041951E+01    0.915265455057458155E+00    0.345107036958489655E-01
    0.690996474046608275E-13   -0.439360641948172270E+04    0.640452180849117259E+01    0.833791141608935327E+01    0.114628979035259526E+01    0.435501822254495963E-01
    0.777431530647313879E-13   -0.439390880785964328E+04    0.194818065447559974E+02    0.288197985648581589E+01    0.880443662633187074E+00    0.401351422789195666E-01
    0.872217465492102327E-13   -0.439420556093260984E+04    0.542204975661851485E+01    0.991393940441606780E+01    0.138123026440631413E+01    0.349210269207735902E-01
    0.108302386959329420E-12   -0.439470517461359850E+04    0.167076057897674985E+02    0.853418405874647057E+01    0.118993457292162930E+01    0.427512093927471248E-01
    0.383619991241498831E-11   -0.440190646199114508E+04    0.401368056027351372E+01    0.704807793184576603E+01    0.130184793380770003E+01    0.440417948483791122E-01
    0.434106893679962116E-11   -0.440222040535003816E+04    0.372710026517329318E+01    0.641464713543798304E+01    0.111470871692636742E+01    0.395659000264168004E-01
    0.640190866047920641E-11   -0.440306402313173840E+04    0.671413907066588411E+01    0.703172706882562437E+01    0.124303690689456303E+01    0.426912240114394326E-01
    0.131596601102655672E-10   -0.440457180964634881E+04    0.105860101911634494E+02    0.925036754702664510E+01    0.126118098366717213E+01    0.401383572362254970E-01
    0.720987922791734979E-10   -0.440804023870389301E+04    0.149951501089424344E+02    0.991801249191302325E+01    0.115555209697179073E+01    0.436561070379937188E-01
    0.876758171523773287E-10   -0.440849812301598286E+04    0.123680610431679749E+02    0.556583449590122736E+01    0.104048570887656666E+01    0.425599502128695129E-01
    0.226761277293224704E-09   -0.441046529309467223E+04    0.741269500879694831E+01    0.240933957693096223E+01    0.861539040868740003E+00    0.359374305976445374E-01
    0.385460501648920377E-09   -0.441159304157226143E+04    0.385977668079176262E+01    0.335878031968966795E+01    0.973084066992147001E+00    0.368600769507463344E-01
    0.529062329947373807E-09   -0.441229304328533999E+04    0.135150336934945656E+02    0.706250965500517758E+01    0.102701740598811497E+01    0.412079118197818950E-01
    0.824180558007822094E-09   -0.441324627670959944E+04    0.102760644675216106E+02    0.997122689866848688E+01    0.108363097050347079E+01    0.385691498677369626E-01
    0.165001455078540673E-08   -0.441470124288789066E+04    0.145922415341965177E+02    0.671957302979898419E+01    0.103131809586068535E+01    0.416592577356074134E-01
    0.172957208951359739E-08   -0.441486208940311917E+04    0.817142517583623373E+01    0.398340881806533709E+01    0.837749004815549370E+00    0.252591801216270895E-01
    0.360865321066991204E-08   -0.441639967726996019E+04    0.158949324758869981E+02    0.465414333018363724E+01    0.963236006811902357E+00    0.404694876311961771E-01
    0.416894126362273604E-08   -0.441675499889474486E+04    0.739193628366388467E+01    0.778369933467193942E+01    0.117486846476846551E+01    0.294706419389605401E-01
    0.491868286474800073E-08   -0.441715242290998685E+04    0.535131736728335738E+01    0.566614413452183285E+01    0.965235857491183680E+00    0.272863503304934252E-01
    0.732926987817800168E-08   -0.441801675981535027E+04    0.311923680537539205E+01    0.474855704913077936E+01    0.105158676729243084E+01    0.354779376241243227E-01
    0.724182678224526941E-08   -0.441805942165994838E+04    0.106532951695126865E+02    0.466032592515595656E+01    0.861863487655433858E+00    0.287105237767881771E-01
    0.216305232017564060E-07   -0.442031455219825511E+04    0.210010498508913335E+01    0.594689562363578261E+01    0.135383780880752269E+01    0.366358399360102727E-01
    0.236654635738951553E-07   -0.442056104151251111E+04    0.100287674691803002E+02    0.543120259887402224E+01    0.967020511157279827E+00    0.375126978148243584E-01
    0.515890221118752646E-06   -0.442679146266098178E+04    0.132001966145213636E+02    0.279918026551257304E+01    0.860623653546127798E+00    0.341151815707609884E-01
    0.674144793210909824E-06   -0.442739323117061940E+04    0.252347309296104338E+01    0.611370905161518330E+01    0.111864462820592259E+01    0.246148475756591267E-01
    0.348579807850397334E-05   -0.443074591260986472E+04    0.533765771579463033E+00    0.845465603311908787E+01    0.156202909404521151E+01    0.311131619185311958E-01
    0.475259276680363717E-05   -0.443143256586233110E+04    0.960298693176530627E+01    0.739764970056238980E+01    0.116322542417051977E+01    0.374026603453097017E-01
    0.579214236084468023E-05   -0.443189485636677182E+04    0.160627388714305361E+02    0.861331978152984057E+01    0.112663992635371102E+01    0.339666889610856781E-01
    0.612083528813117323E-05   -0.443207191571052499E+04    0.901519930625938049E+00    0.752959139120905796E+01    0.150723968736972580E+01    0.375535294470243919E-01
    0.957715080082110337E-05   -0.443303394550591111E+04    0.194133172891630394E+02    0.717162541983809732E+01    0.921909947267518959E+00    0.310095124098381802E-01
    0.988277274017286276E-05   -0.443316343812766900E+04    0.753138244528292056E+01    0.276397613363825245E+01    0.797989485657330633E+00    0.237182824551627203E-01
    0.286303963045450670E-04   -0.443535745648871853E+04    0.981918649846102198E+01    0.879662063965650276E+01    0.118517212057066956E+01    0.382212671106232360E-01
    0.485529572384934730E-04   -0.443648049544094556E+04    0.192742080012336814E+02    0.584481705900744775E+01    0.101461020222920872E+01    0.367928430518671412E-01
    0.490015260032825300E-04   -0.443656555478055816E+04    0.195176246018374044E+02    0.992412091439003063E+01    0.107168035288257713E+01    0.286591423041522297E-01
    0.557916935512697747E-04   -0.443689176856056110E+04    0.980802823570562587E+01    0.555461479648461154E+01    0.107316721181314811E+01    0.342713864417132363E-01
    0.729117434173206846E-04   -0.443749368466367559E+04    0.303439722000428969E+01    0.611091235405105682E+01    0.109801266441043310E+01    0.267352974141401578E-01
    0.773388718066437598E-04   -0.443767824529670452E+04    0.128531152609923573E+02    0.438401169327762208E+01    0.878125784687053823E+00    0.232200519785494830E-01
    0.861627859590352602E-04   -0.443796099530020547E+04    0.960578175190857486E+01    0.545611558699978083E+01    0.106957869275817430E+01    0.347287846849384518E-01
    0.874310109744471780E-04   -0.443805688530553198E+04    0.114823657907392160E+02    0.998778512071367963E+01    0.112272779964790814E+01    0.290236827589624991E-01
    0.913226196803253274E-04   -0.443821064891559672E+04    0.133581786592203233E+02    0.835572823195326286E+01    0.100649562507270218E+01    0.334373857054106605E-01
    0.918099930960568339E-04   -0.443828796086403963E+04    0.174599009277628738E+02    0.827006622665225777E+01    0.107987478281670768E+01    0.384727547422669680E-01
    0.931513450004517804E-04   -0.443838363630484127E+04    0.752335755082459201E+01    0.322700103274558980E+01    0.913096361760688424E+00    0.280298834454537626E-01
    0.955552313235642152E-04   -0.443850126073701904E+04    0.124362074107041778E+02    0.598807876877709422E+01    0.924428353962907678E+00    0.299936349969247562E-01
    0.114931784449671251E-03   -0.443893719611345477E+04    0.239818334387495380E+01    0.867409358341891767E+01    0.125964585133720774E+01    0.351183975633113654E-01
    0.117106586427784086E-03   -0.443904135426319772E+04    0.295102431879722626E+01    0.520566015612938848E+01    0.117745035667944720E+01    0.310274399832717318E-01
    0.225132750776163283E-03   -0.444041523236279954E+04    0.119210966329044119E+02    0.788104503874547646E+01    0.101835211182763175E+01    0.344774277713824073E-01
    0.277966097132793008E-03   -0.444090351687311340E+04    0.187723326540321978E+02    0.644123773903120256E+01    0.911480912979317992E+00    0.306197540686494740E-01
    0.278601891041402945E-03   -0.444097475293075240E+04    0.298536078227457047E+01    0.850986923848714838E+01    0.119896721096195868E+01    0.313428845432890402E-01
    0.269680903564949539E-03   -0.444097633074231453E+04    0.162596603383377634E+02    0.731584912564801293E+01    0.106388958300615677E+01    0.324166136896621992E-01
    0.319154936489707275E-03   -0.444137987192452238E+04    0.167588661701417507E+02    0.472002374835171512E+01    0.845694208129273761E+00    0.270765634481897610E-01
    0.332046727948274968E-03   -0.444152573664448119E+04    0.116001160274359183E+02    0.710698181454572619E+01    0.102190293959777989E+01    0.269055991180155996E-01
    0.397806190990334827E-03   -0.444195378175820133E+04    0.186387822354523855E+02    0.393546128841267073E+01    0.903927638836277580E+00    0.323160658045360538E-01
    0.505769237514509459E-03   -0.444250067959196713E+04    0.868209280298742314E+01    0.840506402557738852E+01    0.116297021982123816E+01    0.330581178760971373E-01
    0.490674486822734331E-03   -0.444250674712941509E+04    0.975768235391176120E+01    0.696977202849848965E+01    0.110275846495876095E+01    0.322706937844818853E-01
    0.593711425563471853E-03   -0.444295463867099079E+04    0.575378629291755850E+01    0.473937626845255000E+01    0.103860988412354693E+01    0.356731908380467644E-01
    0.597743578370431598E-03   -0.444303484229268179E+04    0.135401871450581837E+02    0.975093934435989773E+01    0.103221593266190226E+01    0.309671824274966312E-01
    0.646542120831635771E-03   -0.444325846192916742E+04    0.188802585940078815E+01    0.816623396417506520E+01    0.127084575576789760E+01    0.300186178326438124E-01
    0.630504660513028976E-03   -0.444327489299376066E+04    0.138888410802229387E+02    0.971048367651545696E+01    0.103146426263497304E+01    0.278005331093362784E-01
    0.833038437675896097E-03   -0.444389867813566707E+04    0.185432707989617356E+02    0.677012060597182241E+01    0.956607077623040425E+00    0.343692348147857096E-01
    0.881927781561155002E-03   -0.444407940557746861E+04    0.179929153987538193E+02    0.369654975498973837E+01    0.797229619470897433E+00    0.238979272994639391E-01
    0.960264356463375914E-03   -0.444431626913519904E+04    0.126846874432415557E+02    0.644895914213687682E+01    0.102166572499097086E+01    0.289822571663009843E-01
    0.117378602519452703E-02   -0.444478449801101124E+04    0.397480307134891531E+01    0.996156557505388207E+01    0.127833452484314058E+01    0.373357531318962987E-01
    0.128456608426387236E-02   -0.444503153775816736E+04    0.935128391451549312E+01    0.929008131103582357E+01    0.110877684813067034E+01    0.359079602813143772E-01
    0.169441052392667107E-02   -0.444565203227112397E+04    0.166372205055185596E+02    0.487280404033697856E+01    0.931771972963190365E+00    0.348146580604240530E-01
    0.163925695294487119E-02   -0.444565251524747509E+04    0.177986279951622528E+02    0.594099194827092347E+01    0.996243937946390545E+00    0.357310601487894619E-01
    0.205032676709611264E-02   -0.444616669414881835E+04    0.987936383002298335E+01    0.771258964003973002E+01    0.110550295969625623E+01    0.369189205563298373E-01
    0.343451673794259449E-02   -0.444726511491368819E+04    0.113441982947675122E+02    0.431571028410655266E+01    0.943350123319490308E+00    0.336223151390089292E-01
    0.332319999628238796E-02   -0.444726588547013125E+04    0.637580998375420194E+01    0.600662767041702672E+01    0.110298797693254080E+01    0.358739036169011261E-01
    0.400048244973054412E-02   -0.444770352572331467E+04    0.942814116345750897E+01    0.874073403952720085E+01    0.113524207940113975E+01    0.365424816744965852E-01
    0.387750879281425608E-02   -0.444770774822485510E+04    0.334229344239264536E+01    0.641021286023829351E+01    0.121286987015544412E+01    0.336081907034859739E-01
    0.437071231481721886E-02   -0.444801388111794222E+04    0.132669092030157731E+02    0.468456858513287155E+01    0.876302793493131560E+00    0.259594285482178666E-01
    0.482132883703904370E-02   -0.444827679495555185E+04    0.122080332331721273E+02    0.697206723545474105E+01    0.101623646306434878E+01    0.281632081459344263E-01
    0.562293499491423217E-02   -0.444865106999476939E+04    0.148778581912208363E+02    0.927275680277931080E+01    0.105718763234878388E+01    0.349041231943838515E-01
    0.551474251847169222E-02   -0.444867887905233329E+04    0.143356816613612104E+02    0.618182354418345525E+01    0.930795737969273063E+00    0.290206239446475500E-01
    0.540400147875365420E-02   -0.444870497517823333E+04    0.137427553001924529E+02    0.362952166230228679E+01    0.869102902194953231E+00    0.300477438384147977E-01
    0.536994065223281303E-02   -0.444875899617089090E+04    0.159593934486890365E+02    0.553812030361445107E+01    0.903866929266012420E+00    0.257599021354468771E-01
    0.536797640536579995E-02   -0.444882493113256169E+04    0.150083556316280298E+02    0.883147912561866910E+01    0.104044279975660636E+01    0.344791401452542168E-01
    0.539635798975688502E-02   -0.444890214435013149E+04    0.642350197713860105E+01    0.933126483693903097E+01    0.114061984460599852E+01    0.329960172317882439E-01
    0.570763410191950111E-02   -0.444908097164718856E+04    0.606035459153009626E+01    0.475174785560479851E+01    0.102850468624876790E+01    0.302882974657723292E-01
    0.565528185538673959E-02   -0.444912920902434416E+04    0.923261572437011857E+01    0.732796409214318434E+01    0.109900724494857371E+01    0.319582821792407934E-01
    0.593331193025274217E-02   -0.444929186091348129E+04    0.835986270273605214E+01    0.977970279145468169E+01    0.116001814878819687E+01    0.318305636132747427E-01
    0.632417546948432080E-02   -0.444948612178854273E+04    0.647749829510003927E+01    0.741204121722080700E+01    0.107053889815605707E+01    0.297447929652849830E-01
    0.660625496494162551E-02   -0.444964006296846583E+04    0.130836862523451707E+02    0.395611901098885221E+01    0.857247878593019763E+00    0.276585466076482156E-01
    0.717651680219256408E-02   -0.444987232407136798E+04    0.633124855180238200E+01    0.678277485431661109E+01    0.112911123516631129E+01    0.325785820167385776E-01
    0.727019029825521756E-02   -0.444996492739148016E+04    0.137573511007102915E+02    0.793761359110840647E+01    0.105354038184477794E+01    0.355304969756538025E-01
    0.736331594665972592E-02   -0.445005704985911052E+04    0.115163676261827046E+02    0.854764391700230952E+01    0.109235473675812322E+01    0.356431124111846742E-01
    0.748060250915506559E-02   -0.445015532246694511E+04    0.131565409349003026E+02    0.422737323013150146E+01    0.921493877078491508E+00    0.309802698927479359E-01
    0.733578221170354348E-02   -0.445018289055123296E+04    0.192585003804305117E+02    0.913097162770617743E+01    0.106032840506105686E+01    0.354082907361614740E-01
    0.718270674474849949E-02   -0.445020738171602534E+04    0.408565587174592260E+01    0.687495929316161813E+01    0.117913528460951511E+01    0.351235748767309008E-01
    0.833204884105011138E-02   -0.445057091456124726E+04    0.126825411833002377E+02    0.390508384995470914E+01    0.882490520763724362E+00    0.299832248746447760E-01
    0.841310787413675383E-02   -0.445065694435902606E+04    0.696037353564234262E+01    0.684353381421409779E+01    0.110966620083304690E+01    0.352305177895217980E-01
    0.838576100824776557E-02   -0.445071709942298003E+04    0.514284686800124469E+01    0.712683510123337438E+01    0.116993875706973327E+01    0.342853949140884406E-01
    0.866207859227229038E-02   -0.445084860522270810E+04    0.118146022686210834E+02    0.408196007703876074E+01    0.879768463698798797E+00    0.284116819136395193E-01
    0.883049040717797350E-02   -0.445095378356107358E+04    0.166327290943375985E+02    0.413591919406440756E+01    0.884058307702861867E+00    0.310314041611143843E-01
    0.106281557484084483E-01   -0.445139104248874173E+04    0.484050850404448774E+01    0.603983465656286356E+01    0.111496379641553567E+01    0.314124961494703925E-01
    0.115532601497299742E-01   -0.445162463111312536E+04    0.537361582442902197E+01    0.513504591343858330E+01    0.106084460048166918E+01    0.324006951373856378E-01
    0.115463433195996407E-01   -0.445169010003969288E+04    0.734178501346291146E+01    0.819440933687775797E+01    0.113830557490927831E+01    0.349591096501136178E-01
    0.113186160433861871E-01   -0.445171692673938833E+04    0.163552895773757498E+02    0.429249449797019711E+01    0.895278209104873213E+00    0.310537778871080583E-01
    0.120411755693356597E-01   -0.445190735993828275E+04    0.156539602041974764E+02    0.561474517753950586E+01    0.953811303558806500E+00    0.287954701263646307E-01
    0.121964550821540042E-01   -0.445199965314238216E+04    0.138784959607803682E+02    0.725632204704810935E+01    0.104990063582008020E+01    0.329845222317941555E-01
    0.120712988584523243E-01   -0.445204569040368187E+04    0.106311645480455415E+02    0.708138626693759221E+01    0.104099557492628136E+01    0.297295086577447076E-01
    0.121308932179508919E-01   -0.445212220650543350E+04    0.178214259750243400E+02    0.566268323570837229E+01    0.907954591017894330E+00    0.298003207974844031E-01
    0.117905426931610418E-01   -0.445213195794431158E+04    0.132388396185744810E+02    0.652925617917829193E+01    0.101738418608184489E+01    0.344300550052472065E-01
    0.114667704950449957E-01   -0.445214293578503111E+04    0.117977652814828904E+02    0.726086256774297212E+01    0.106695191784538324E+01    0.335629563749186843E-01
    0.112274262076441540E-01   -0.445216741489774176E+04    0.471923383604963664E+01    0.685994059811673385E+01    0.111526693350185901E+01    0.312075241568203765E-01
    0.113987379334017525E-01   -0.445226436774077411E+04    0.171332642262349886E+02    0.593607290466293236E+01    0.934174663660638060E+00    0.317586101730991111E-01
    0.115192455138914476E-01   -0.445235206744316383E+04    0.595588126357774339E+01    0.529599750035929340E+01    0.105287064610280723E+01    0.326128268213319306E-01
    0.113440251604931801E-01   -0.445238807816624285E+04    0.154278400631745889E+02    0.611379801429196679E+01    0.937062531256589892E+00    0.301870771532559701E-01
    0.112586651692881453E-01   -0.445243963859630276E+04    0.162077340669560570E+02    0.424011254367932722E+01    0.871383929925960032E+00    0.292883912603616459E-01
    0.109684685213718384E-01   -0.445245407844102465E+04    0.658017127355335951E+01    0.687000609725984202E+01    0.109763843668994987E+01    0.309210028258990466E-01
    0.111756650168968064E-01   -0.445255817308689802E+04    0.148263684768174286E+02    0.425695988470510756E+01    0.889901750973663752E+00    0.290394680014092188E-01
    0.108391298949502782E-01   -0.445256368790701526E+04    0.162653325353464915E+02    0.454845046050423996E+01    0.875282329830973538E+00    0.273529767312876704E-01
    0.105976678364520360E-01   -0.445258529704705325E+04    0.115349515609428046E+02    0.621919206372901900E+01    0.103096047453593798E+01    0.329738728498230049E-01
    0.103475235712848449E-01   -0.445260419023597024E+04    0.147397394133938739E+02    0.559001046366312782E+01    0.919061408529117330E+00    0.289127114898592996E-01
    0.101931120686706827E-01   -0.445264078686701396E+04    0.472915889299910841E+01    0.793678297932647503E+01    0.117029316984676868E+01    0.323604910642170118E-01
    0.102220057500429055E-01   -0.445271311476981373E+04    0.171552212375407862E+02    0.426955695240438793E+01    0.877191042618012062E+00    0.287275047232795622E-01
    0.999854257531929656E-02   -0.445273557447056464E+04    0.149343762303849914E+02    0.758825678800277892E+01    0.986605876362283141E+00    0.294545134621784221E-01
    0.968616648911217910E-02   -0.445273875992235844E+04    0.108382072300712089E+02    0.770094974447366187E+01    0.105909291129270677E+01    0.303854755143682098E-01
    0.944500219498083972E-02   -0.445275500059078877E+04    0.114339846207590483E+02    0.549655330672583897E+01    0.953516087151822234E+00    0.311935757332080232E-01
    0.925218959726321032E-02   -0.445278041626421600E+04    0.123476741686012090E+02    0.954542425699613517E+01    0.107650403020847918E+01    0.313342254683666166E-01
    0.924497757920092825E-02   -0.445284552333673309E+04    0.103538660484502731E+02    0.617119782214459889E+01    0.102887598638081990E+01    0.310322086680747677E-01
    0.912559763410175466E-02   -0.445288619590703365E+04    0.158108337322977714E+02    0.877567350505848509E+01    0.106868584465393113E+01    0.328967574556149334E-01
    0.887752441856774072E-02   -0.445289774126364500E+04    0.109948646037895905E+02    0.830992825415697034E+01    0.105225280110439812E+01    0.301716624380046206E-01
    0.858998526186726535E-02   -0.445289855649794936E+04    0.196605930210517563E+02    0.639467596482397038E+01    0.957432887409723321E+00    0.287367769541608808E-01
    0.870924401647938176E-02   -0.445299279910849782E+04    0.110574200547651138E+02    0.679410741815274122E+01    0.101897540704909773E+01    0.293550459344429360E-01
    0.865969220293614540E-02   -0.445304805414986913E+04    0.183338804076798674E+02    0.531462896832980114E+01    0.934089654250962909E+00    0.295672121472618787E-01
    0.855039524515287599E-02   -0.445308931747618954E+04    0.151564135091820251E+02    0.980992034055870477E+01    0.106643171946904047E+01    0.313999080720877011E-01
    0.852324883188593230E-02   -0.445314962429699790E+04    0.134080945462090106E+02    0.648789944089410486E+01    0.993843562634156186E+00    0.333675608358967590E-01
    0.862962760704410678E-02   -0.445324109849712477E+04    0.191159392555357996E+02    0.804982404609531699E+01    0.996924872822638974E+00    0.327829030964514878E-01
    0.834804215885401324E-02   -0.445324141653617517E+04    0.105915002916459500E+02    0.926530717188618169E+01    0.109566199122983576E+01    0.328686496064811706E-01
    0.830199318256740273E-02   -0.445329702038099094E+04    0.675682664774154595E+01    0.734705805352403374E+01    0.112037250038693870E+01    0.337846626543276685E-01
    0.808410709166349460E-02   -0.445331049588438418E+04    0.736916363591329482E+01    0.495326246739924159E+01    0.992913398830433280E+00    0.307108630152495010E-01
    0.818328597359869146E-02   -0.445340155001385392E+04    0.189108496853989720E+02    0.667072278227432136E+01    0.987363506133986490E+00    0.337588925673804052E-01
    0.796578529214180334E-02   -0.445341434018681684E+04    0.153441392833993504E+02    0.470615236779903512E+01    0.904959606859158328E+00    0.284896804690608629E-01
    0.787532635220509689E-02   -0.445345816504156210E+04    0.114429794236979845E+02    0.656350343260070801E+01    0.984134943850174082E+00    0.294962332788515358E-01
    0.771399650705640628E-02   -0.445348343527138331E+04    0.111535972620853876E+02    0.933325347166428720E+01    0.109842539674389172E+01    0.324135637885609729E-01
    0.768830823713091433E-02   -0.445354343065237663E+04    0.718479758099996069E+01    0.578320637612347888E+01    0.105278240960100433E+01    0.325385617049089859E-01
    0.774176702216353672E-02   -0.445362395570872195E+04    0.101495291529478173E+02    0.658791910947115422E+01    0.104041373233000556E+01    0.310019103776077998E-01
    0.753651122919584120E-02   -0.445363688120390725E+04    0.105303448927128596E+02    0.681628439773722938E+01    0.100648307683410643E+01    0.295056273725835538E-01
    0.740579257726012644E-02   -0.445366855407350522E+04    0.104835111408535653E+02    0.614508806565391108E+01    0.101970495655737281E+01    0.307029597078349870E-01
    0.726964183265360435E-02   -0.445369810983844945E+04    0.823240761950929389E+01    0.707547580819837485E+01    0.106666741659098818E+01    0.306083253001898647E-01
    0.708753702194030080E-02   -0.445371403824261142E+04    0.111678510379924134E+02    0.799616559099290036E+01    0.105380837302206842E+01    0.330488646641846628E-01
    0.692943389583105997E-02   -0.445373558536599285E+04    0.190896225496582694E+02    0.733292498930981917E+01    0.960269204990524372E+00    0.290343542351170214E-01
    0.682610594015032636E-02   -0.445377220453166865E+04    0.160813728834015919E+02    0.822350362679614655E+01    0.100698887272642246E+01    0.299795459127192299E-01
    0.669268215082844970E-02   -0.445379939188382195E+04    0.188821808450081576E+02    0.914021706377661047E+01    0.102126792328112259E+01    0.315996002981717705E-01
    0.669973295855121748E-02   -0.445386816446142893E+04    0.173190512816335520E+02    0.543221187759959534E+01    0.904446733135165104E+00    0.282873750320473683E-01
    0.649742055424508327E-02   -0.445387350631141999E+04    0.149042478065595496E+02    0.801538641817611541E+01    0.100784962131369582E+01    0.301380250804939021E-01
    0.646112985406706742E-02   -0.445392897086244648E+04    0.196214350046462016E+02    0.850288566402475254E+01    0.101986490209908354E+01    0.333916902731761223E-01
    0.633256138396643721E-02   -0.445395543871674454E+04    0.194274755001215169E+02    0.725891328336292574E+01    0.100947250497992513E+01    0.328431067466252724E-01
    0.620646483581220338E-02   -0.445398187871926530E+04    0.192533166585378552E+02    0.814864734505802346E+01    0.999363634968998937E+00    0.324681064030083455E-01
    0.602154217495883774E-02   -0.445398804926093453E+04    0.871767051791363912E+01    0.667662979523895306E+01    0.103643988451587354E+01    0.300118984460227001E-01
    0.585960374454030583E-02   -0.445400019308592346E+04    0.140958113284505782E+02    0.785407947718489297E+01    0.105278516595420513E+01    0.332830751092785260E-01
    0.575889232688605972E-02   -0.445403218609446594E+04    0.115938017259031678E+02    0.767222738070721277E+01    0.102625067781906765E+01    0.310143822344763898E-01
    0.565025661606754093E-02   -0.445406076438322270E+04    0.113770597645956038E+02    0.546448710865484610E+01    0.964648787268941987E+00    0.291083627232444631E-01
    0.553481025907000875E-02   -0.445408614369482711E+04    0.169878610902461560E+02    0.786867188506736248E+01    0.103473224466712743E+01    0.324164277863470129E-01
    0.538489342430440582E-02   -0.445409789082914995E+04    0.189751917660946816E+02    0.819754392269863175E+01    0.102387797389750013E+01    0.311420406756310886E-01
    0.548178244488294573E-02   -0.445420022308089847E+04    0.158994611861222666E+02    0.662174980087248066E+01    0.975517915836945804E+00    0.290824874074282480E-01
    0.533712188739101333E-02   -0.445421340219464037E+04    0.160359408275106077E+02    0.881903746826786694E+01    0.103541097676406224E+01    0.308389957289425531E-01
    0.577614753590543345E-02   -0.445443816967912426E+04    0.896918906017581463E+01    0.614110840263652946E+01    0.101836750666637599E+01    0.320953082249733068E-01
    0.562777750162436578E-02   -0.445445279166599994E+04    0.123089504597028885E+02    0.522136627401474307E+01    0.960245134544418733E+00    0.315545617952999180E-01
    0.544830124344931627E-02   -0.445445463684736387E+04    0.114515438645918763E+02    0.671661527982492768E+01    0.100834768216390458E+01    0.297106527686188393E-01
    0.530084055938198368E-02   -0.445446642659894133E+04    0.117743911163306443E+02    0.561062293336982432E+01    0.967589443913940528E+00    0.316253050847490336E-01
    0.523154954544508780E-02   -0.445450677748621183E+04    0.156186412958134362E+02    0.799566224983604634E+01    0.102413252127359122E+01    0.329839298261427327E-01
    0.511066421635710672E-02   -0.445452668788288975E+04    0.158347484436043437E+02    0.485629242104932946E+01    0.905259717418511300E+00    0.296726521393477771E-01
    0.500486248760846804E-02   -0.445455151566552922E+04    0.162533006965596236E+02    0.670600438735835080E+01    0.993706874899784154E+00    0.305874393234462083E-01
    0.486493362119916600E-02   -0.445456146860020817E+04    0.104180390867422634E+02    0.824110761077607457E+01    0.107629679249488142E+01    0.325306673926213374E-01
    0.473506144448162559E-02   -0.445457401853051579E+04    0.145007284045390090E+02    0.697117051044905800E+01    0.101120864310862935E+01    0.307167788356343952E-01
    0.462966603426246195E-02   -0.445459566526009166E+04    0.140128205004950495E+02    0.774074530366918090E+01    0.104477383273837177E+01    0.322903652404440411E-01
    0.450689715267792168E-02   -0.445460858030539202E+04    0.160574365905642580E+02    0.581967797536312137E+01    0.967645034757310896E+00    0.309794010213266802E-01
    0.436745429784696562E-02   -0.445461238972174215E+04    0.765273951777363415E+01    0.601678328284317487E+01    0.104247782778555376E+01    0.316940172175252943E-01
    0.423018613080862558E-02   -0.445461518778004665E+04    0.188664217633618776E+02    0.890660562672930745E+01    0.102426684350314723E+01    0.320779395760371067E-01
    0.411840879446110589E-02   -0.445462829620507182E+04    0.860229287962765632E+01    0.696523984811524599E+01    0.104818188287961256E+01    0.316905464495274014E-01
    0.409287950328785649E-02   -0.445468252663883322E+04    0.101747430992707244E+02    0.680430852248917972E+01    0.104136282861208507E+01    0.330318272547955871E-01
    0.409850673168719697E-02   -0.445475194118192667E+04    0.885716398305843633E+01    0.689739862460942810E+01    0.104428911611787534E+01    0.318632809578287546E-01
    0.397113579342962385E-02   -0.445475546675311216E+04    0.128259879313113210E+02    0.567537602336407065E+01    0.948812676603731475E+00    0.295308578851367631E-01
    0.385463967438209832E-02   -0.445476258419002170E+04    0.145142054430280858E+02    0.498695096629199242E+01    0.919522374683950261E+00    0.297724239940351243E-01
    0.376319796926815556E-02   -0.445478123403006157E+04    0.130802324219129105E+02    0.728577937669920406E+01    0.100353150006600167E+01    0.306031089346849861E-01
    0.379993913550235067E-02   -0.445486733255668514E+04    0.180760933342665311E+02    0.496914679142028159E+01    0.899313721403771638E+00    0.290798021525813244E-01
    0.375119711923829584E-02   -0.445490817916576088E+04    0.158488468601772059E+02    0.667854832605880233E+01    0.970317291668273185E+00    0.291958006856289920E-01
    0.398227758507379345E-02   -0.445509440361710767E+04    0.198673556283120618E+02    0.797836435221868978E+01    0.101247773202523028E+01    0.328752554775837424E-01
    0.386558650830419936E-02   -0.445510158929565841E+04    0.148664570931049784E+02    0.655059466421547221E+01    0.998462292556034470E+00    0.326881198080806179E-01
    0.373938008232967047E-02   -0.445510186881268964E+04    0.193176284919749435E+02    0.705822989192509542E+01    0.967236986176480684E+00    0.292983811430571617E-01
    0.366233634396815905E-02   -0.445512689836896425E+04    0.122427500091888763E+02    0.541829422322103227E+01    0.952549752044953735E+00    0.299746911785825354E-01
    0.354525701696950914E-02   -0.445512858377465636E+04    0.114670474915425569E+02    0.752326159105961434E+01    0.103801185234738469E+01    0.310757063413233947E-01
    0.343319646189504295E-02   -0.445513101260470012E+04    0.163072856995810014E+02    0.642346147267927137E+01    0.972771800174527357E+00    0.297755450412602318E-01
    0.332171359454817763E-02   -0.445513165737617328E+04    0.108674779654652589E+02    0.730260696560608746E+01    0.103510649807858002E+01    0.318384339225150637E-01
    0.322931203599422260E-02   -0.445514190070261520E+04    0.175617599278015248E+02    0.712480761168130083E+01    0.100534077008290090E+01    0.324335184460091686E-01
    0.314744091305815994E-02   -0.445515720855229301E+04    0.179418786990284005E+02    0.724822430096685810E+01    0.100455632760876945E+01    0.328043217183187075E-01
    0.307506959762551173E-02   -0.445517735085950881E+04    0.128760967600981182E+02    0.790116794688375812E+01    0.104421854419415716E+01    0.316788511296228759E-01
    0.297468037465435002E-02   -0.445517763564969209E+04    0.188036259756031860E+02    0.741911042458870096E+01    0.977517985334948492E+00    0.312905184238558842E-01
    0.292088462884504104E-02   -0.445520780217505398E+04    0.189642127418544995E+02    0.747661069544979906E+01    0.991877367662350906E+00    0.302084232515755780E-01
    0.283104155032407436E-02   -0.445521198515661399E+04    0.158353416106262088E+02    0.773327368191139897E+01    0.101380121891744679E+01    0.324088541125528984E-01
    0.278949633402406257E-02   -0.445524908456561752E+04    0.199763700935775148E+02    0.531069729190531614E+01    0.919210663126310834E+00    0.308730161000656533E-01
    0.272470623569090725E-02   -0.445526875036186539E+04    0.161333871855759838E+02    0.657803681766698212E+01    0.967212849083294302E+00    0.313536117400969871E-01
    0.267072885267444823E-02   -0.445529539861813646E+04    0.182107984756829566E+02    0.617004932703153575E+01    0.968911573634336776E+00    0.315941000751258638E-01
    0.260561519065240828E-02   -0.445531270006735213E+04    0.133218036365403592E+02    0.756590458408814825E+01    0.103124208008268603E+01    0.325208917076280635E-01
    0.255568124811214169E-02   -0.445534066676694420E+04    0.188740506551408842E+02    0.669802650538636257E+01    0.951267382686388885E+00    0.292917726673656009E-01
    0.250011888383604988E-02   -0.445536337235931205E+04    0.147913865527425372E+02    0.591455257383709210E+01    0.971400343360098617E+00    0.307637236958793192E-01
    0.243030640765908761E-02   -0.445537339714360314E+04    0.164193143858020072E+02    0.803359059290946576E+01    0.101390016560957719E+01    0.316035138538515170E-01
    0.240641029491927378E-02   -0.445542030138990049E+04    0.114321431608266231E+02    0.634253879269082699E+01    0.101233318493654068E+01    0.319924754469969042E-01
    0.232882390028240271E-02   -0.445542142254338432E+04    0.152549082300952534E+02    0.618272725848421345E+01    0.965748627501115564E+00    0.316628487494208244E-01
    0.227385298261655912E-02   -0.445544031394101148E+04    0.130533497229006947E+02    0.655833530687359456E+01    0.986557005811297572E+00    0.300458336268889514E-01
    0.219987663545030861E-02   -0.445544083169208261E+04    0.188476316326558653E+02    0.715491171391112957E+01    0.988160118300733359E+00    0.305481947047940849E-01
    0.214171127693792412E-02   -0.445545390613394557E+04    0.168343920385546326E+02    0.793647540484453096E+01    0.100901750922239231E+01    0.316341803426503088E-01
    0.207769668521466970E-02   -0.445545988229193517E+04    0.143465716956942035E+02    0.600475299344956159E+01    0.974783654189042892E+00    0.319239117137646300E-01
    0.225797489951640347E-02   -0.445562666951291612E+04    0.176781733793247966E+02    0.770979915296334539E+01    0.101077260890527754E+01    0.323141697875939382E-01
    0.219408590420198078E-02   -0.445556926384454709E+04    0.163889777801740912E+02    0.704353086961910702E+01    0.996891775708865779E+00    0.307784228999463672E-01
    0.269279942903448552E-02   -0.445597889547891737E+04    0.179968931775432814E+02    0.603645547137901950E+01    0.954362029914317844E+00    0.313196774163433389E-01
    0.227853938368803273E-02   -0.445564480204705978E+04    0.199970104858864950E+02    0.777516915199197634E+01    0.100328784923030589E+01    0.323119059587055890E-01
    0.271345451395479291E-02   -0.445599417791710039E+04    0.159680049414778544E+02    0.651517321708789954E+01    0.980821379489134060E+00    0.308593348089414299E-01
    0.273568666436992168E-02   -0.445601049775396768E+04    0.179567943256400326E+02    0.699318303669457020E+01    0.973691876380861743E+00    0.310049175022100165E-01
    0.239075517282039086E-02   -0.445574095138992925E+04    0.170080459181272374E+02    0.713155184357257355E+01    0.100145970830123154E+01    0.320729493985727476E-01
    0.258324756039085600E-02   -0.445589582751751004E+04    0.172870504311327586E+02    0.579004489729121907E+01    0.936273403648137048E+00    0.302423921933343554E-01
    0.210211531055403463E-02   -0.445548362107106186E+04    0.131087484662234548E+02    0.553762625746887593E+01    0.958111211710463095E+00    0.305193028552519507E-01
    0.254116325963803973E-02   -0.445586297671893044E+04    0.144462499439100824E+02    0.729156930020501282E+01    0.101253604754031201E+01    0.316822073787592640E-01
    0.214746927648949964E-02   -0.445552631295034371E+04    0.127184058640387843E+02    0.650877576184129314E+01    0.100109533530097394E+01    0.321186223044189756E-01
    0.213714305242073983E-02   -0.445551667264380558E+04    0.186176856924298413E+02    0.652186169029356666E+01    0.974578869471082854E+00    0.323204013567426340E-01
    0.298447626301126881E-02   -0.445618458136442223E+04    0.198044188559995007E+02    0.652023677008462421E+01    0.959301843865256743E+00    0.314578818727826448E-01
    0.278413420673150969E-02   -0.445604560670957926E+04    0.144316962840345386E+02    0.625313096597709173E+01    0.975314556162679480E+00    0.309696759149891143E-01
    0.297523720306041694E-02   -0.445617838034995748E+04    0.170765857518799891E+02    0.676356022398083390E+01    0.978776108093056152E+00    0.307367019506721295E-01
    0.250782405461584795E-02   -0.445583656374737257E+04    0.135619179212000631E+02    0.711237426249574423E+01    0.100949288569438167E+01    0.311747146406158304E-01
    0.235016245844130254E-02   -0.445570670172811333E+04    0.143074552637824191E+02    0.660537710634715403E+01    0.986118038001052355E+00    0.316416752320449746E-01
    0.242418723833374592E-02   -0.445576872543159880E+04    0.185265191861045224E+02    0.703056164351430546E+01    0.989115397715465861E+00    0.322650114945211008E-01
    0.228049563328653953E-02   -0.445564651841880186E+04    0.147314673058883638E+02    0.723126644466088742E+01    0.998965586215220469E+00    0.312951232945788416E-01
    0.218104840772266389E-02   -0.445555734417841541E+04    0.162660759207149077E+02    0.698704022483868226E+01    0.987430868554026731E+00    0.301362513149765476E-01
    0.221804725714344533E-02   -0.445559098720387192E+04    0.168211070519715058E+02    0.594664250430625607E+01    0.961611623393135773E+00    0.309215631658024126E-01
    0.266786991362538434E-02   -0.445596029355178325E+04    0.145918919627762183E+02    0.625959508303025380E+01    0.970833523906712514E+00    0.309151172501409555E-01
    0.211651478626548577E-02   -0.445549727434836041E+04    0.132789723932146373E+02    0.662432457381293194E+01    0.985240087292014621E+00    0.303622111079442369E-01
    0.278502560632002674E-02   -0.445604624694949052E+04    0.198666188494024922E+02    0.608795352280868407E+01    0.947183545317313857E+00    0.313216100973754408E-01
    0.216582399599149359E-02   -0.445554333458938800E+04    0.161667834426827000E+02    0.729806365154646919E+01    0.100563698777661692E+01    0.309541563319977175E-01
    0.257714476997335067E-02   -0.445589109702969290E+04    0.146376553690063478E+02    0.689839451374514923E+01    0.100312331468351879E+01    0.314058563498362808E-01
    0.242336927237736923E-02   -0.445576805048044571E+04    0.141457897329795514E+02    0.728508037126001629E+01    0.100982139640579938E+01    0.316142358127036172E-01
    0.275168743232909662E-02   -0.445602216148458047E+04    0.149883870940959962E+02    0.667338052464182230E+01    0.991805548174649942E+00    0.316210972807717816E-01
    0.228916926045008096E-02   -0.445565411078085162E+04    0.182607751515487706E+02    0.539574974257409057E+01    0.918594681614655073E+00    0.298151603016012512E-01
    0.262554066096278840E-02   -0.445592830649590996E+04    0.164254261045562231E+02    0.680393019445050484E+01    0.975840947497406574E+00    0.310966509354346776E-01
