    0.244132721591923811E+02    0.528355649373896696E+01    0.759592197595095975E+01    0.227513542178763082E+02    0.245504013697494416E+01    0.320752758007497363E+01    0.180990045345981454E-02    0.310900927623418647E+04
    0.118598150147981336E+02    0.256913730932567397E+01    0.197120031313917998E+01    0.190348141430585294E+02    0.728802474738436423E+01    0.951011879219639411E+01    0.192017494290290525E-02    0.311014915171185112E+04
    0.952583896003589992E+01    0.222965215146072957E+02    0.940404601989654410E+01    0.137721913489741983E+02    0.391543635108709420E+01    0.298775414767336667E+01    0.120723603454298001E-02    0.311051103753005918E+04
    0.191535382208150544E+02    0.123737555531265180E+02    0.492014402710635235E+01    0.327067376739291404E+02    0.907696776387222926E+01    0.322350057945897417E+01    0.131160037353031389E-02    0.311200863314741127E+04
    0.348470473477679406E+02    0.230217185462858387E+01    0.118605837681378024E+02    0.305991915990960894E+01    0.101100569504748865E+02    0.315656077865370488E+01    0.178778443233762463E-02    0.311321762441373812E+04
    0.661358913273464122E+01    0.162406351190916851E+02    0.111228400316229425E+02    0.125139335471864577E+02    0.154775740839706231E+02    0.307621054063196064E+01    0.292457366580368971E-02    0.311326515436833324E+04
    0.295907523654372824E+02    0.870538308167706276E+01    0.677588053417920833E+01    0.935945085936481291E+00    0.229224813661843463E+02    0.348864705101961903E+01    0.678241714918759175E-03    0.311384951517843001E+04
    0.889409953017675470E+01    0.110224616888911395E+02    0.185419380871973161E+02    0.154582009331246297E+02    0.584858442387840505E+01    0.245582353929361785E+01    0.299170123153276457E-02    0.311397402864403466E+04
    0.455687126849924269E+02    0.286132293935083082E+01    0.116526243223727022E+02    0.646260563211037287E+01    0.187426498287189673E+02    0.331497560494502608E+01    0.182774048312056570E-02    0.311401107134866743E+04
    0.682453813227537154E+01    0.857117605100371094E+01    0.122544130063469883E+02    0.463151382468987993E+01    0.917598869886798241E+01    0.272611648252157179E+01    0.288300819346311299E-02    0.311410473777328843E+04
    0.570056262694907723E+01    0.141082190250499266E+02    0.684722373447864641E+01    0.185666531805777133E+02    0.373134643513464503E+01    0.228426200675717794E+01    0.161637460745267525E-03    0.311449686131775616E+04
    0.244598202388645589E+02    0.117060860988631656E+02    0.557255500209080612E+01    0.237022325320815241E+00    0.183997239316963572E+02    0.319139598305343863E+01    0.109250667924122580E-02    0.311452551416478855E+04
    0.183569710832684585E+01    0.103783861131085064E+02    0.885672234794992619E+01    0.313952054872950512E+02    0.143886269368357951E+02    0.237651278292957313E+01    0.281924703191857584E-02    0.311454320244613973E+04
    0.227484423308450161E+02    0.129426447373035884E+02    0.528680604282574063E+01    0.792785170950622842E+01    0.685923854612758888E+01    0.270657494741761884E+01    0.617283701463050560E-03    0.311494836960878365E+04
    0.289941395140527192E+02    0.100460505620338267E+02    0.926740582301769145E+01    0.593964917332413922E+01    0.111003656612329085E+02    0.285085682777776794E+01    0.247855079038047932E-02    0.311495731966951098E+04
    0.120049615005311150E+02    0.801480905970530877E+01    0.256247381707571709E+01    0.113893747586822389E+02    0.931237883091420748E+01    0.286231694208461729E+01    0.270238110685386279E-02    0.311496177700269163E+04
    0.376905080413255931E+02    0.126670580738797831E+02    0.517248029087967609E+01    0.201328248629586000E+02    0.533425223659514547E+01    0.251255697239709486E+01    0.484186751713605590E-03    0.311505046538362694E+04
    0.908784498172270361E+01    0.940273387056364385E+01    0.119462900777315095E+02    0.285032070714532928E+02    0.154526318724333365E+02    0.297870824977012116E+01    0.726104137908550884E-03    0.311513881347724691E+04
    0.286077487768849608E+02    0.902280798957344743E+01    0.928823968295881031E+01    0.183127855198235423E+02    0.128838793790682473E+02    0.247580681863270025E+01    0.301194535622012483E-02    0.311514430332092252E+04
    0.240867777309306561E+02    0.368789879642558605E+01    0.875522508983554104E+01    0.515976174539200372E+01    0.665709672177146672E+01    0.268466743384087669E+01    0.168465460065965467E-02    0.311516426301628871E+04
    0.309777265634151711E+01    0.283820066398856152E+01    0.743117548040832432E+01    0.208745789817386651E+02    0.169273628786954369E+02    0.298740212313632192E+01    0.633923877125741608E-03    0.311553638001634499E+04
    0.202600739010386341E+02    0.427185480100131887E+01    0.835181396915885799E+01    0.646702208920967436E+01    0.180814411880405252E+02    0.311159789147720733E+01    0.200257893033981005E-02    0.311556682563492996E+04
    0.159467328389353185E+02    0.131923620549879708E+02    0.440186675035686736E+01    0.819890471525291353E+01    0.192117017678805233E+02    0.321753283381813127E+01    0.581757212388386846E-03    0.311557998536659034E+04
    0.288170386165864869E+02    0.134765582898200300E+02    0.129113817102507760E+02    0.265448559438626539E+02    0.998463294182295513E+01    0.272822228136441458E+01    0.206197735302224294E-02    0.311569948334396486E+04
    0.139682232439662499E+02    0.206587911051537105E+02    0.103547135027882398E+02    0.108343502177247526E+02    0.939396627488602576E+01    0.274602406047065051E+01    0.179524329405635064E-02    0.311581945910884588E+04
    0.389528544388130626E+02    0.125640434072663503E+02    0.125404676481634638E+02    0.210740268239069444E+02    0.130338489190403770E+02    0.281222969631229480E+01    0.485811942220248927E-03    0.311582287775471468E+04
    0.339053541351492669E+02    0.120322071382978724E+02    0.959292558591464761E+01    0.217260431640918483E+02    0.556199057419807286E+01    0.211058797876966286E+01    0.211218140687846612E-02    0.311605540065768582E+04
    0.260558799596728861E+02    0.159325724554168495E+02    0.601186728247340429E+01    0.265202813334500931E+02    0.199593434440795754E+02    0.257219205002852602E+01    0.281544215508208739E-02    0.311610249745012970E+04
    0.959597777170849398E+01    0.535362132679610347E+01    0.489472261344831949E+01    0.120709350563095015E+02    0.457564106898900391E+01    0.238223061563218286E+01    0.152815207236788042E-02    0.311620864531031930E+04
    0.166913488569280020E+02    0.730016749224371519E+01    0.521956089885913954E+01    0.908139939318393097E+01    0.399350774194399882E+01    0.228347752245453428E+01    0.160989217085279190E-02    0.311629125917708279E+04
    0.167322658094554697E+02    0.169275346503312996E+02    0.987090344975841560E+01    0.105080637378414359E+02    0.852571184964122253E+01    0.258833869245685921E+01    0.210927205415896435E-02    0.311631262979800522E+04
    0.222373961859443696E+02    0.138319024907754553E+02    0.501592139866044473E+01    0.205984697868898934E+02    0.840454895494212195E+01    0.267917084981889708E+01    0.186264787023709966E-02    0.311635748184501426E+04
    0.290638744994206135E+02    0.193492638749941079E+02    0.147282416520994381E+02    0.208310534554487106E+02    0.236025897401334888E+02    0.257915689299524020E+01    0.202794374465342653E-02    0.311643649431937502E+04
    0.380378544217628445E+02    0.755788180310234381E+01    0.107458259996578711E+02    0.345096555543350689E+02    0.152685911696174728E+02    0.264614297372810237E+01    0.281296600339249470E-02    0.311643734035960460E+04
    0.254382590847564565E+02    0.543459240355137840E+01    0.321235841999561833E+01    0.378055262551716993E+02    0.784554532507691160E+01    0.273453488641394094E+01    0.181580933456418347E-02    0.311654226042118989E+04
    0.114022680731579236E+02    0.320702378564365898E+01    0.100741306214454092E+02    0.238192226053702356E+02    0.248664582340130877E+02    0.311110581892888360E+01    0.103922802111801327E-02    0.311656963428837298E+04
    0.489798337873821410E+01    0.144355642065532876E+02    0.151176301712153744E+02    0.153468356692046886E+02    0.216982916580944796E+02    0.272148054028137443E+01    0.272297949214242441E-02    0.311660508885756281E+04
    0.611716725823232110E+01    0.111905017142289651E+02    0.137176553423308345E+02    0.368169912209262833E+02    0.123597748343222094E+02    0.270826721720203833E+01    0.217953086111370709E-02    0.311660523113839190E+04
    0.400766174450341168E+02    0.121630589436823104E+02    0.131273962128659658E+02    0.271907289132291048E+02    0.144720352453896197E+02    0.284952459687066817E+01    0.135360758421561311E-02    0.311664232286277911E+04
    0.837431772851523348E+01    0.159723311255120279E+02    0.201000793448255202E+02    0.277249672825132514E+02    0.100921500001991689E+02    0.245754085462322669E+01    0.254116662450651343E-02    0.311665011366411727E+04
    0.204755142467438880E+02    0.107651879984886101E+02    0.731898344991556371E+01    0.215008706075024634E+02    0.960613480898870797E+01    0.265671221165667326E+01    0.132928374087616652E-02    0.311666713654523937E+04
    0.134252299656271674E+02    0.325423801046343453E+01    0.118984377221010860E+02    0.212568567407386801E+02    0.105514814809648740E+02    0.261751132710420054E+01    0.221091824030369977E-02    0.311670028788569562E+04
    0.809286633390207477E+01    0.133406598719574454E+02    0.328242171691943652E+01    0.896809216616719773E+01    0.164579599739046101E+01    0.197865827899475200E+01    0.159321813920969280E-02    0.311677889097987372E+04
    0.236125264851344596E+02    0.759619735054970313E+01    0.133776162845622260E+02    0.968121386846961052E+01    0.884275722668536446E+01    0.245527739097838538E+01    0.307257022579637828E-03    0.311683438292959545E+04
    0.222409667190841382E+02    0.807097739239550016E+01    0.114342989816876113E+02    0.239187781503671673E+02    0.159768043727218014E+02    0.287079273307483174E+01    0.171565997331143971E-02    0.311686300068035052E+04
    0.694444451560999454E+01    0.182712432265930573E+02    0.145724797509764983E+02    0.431063154015725019E+02    0.103180216972315559E+02    0.254104129134611423E+01    0.342891216748006378E-03    0.311690159515460800E+04
    0.121694977911789657E+02    0.127850684356177293E+02    0.820038452213389490E+01    0.199794959966551389E+02    0.125999644455885154E+02    0.234654712389968667E+01    0.940382723084734473E-03    0.311691076962581974E+04
    0.344359325099567926E+02    0.131010541215018357E+02    0.752637403413330386E+01    0.455636549070518484E+02    0.132201833062278453E+02    0.267772726991912702E+01    0.229769967662220298E-02    0.311693929659245714E+04
    0.344359325099567926E+02    0.131010541215018357E+02    0.752637403413330386E+01    0.455636549070518484E+02    0.132201833062278453E+02    0.267772726991912702E+01    0.229769967662220298E-02    0.311693929659245714E+04
    0.302558340908863386E+02    0.100174986582509895E+02    0.146362568513298577E+02    0.223284623616699136E+02    0.219739972200232678E+02    0.301986114621156743E+01    0.165013581675790832E-02    0.311699617376975220E+04
    0.430486832964912409E+02    0.589387609185037320E+01    0.154523707192103075E+02    0.293038653916720762E+02    0.203412224331271183E+02    0.282161188681801578E+01    0.131278296480158430E-03    0.311702802681710182E+04
    0.329582610449778954E+02    0.157527868493365064E+01    0.695501218190428805E+01    0.181244754964270811E+02    0.460564123708125628E+01    0.212610461632073733E+01    0.117983450997466432E-02    0.311710422899735295E+04
    0.149708937620807454E+02    0.996715970084565939E+01    0.441007793202205001E+01    0.988411676350702528E+01    0.850623058817509659E+01    0.249596146163823063E+01    0.244482280522680118E-02    0.311710767964765637E+04
    0.446768330103606548E+01    0.788966716687303027E+01    0.827009168058473776E+01    0.348722533035370574E+02    0.107488341318856406E+02    0.264534545069508953E+01    0.123520092572761142E-02    0.311712020369924358E+04
    0.446768330103606548E+01    0.788966716687303027E+01    0.827009168058473776E+01    0.348722533035370574E+02    0.107488341318856406E+02    0.264534545069508953E+01    0.123520092572761142E-02    0.311712020369924358E+04
    0.162373215613013286E+02    0.560189226716678235E+01    0.286464951992058214E+01    0.169161145585901842E+02    0.129858077981887057E+02    0.294324766037561636E+01    0.208225120555874388E-02    0.311715183984891519E+04
    0.199287846753962299E+02    0.206010911781224131E+02    0.120196769687789597E+02    0.897081320991443931E+01    0.800960029481660740E+01    0.250251094441624033E+01    0.117242552538321387E-02    0.311716499159022078E+04
    0.199287846753962299E+02    0.206010911781224131E+02    0.120196769687789597E+02    0.897081320991443931E+01    0.800960029481660740E+01    0.250251094441624033E+01    0.117242552538321387E-02    0.311716499159022078E+04
    0.475131273738684623E+01    0.114579952422352349E+02    0.921451652212424932E+01    0.172510800185053341E+02    0.946985249440137977E+01    0.258860629401066156E+01    0.144064916469570370E-02    0.311720129555660969E+04
    0.475131273738684623E+01    0.114579952422352349E+02    0.921451652212424932E+01    0.172510800185053341E+02    0.946985249440137977E+01    0.258860629401066156E+01    0.144064916469570370E-02    0.311720129555660969E+04
    0.217700217262783013E+02    0.781032324203550310E+01    0.107143936819548049E+02    0.284428803375492549E+02    0.213620929732749687E+02    0.285681014085526108E+01    0.243445381603110689E-02    0.311723687342673384E+04
    0.105547561950941251E+02    0.237065631416926834E+02    0.107249315835319763E+02    0.370003226362515960E+02    0.133666345073516908E+02    0.270744608493947814E+01    0.814847752368050293E-03    0.311726440682576049E+04
    0.105547561950941251E+02    0.237065631416926834E+02    0.107249315835319763E+02    0.370003226362515960E+02    0.133666345073516908E+02    0.270744608493947814E+01    0.814847752368050293E-03    0.311726440682576049E+04
    0.198736185675457904E+02    0.484009239178072104E+01    0.421857201483152178E+01    0.942521924314450743E+01    0.150454116493864127E+02    0.291999181489229853E+01    0.156412947862610840E-02    0.311727568386340045E+04
    0.333245409492849589E+02    0.122589918253418411E+02    0.129511140954434509E+02    0.224916699405948037E+02    0.962480669167011627E+01    0.239083932796502463E+01    0.211731340382727284E-02    0.311727875747268899E+04
    0.336293176044435853E+02    0.108416162635893620E+02    0.120467733112733519E+02    0.125699596967914520E+02    0.101848745820467563E+02    0.237089364503094346E+01    0.763425254445254664E-03    0.311730506185357899E+04
    0.336293176044435853E+02    0.108416162635893620E+02    0.120467733112733519E+02    0.125699596967914520E+02    0.101848745820467563E+02    0.237089364503094346E+01    0.763425254445254664E-03    0.311730506185357899E+04
    0.373638065067756600E+02    0.851239601571989191E+01    0.141183290988038301E+02    0.225947718549075773E+02    0.108714477722872545E+02    0.248967194307736017E+01    0.218425153100901270E-02    0.311736007686672292E+04
    0.312372356911014535E+02    0.228587474653014056E+01    0.461166447125126666E+01    0.148492114754166060E+02    0.536936536113185525E+01    0.222234803722998819E+01    0.139229284504292783E-02    0.311737933129416069E+04
    0.312372356911014535E+02    0.228587474653014056E+01    0.461166447125126666E+01    0.148492114754166060E+02    0.536936536113185525E+01    0.222234803722998819E+01    0.139229284504292783E-02    0.311737933129416069E+04
    0.108167020325734899E+02    0.120733437579202363E+02    0.344897177984857484E+01    0.149385273597306742E+02    0.631158837340682943E+01    0.260164063718276273E+01    0.176414849306771870E-02    0.311738080175773848E+04
    0.350289582814198823E+02    0.754048075969129883E+01    0.213739046483143103E+01    0.615604703493839533E+01    0.144955600583150499E+02    0.278348554795981062E+01    0.193361382862478060E-02    0.311741184001510646E+04
    0.350289582814198823E+02    0.754048075969129883E+01    0.213739046483143103E+01    0.615604703493839533E+01    0.144955600583150499E+02    0.278348554795981062E+01    0.193361382862478060E-02    0.311741184001510646E+04
    0.253143300298218605E+02    0.107443637099508535E+02    0.821184554284569046E+01    0.117020543082308297E+02    0.115408195099990358E+02    0.244900792238919118E+01    0.553409173896110551E-03    0.311741202028149837E+04
    0.253143300298218605E+02    0.107443637099508535E+02    0.821184554284569046E+01    0.117020543082308297E+02    0.115408195099990358E+02    0.244900792238919118E+01    0.553409173896110551E-03    0.311741202028149837E+04
    0.278362055262543890E+02    0.934345281512365666E+01    0.648335675760993357E+01    0.404826268550630601E+02    0.202149128222740444E+02    0.292925605564263414E+01    0.128054802109334176E-02    0.311741478688757707E+04
    0.114781496941156167E+02    0.700115316037452207E+01    0.730805389156421636E+01    0.269562787860266546E+02    0.565615470825704758E+01    0.216469250578061834E+01    0.146985907827827667E-02    0.311741917282915983E+04
    0.221226181893988709E+02    0.509300161090051340E+01    0.109160387856199605E+02    0.269746793835383407E+02    0.722955677156866372E+01    0.222517009824994050E+01    0.567351832328685801E-03    0.311742280154691343E+04
    0.231477081625611376E+02    0.680395180784987641E+01    0.596089818320644937E+01    0.328731422976156153E+02    0.104099464586920316E+02    0.260439310134750546E+01    0.152144512916833896E-02    0.311744391110922788E+04
    0.162409913848578711E+02    0.106427302028314745E+02    0.125242992837346385E+02    0.135039791487500924E+02    0.900524853242458789E+01    0.246792288152993189E+01    0.174373685002361667E-02    0.311745531158220183E+04
    0.162409913848578711E+02    0.106427302028314745E+02    0.125242992837346385E+02    0.135039791487500924E+02    0.900524853242458789E+01    0.246792288152993189E+01    0.174373685002361667E-02    0.311745531158220183E+04
    0.516073998022205487E+02    0.792419997774027252E+01    0.743885499941518091E+01    0.846190533502093700E+01    0.229958359796903338E+02    0.269671311055848895E+01    0.121686675073882922E-02    0.311745584299941038E+04
    0.375083706076516208E+02    0.142375579647075234E+02    0.939904579774803040E+01    0.232639874798744017E+02    0.258026394489174855E+02    0.303929785852685708E+01    0.180004039475534228E-02    0.311745697152113917E+04
    0.236391882344910975E+02    0.125094248975828535E+02    0.423926262427342415E+01    0.662242926164294055E+01    0.152141041948843210E+02    0.266222033147723902E+01    0.249585651523459573E-02    0.311753408192976349E+04
    0.203889658238313984E+02    0.752612178996614212E+01    0.316601766010980823E+01    0.238712827986197560E+02    0.815084744296758323E+01    0.255838396854494787E+01    0.261161718511426777E-02    0.311753440376773870E+04
    0.604865301231518604E+01    0.209073355915986028E+02    0.117033090662983135E+02    0.223457153304032090E+02    0.768890659060967074E+01    0.223811244624162198E+01    0.100583150648722586E-02    0.311754217047900511E+04
    0.303610017111745378E+02    0.995025136677819333E+01    0.535663800662821821E+01    0.206562599090107000E+02    0.735795070610705793E+01    0.241700923674616153E+01    0.759851157603450011E-03    0.311755089509967547E+04
    0.299528765525661882E+02    0.563814707723112374E+01    0.930483686541481347E+01    0.141182787822231557E+02    0.107664556352869916E+02    0.260611269762756281E+01    0.146593671666661596E-02    0.311756562071618191E+04
    0.155061511701757251E+02    0.242815886015082771E+01    0.108620252786139364E+02    0.212908807291166298E+02    0.150955677631422134E+02    0.244132285768095025E+01    0.115620421870352152E-02    0.311758873586946447E+04
    0.572477435723335937E+01    0.224941251596678420E+02    0.114439646112229241E+02    0.200791012638830324E+02    0.976412194454730553E+01    0.242455041220222745E+01    0.475020028619876911E-03    0.311759653377756331E+04
    0.456284707251312316E+01    0.290075885351479101E+01    0.610930923242795920E+01    0.291505184882611630E+02    0.948630519384830961E+01    0.248485175583058115E+01    0.705007460821305276E-03    0.311761156459280573E+04
    0.456284707251312316E+01    0.290075885351479101E+01    0.610930923242795920E+01    0.291505184882611630E+02    0.948630519384830961E+01    0.248485175583058115E+01    0.705007460821305276E-03    0.311761156459280573E+04
    0.206214150307726953E+02    0.143465062945412996E+02    0.946414573761366285E+01    0.238511186843101370E+02    0.957495613393948020E+01    0.247848103553682098E+01    0.179371653814971999E-02    0.311766232224344731E+04
    0.108082336036853608E+02    0.109462443344757485E+02    0.343502234420649488E+01    0.256272300611594304E+02    0.881781249844983073E+01    0.263183666679953632E+01    0.237719414689817332E-02    0.311766273997597182E+04
    0.650862234937146056E+01    0.105932361004677276E+02    0.693237255210578240E+01    0.149247872146418565E+02    0.994342559633595613E+01    0.237684913623089900E+01    0.810389513815484852E-03    0.311768860360962844E+04
    0.599172844620960277E+01    0.107379591815513127E+02    0.101927707360044089E+02    0.292425980854024452E+02    0.950799667102647206E+01    0.240984785833361226E+01    0.190581934605486836E-02    0.311771714736274771E+04
    0.599172844620960277E+01    0.107379591815513127E+02    0.101927707360044089E+02    0.292425980854024452E+02    0.950799667102647206E+01    0.240984785833361226E+01    0.190581934605486836E-02    0.311771714736274771E+04
    0.231082310179856876E+02    0.599485260172889944E+01    0.117169413795856521E+02    0.277675054392052658E+02    0.122554176498642686E+02    0.236237495105085316E+01    0.918434733048048568E-03    0.311772369884161890E+04
    0.256472669205175023E+02    0.262732822328237425E+02    0.882192735704234821E+01    0.239250041330482048E+02    0.965236552028361317E+01    0.240587181255871707E+01    0.184666766937997828E-02    0.311773691368269920E+04
    0.281563522515626374E+02    0.634170392129013116E+01    0.246407802838587386E+01    0.583536034405293336E+01    0.157389124420813999E+02    0.301174332320426519E+01    0.200850390124300560E-02    0.311774823581711826E+04
    0.154827664967501661E+02    0.168480309879763048E+02    0.289285831175705255E+01    0.351543543130140819E+02    0.162350895842848111E+02    0.283327390565313975E+01    0.211265516482216087E-02    0.311775540842211558E+04
    0.170048060732315385E+02    0.122696772537827030E+02    0.472828588605458844E+01    0.237521168230624227E+02    0.634847019948638280E+01    0.229938119035824462E+01    0.357037179846059205E-03    0.311775835147904945E+04
    0.740495392238747474E+01    0.921782172371671926E+01    0.618716234385454822E+01    0.148478947615382673E+02    0.103290155488740432E+02    0.239721915047151146E+01    0.149007109560971018E-02    0.311775913462095923E+04
    0.237937631062141932E+02    0.975616623216976286E+01    0.399536986224383561E+01    0.136424945347720019E+02    0.772495319453872309E+01    0.242176556488485373E+01    0.242246637311621660E-02    0.311775934412671813E+04
    0.109995629563865549E+01    0.907857667789747325E+01    0.874009877160819393E+01    0.247871410033240487E+02    0.129243665849565481E+02    0.266115961437850457E+01    0.107347959375979352E-02    0.311778624091427628E+04
    0.109995629563865549E+01    0.907857667789747325E+01    0.874009877160819393E+01    0.247871410033240487E+02    0.129243665849565481E+02    0.266115961437850457E+01    0.107347959375979352E-02    0.311778624091427628E+04
    0.461224247328033954E+01    0.695156611647948264E+01    0.111232835173054116E+02    0.500251585803244367E+02    0.117776836527739022E+02    0.259800079166939835E+01    0.156688650161362908E-02    0.311780254993266590E+04
    0.772983841848899011E+01    0.198218778052983202E+01    0.105089742436424665E+02    0.199426726668540510E+02    0.153223836956506041E+02    0.250793466877063409E+01    0.458412124186027836E-03    0.311780702271522568E+04
    0.772983841848899011E+01    0.198218778052983202E+01    0.105089742436424665E+02    0.199426726668540510E+02    0.153223836956506041E+02    0.250793466877063409E+01    0.458412124186027836E-03    0.311780702271522568E+04
    0.206517260327053549E+02    0.123172415297442619E+02    0.821061756199003945E+01    0.367637026547650834E+02    0.118138689632941318E+02    0.260974730223099360E+01    0.137682928392521275E-02    0.311782232794178799E+04
    0.206517260327053549E+02    0.123172415297442619E+02    0.821061756199003945E+01    0.367637026547650834E+02    0.118138689632941318E+02    0.260974730223099360E+01    0.137682928392521275E-02    0.311782232794178799E+04
    0.235775141248402065E+02    0.206430089768342651E+01    0.851950996225703250E+01    0.256716596396134129E+02    0.880904490726846134E+01    0.242273237118540630E+01    0.877550150330821954E-03    0.311782317458693342E+04
    0.363363577886674349E+02    0.115933871669351536E+02    0.618711647596940661E+01    0.242334509925424157E+02    0.142571919707102914E+02    0.259222228970975577E+01    0.217473977047387412E-02    0.311783665456073322E+04
    0.363363577886674349E+02    0.115933871669351536E+02    0.618711647596940661E+01    0.242334509925424157E+02    0.142571919707102914E+02    0.259222228970975577E+01    0.217473977047387412E-02    0.311783665456073322E+04
    0.912611683553594233E+00    0.495377906829405301E+01    0.236541964518479979E+02    0.323507017774364911E+02    0.198285059591682966E+02    0.280884487349358070E+01    0.207473571480665253E-02    0.311784613352714405E+04
    0.202049239657794502E+02    0.679752739784776150E+01    0.115648866405763453E+02    0.276224981882957010E+02    0.117783845355777466E+02    0.244951027273642863E+01    0.429732733612964157E-03    0.311785226004448305E+04
    0.218858520621142780E+02    0.722584570769006529E+01    0.979273837123388979E+01    0.238373015909834933E+02    0.131454545409383847E+02    0.249208268048119042E+01    0.399137514014352712E-03    0.311785845593720751E+04
    0.218858520621142780E+02    0.722584570769006529E+01    0.979273837123388979E+01    0.238373015909834933E+02    0.131454545409383847E+02    0.249208268048119042E+01    0.399137514014352712E-03    0.311785845593720751E+04
    0.181649683507959914E+02    0.260743767903454859E+01    0.260611053350742905E+01    0.282682138434573673E+02    0.768042799445443602E+01    0.242988334373728021E+01    0.703691746058165979E-05    0.311788216685213411E+04
    0.226236846777678302E+01    0.602356073315829477E+01    0.698256652205660000E+01    0.209990059291874545E+02    0.175788927736714378E+02    0.258673922635661757E+01    0.322469396834876298E-03    0.311791888168465266E+04
    0.960135325902824555E+01    0.451768693467864946E+01    0.118463820139788911E+02    0.493775299435694421E+02    0.111904302685592150E+02    0.253433228161943935E+01    0.844510771839099283E-03    0.311792656423170865E+04
    0.109254754232484146E+02    0.154312963284151508E+02    0.956504582876138620E+01    0.375146073425552018E+02    0.206177445019613224E+02    0.285220564677423871E+01    0.172791576239431088E-02    0.311801763838334409E+04
    0.228292135690576998E+02    0.757383801672868096E+01    0.617655233803420778E+01    0.463475820362422013E+02    0.749898795363760939E+01    0.224841523644315888E+01    0.141339273541568611E-02    0.311804077702241466E+04
    0.327208668307840256E+02    0.476086791930090492E+01    0.601247934088763358E+01    0.173942358677422888E+02    0.134114635333761001E+02    0.246281179359736813E+01    0.107948121677924058E-02    0.311805909176202840E+04
    0.327208668307840256E+02    0.476086791930090492E+01    0.601247934088763358E+01    0.173942358677422888E+02    0.134114635333761001E+02    0.246281179359736813E+01    0.107948121677924058E-02    0.311805909176202840E+04
    0.226182696202699489E+02    0.678508089502641276E+01    0.809843718452694539E+01    0.260782440207014794E+02    0.123434849861342144E+02    0.240804955843859858E+01    0.135122043970703487E-02    0.311806233292927209E+04
    0.141277913620690931E+02    0.895223579078594511E+01    0.995658461299862019E+01    0.417851840818026261E+02    0.845509412844628550E+01    0.233046768748112765E+01    0.147570746550461374E-02    0.311806755698324741E+04
    0.141277913620690931E+02    0.895223579078594511E+01    0.995658461299862019E+01    0.417851840818026261E+02    0.845509412844628550E+01    0.233046768748112765E+01    0.147570746550461374E-02    0.311806755698324741E+04
    0.664557104408303001E+01    0.128063825951907297E+02    0.295559238167597726E+01    0.155543507012752222E+02    0.358338591746479995E+01    0.216174213498094314E+01    0.147423716135981764E-02    0.311806919786415347E+04
    0.611824805600001032E+01    0.348740048796539792E+01    0.130973844214779351E+02    0.420371362954907823E+02    0.100127084722394564E+02    0.242615562390874029E+01    0.777882802219381775E-03    0.311809522176288010E+04
    0.344559544047831920E+02    0.198133614336932995E+01    0.161403099647830857E+02    0.234271146135545933E+02    0.101678759749525085E+02    0.245567927044426648E+01    0.113660638516219215E-02    0.311813410591832144E+04
    0.359661434695540407E+02    0.105712364020793874E+02    0.169274411589249887E+02    0.215219631837146572E+02    0.196386988503639621E+02    0.258195492558443362E+01    0.716036415549445304E-03    0.311816637970801276E+04
    0.184917909985481437E+02    0.102334302474475525E+02    0.589165229013558456E+01    0.443531422292899933E+02    0.106937567237268425E+02    0.251067711244917335E+01    0.944498554438399918E-03    0.311818941209129298E+04
    0.184917909985481437E+02    0.102334302474475525E+02    0.589165229013558456E+01    0.443531422292899933E+02    0.106937567237268425E+02    0.251067711244917335E+01    0.944498554438399918E-03    0.311818941209129298E+04
    0.117159959164826901E+02    0.939970537627310065E+01    0.361049196511173820E+01    0.154774758846135541E+02    0.696279742399775436E+01    0.248609566344085353E+01    0.579962456423985251E-03    0.311819257510960597E+04
    0.110847137471172612E+02    0.100420189723138336E+02    0.784193937377151951E+01    0.284998046660668116E+02    0.194315329986511109E+02    0.267986317572974686E+01    0.377358115923334680E-03    0.311820014177756457E+04
    0.175909854326263826E+02    0.109933145304787718E+02    0.697243676799186041E+01    0.171294484024501159E+02    0.205617838991612096E+02    0.263270285023827899E+01    0.618681082728514409E-03    0.311820178322515312E+04
    0.175909854326263826E+02    0.109933145304787718E+02    0.697243676799186041E+01    0.171294484024501159E+02    0.205617838991612096E+02    0.263270285023827899E+01    0.618681082728514409E-03    0.311820178322515312E+04
    0.868590546378351647E+00    0.732080993375534739E+01    0.127118700595966434E+02    0.230332176806020783E+02    0.183215034974659190E+02    0.256166189341572803E+01    0.700298420859349346E-03    0.311821740226904421E+04
    0.134520989527138344E+02    0.490747838951106896E+01    0.129064032509715325E+02    0.317970802809655346E+02    0.145179125198175427E+02    0.266018502524353018E+01    0.142351521206929288E-02    0.311821910063183350E+04
    0.134520989527138344E+02    0.490747838951106896E+01    0.129064032509715325E+02    0.317970802809655346E+02    0.145179125198175427E+02    0.266018502524353018E+01    0.142351521206929288E-02    0.311821910063183350E+04
    0.544294905683302854E+01    0.532240531616481416E+01    0.114981530979133311E+02    0.219350508344500952E+02    0.132607998245146774E+02    0.255442067039741039E+01    0.166173557490131851E-02    0.311821967741076151E+04
    0.544294905683302854E+01    0.532240531616481416E+01    0.114981530979133311E+02    0.219350508344500952E+02    0.132607998245146774E+02    0.255442067039741039E+01    0.166173557490131851E-02    0.311821967741076151E+04
    0.278364661653585941E+02    0.156606749010403163E+02    0.834622917818761323E+01    0.238783871305259296E+02    0.222158143155058774E+02    0.277063645996460428E+01    0.210612557810373191E-02    0.311822871884931465E+04
    0.223484481850145720E+02    0.988023711826321005E+01    0.220673157648723794E+02    0.323999374666989581E+02    0.167754793285911248E+02    0.248823053835605768E+01    0.115448659471308057E-02    0.311822985456164588E+04
    0.383089007860885502E+02    0.410620342829276996E+01    0.483944278272157202E+01    0.231110253066765878E+02    0.882316542274932658E+01    0.237792030550050804E+01    0.890382674005457675E-03    0.311823095692058905E+04
    0.275253956507270203E+02    0.876202411510042012E+01    0.111746904789845232E+02    0.315974562823517751E+02    0.173338993440940357E+02    0.261357747402244378E+01    0.444534052284270564E-03    0.311824792051176519E+04
    0.146042035554237639E+02    0.381961394852949443E+01    0.543807069032697754E+01    0.317399236033223886E+02    0.954984855259278476E+01    0.234308458933030783E+01    0.129612891593905433E-02    0.311824941914016472E+04
    0.254274293826954079E+02    0.870687553490316013E+01    0.150227729924335769E+02    0.288272046642148290E+02    0.196997663133873182E+02    0.276788126078836338E+01    0.691747818001173242E-03    0.311826369875626096E+04
    0.321494245537151997E+02    0.120584160570142345E+02    0.689880871800422302E+01    0.368823104336816101E+02    0.963880680305210191E+01    0.240222040277175486E+01    0.137223845893186258E-02    0.311827324016482089E+04
    0.963316812243623843E+01    0.107640249099215275E+02    0.672595208875980966E+01    0.290166868786426910E+02    0.112465366735068315E+02    0.249851033964842273E+01    0.976688472704170807E-03    0.311828233562947662E+04
    0.135187862401710035E+02    0.641121449056860193E+01    0.638657853562665601E+01    0.200185707286098342E+02    0.128120121873443722E+02    0.247735268070460801E+01    0.955276991795331321E-03    0.311828979449982307E+04
    0.329660404458610614E+02    0.404346038061392843E+01    0.868986088602960649E+01    0.248451597792693910E+02    0.125947704887638761E+02    0.245090842329316994E+01    0.114263899908050026E-02    0.311830603654876086E+04
    0.273361076683086210E+02    0.138005355629474247E+01    0.120321921416324500E+02    0.284942953860828005E+02    0.146652846163024968E+02    0.247718695549708556E+01    0.134404220892535287E-02    0.311831860889642849E+04
    0.376342088218337594E+02    0.111203129619985077E+02    0.117826598010462646E+02    0.385437506103871286E+02    0.112526961412197366E+02    0.248755480838495435E+01    0.117397068100269508E-02    0.311833759292168816E+04
    0.121169267267698313E+02    0.706309489202928020E+01    0.103280140983904491E+02    0.217498977957324300E+02    0.168928274504477436E+02    0.254553166119770502E+01    0.980830137576979566E-03    0.311835565049092747E+04
    0.886568673638090488E+01    0.657554808268546864E+01    0.101899316388002692E+02    0.231175745998648843E+02    0.142037278108569609E+02    0.249429301609893361E+01    0.113671012961578943E-02    0.311835916244628243E+04
    0.215355775618217784E+02    0.483504962343026445E+01    0.674195935661547541E+01    0.328503350215750203E+02    0.147188913276643767E+02    0.248519104458354567E+01    0.155267931459632247E-02    0.311836970427828601E+04
    0.132487913146749250E+02    0.241603312719609997E+01    0.117731420329377769E+02    0.249484711814839386E+02    0.138762434479426844E+02    0.259411336705389317E+01    0.110602915066172758E-02    0.311840348924923273E+04
    0.124511301127262541E+02    0.130042423292748985E+02    0.331776071758879887E+01    0.548074000548993467E+01    0.778986385867963183E+01    0.238249601083080176E+01    0.161759210791907748E-02    0.311841229990772717E+04
    0.126493984161117314E+02    0.612237819857602084E+01    0.278773770090984785E+01    0.168161278537276324E+02    0.731336016670713640E+01    0.230656024368329282E+01    0.236319531583631393E-02    0.311842321839678698E+04
    0.175827145477334490E+01    0.380394061657514504E+01    0.134411637231438803E+02    0.315055543570825023E+02    0.193130591546222661E+02    0.270296076168449773E+01    0.610600666636471057E-03    0.311843930477923277E+04
    0.151360096205400687E+02    0.108908130224079738E+02    0.606136650317314363E+01    0.175233613093744793E+02    0.145151159918731736E+02    0.253374322985825007E+01    0.127425412225458390E-02    0.311845740813959310E+04
    0.314328438622344066E+02    0.103096590184142229E+02    0.598182437703942593E+01    0.309388718756260168E+02    0.148831105473899754E+02    0.264019983429676319E+01    0.885309923770602469E-03    0.311845925879261631E+04
    0.922487594025592195E+01    0.786881697555839299E+01    0.658227223534810779E+01    0.282156917340568612E+02    0.142640785599347204E+02    0.254136958161612414E+01    0.882278303178760104E-03    0.311854819207498895E+04
    0.159387128085169039E+02    0.115425337723601231E+02    0.290307513166512443E+01    0.450539470247121159E+02    0.568625374977142251E+01    0.232361851548139819E+01    0.650045123152420690E-03    0.311858564996889800E+04
    0.130596015491089457E+02    0.111464889506622100E+02    0.706236068948485407E+01    0.255288077689227926E+02    0.197804799955071360E+02    0.273572866488777278E+01    0.172375268292189465E-02    0.311859315712619264E+04
    0.216548722072059974E+01    0.633838089904060986E+01    0.393175281425600920E+01    0.226168103786176715E+02    0.113433879901521451E+02    0.243339034937637022E+01    0.205976465360357963E-02    0.311860556121389618E+04
    0.790113659279793801E+01    0.778579663426014079E+01    0.243615417728490513E+01    0.217583896497161007E+02    0.113654853312096371E+02    0.266050462533778909E+01    0.157570940101758872E-02    0.311861666382002659E+04
    0.147734559796564930E+02    0.134988954079185994E+02    0.431603064019825577E+01    0.269321175860098059E+02    0.153646134062825013E+02    0.279516332024407177E+01    0.184088918777682020E-02    0.311866464067641937E+04
    0.428485398963432900E+02    0.872925230557925502E+01    0.675737147528023208E+01    0.240418601001368302E+02    0.230938725614084177E+02    0.265454190934778911E+01    0.117759375909629038E-02    0.311867672118672090E+04
    0.364444904598833475E+02    0.567349915898885282E+01    0.307117291861785979E+01    0.242587596682605096E+02    0.119382444246454185E+02    0.259433413162806348E+01    0.246820977190392865E-04    0.311868399534261607E+04
    0.566977570595947000E+01    0.184120569361929896E+02    0.438789034113539245E+01    0.234346578959854313E+02    0.187914769632269874E+02    0.254596284495175329E+01    0.216576323844455687E-02    0.311868874534282804E+04
    0.181493234625581223E+02    0.131215330647287018E+02    0.368331240348175193E+01    0.171763269376710852E+02    0.896386529446694169E+01    0.225560276548642280E+01    0.166765580314894024E-02    0.311869992957378236E+04
    0.783601284610869886E+01    0.785918741234018015E+01    0.106205951874707747E+02    0.449016290641885121E+02    0.361319774276818748E+02    0.276272862760814286E+01    0.102091300615179958E-02    0.311873425088689874E+04
    0.275672991590301635E+02    0.478193105306968835E+01    0.310412792139592719E+01    0.187389303751647986E+02    0.778760970444189660E+01    0.240896172553053267E+01    0.218523434541831318E-02    0.311873775929376006E+04
    0.506356258044936602E+01    0.717855079233176774E+01    0.232005552088847296E+02    0.269297526152176836E+02    0.205602666638922003E+02    0.269610434863634074E+01    0.871626426258848008E-03    0.311878651738601457E+04
    0.519763278750414770E+02    0.170126379931336267E+02    0.387023366833288884E+01    0.263214416770611770E+02    0.844931731364032856E+01    0.243499592476814719E+01    0.447302141479144488E-04    0.311879827858843146E+04
    0.285752108684875683E+01    0.453821118601636009E+01    0.191678279600069210E+02    0.217591148087262667E+02    0.267716949860142854E+02    0.273289358028619445E+01    0.115148551222529760E-02    0.311880005320128475E+04
    0.427370697931094945E+01    0.155629363698882841E+02    0.445493651045703842E+01    0.152759899255988856E+02    0.772055002858372497E+01    0.229298274352744924E+01    0.127686526916000187E-02    0.311880776633921960E+04
    0.178361442632836606E+02    0.351281820965301561E+01    0.364263556511347319E+01    0.524657801940177393E+02    0.103911425315190034E+02    0.252538855554812125E+01    0.100185003578973086E-02    0.311881542228139006E+04
    0.196371865700669375E+02    0.122083842414561303E+02    0.331727149522540454E+01    0.595029620730120712E+01    0.979950241275757961E+01    0.246166438789974595E+01    0.167408128937637790E-02    0.311884884243481611E+04
    0.927965462536541885E+01    0.200590808557257461E+02    0.458528491057376630E+01    0.193739030945430173E+02    0.745861945899426537E+01    0.224606882893304016E+01    0.140842631625284764E-02    0.311886649486037822E+04
    0.756004179182637515E+00    0.123547738107498084E+02    0.330914968557147748E+01    0.607925467017698296E+01    0.119631984460484038E+02    0.253518765172558735E+01    0.203858510811491533E-02    0.311889076748114439E+04
    0.124165083868234749E+02    0.487577151676833864E+01    0.372348974164182334E+01    0.290841794160964611E+02    0.146303461972730453E+02    0.272021724321252822E+01    0.167245857104281193E-02    0.311889999459508908E+04
    0.225494971339682877E+02    0.664492235960314304E+01    0.407253904399640820E+01    0.401899330301329201E+02    0.117274010708342740E+02    0.233128622264076046E+01    0.125801336697742294E-02    0.311890069711057095E+04
    0.154504619384920350E+02    0.786191844911523585E+01    0.514689964602251937E+01    0.221213691809837627E+02    0.174526118943825388E+02    0.260316637325222500E+01    0.868335708253301086E-03    0.311892359888312694E+04
    0.526422247375349084E+01    0.901482120785409258E+01    0.462792572099405142E+01    0.230726682198983752E+02    0.195822560839561319E+02    0.280113848836053370E+01    0.176090458563087082E-02    0.311892992533908000E+04
    0.117682713455170802E+02    0.214206296285608460E+02    0.388999750819421308E+01    0.296617944820916577E+02    0.663597369853521979E+01    0.214149391451691828E+01    0.183078920001455980E-02    0.311893035436779701E+04
    0.286397804584226776E+02    0.732999319889646195E+01    0.239194823214459529E+01    0.924385442433692539E+01    0.942477043613532928E+01    0.242216843169021567E+01    0.122405306430636851E-02    0.311894876829908753E+04
    0.777031195609275205E+01    0.949884497637487790E+01    0.547278263968755496E+01    0.305980841544395226E+02    0.172315528202679076E+02    0.257620012286329692E+01    0.134410603820450669E-02    0.311898637595542095E+04
    0.238337713225230274E+02    0.506802313473520805E+01    0.293813952718076399E+01    0.175097522688416447E+02    0.103478838179514270E+02    0.230059916540464870E+01    0.649787647777275157E-03    0.311900590271137298E+04
    0.215012110195950932E+02    0.753629147006154909E+01    0.322495693339419143E+01    0.262299510802478366E+02    0.546496296867948939E+01    0.233759701697053845E+01    0.123506971701159429E-02    0.311901149608191190E+04
    0.193478403553020364E+02    0.981798530031198169E+01    0.329232254376640610E+01    0.193669105647089879E+02    0.790521417071076637E+01    0.252319992470726895E+01    0.825900199043577699E-03    0.311901535000294916E+04
    0.180877909246707596E+02    0.983169220490599116E+01    0.296687300813340071E+01    0.153642275057587447E+02    0.183982885231226483E+02    0.281790443459232343E+01    0.118990508839192377E-03    0.311903505963174757E+04
    0.897235157022988261E+01    0.153269399025560773E+02    0.377132159734645400E+01    0.156848561856825839E+02    0.556441761868337981E+01    0.227837511072286958E+01    0.170603177045673682E-02    0.311905892900351319E+04
    0.151084695982366846E+02    0.161131889519715052E+02    0.354800781065099891E+01    0.220420450188545338E+02    0.117896480640471388E+02    0.274057949959886260E+01    0.123222008675359651E-02    0.311909436415194250E+04
    0.816917635984604118E+01    0.956714855589156166E+01    0.420320560093520701E+01    0.342196781453364309E+02    0.798971936602135901E+01    0.234759138441691251E+01    0.150576265882911009E-02    0.311910034821023055E+04
    0.480513466322733329E+01    0.116428130431652264E+02    0.452599390634194432E+01    0.335989410683986804E+02    0.141335781069016342E+02    0.259258944855976337E+01    0.689046912314347781E-03    0.311921024308274627E+04
    0.294718070279903230E+02    0.149372622474034209E+02    0.295534425211741336E+01    0.234823857598643784E+02    0.169397834449786480E+02    0.279463600773824483E+01    0.204261628922795813E-02    0.311921993956907590E+04
    0.132786298933368307E+02    0.177365757580810595E+02    0.384867625628961507E+01    0.148263788590221459E+02    0.710541537343552321E+01    0.234505882125990883E+01    0.412229022538360135E-03    0.311922782467584602E+04
    0.148646545251701170E+02    0.183096083681245609E+02    0.396100986253453247E+01    0.388286851435945692E+02    0.149454003571414873E+02    0.280462158161064634E+01    0.163318916067795028E-02    0.311923584713524269E+04
    0.255073494904827669E+01    0.136077871101021586E+02    0.399736207337797200E+01    0.144203517268634442E+02    0.117904468284279353E+02    0.262479925584717311E+01    0.688618579958874544E-03    0.311924120749075792E+04
    0.297378697433083730E+02    0.129810786630314698E+02    0.391923297701422912E+01    0.100373059580653834E+02    0.128028576961191973E+02    0.266825068703892931E+01    0.198932808214924428E-02    0.311925300574417179E+04
    0.264238103633423123E+02    0.133487615634862529E+02    0.492964776042443020E+01    0.343017081220037170E+02    0.120708658411963121E+02    0.246835240728932526E+01    0.116418878474017218E-02    0.311925370609711990E+04
    0.127436078010573937E+02    0.742506647497932981E+01    0.309388200353015597E+01    0.187834188446524735E+02    0.967171905043772639E+01    0.243420870887747443E+01    0.217568833096039305E-02    0.311926177773145264E+04
    0.279793484515097290E+02    0.111809757824877991E+02    0.356008597145591166E+01    0.195565570834748677E+02    0.136921814008654898E+02    0.267696247997623304E+01    0.230649415288229631E-02    0.311926948521598933E+04
    0.780456895223130509E+01    0.791663238538128589E+01    0.280599323574918946E+01    0.207472007770132620E+02    0.882565038674060887E+01    0.248932554645882265E+01    0.613294550461329635E-03    0.311932558035560396E+04
    0.123304470966041801E+02    0.121065278017263331E+02    0.344980306485437405E+01    0.894411007978793293E+01    0.108779229655283203E+02    0.260138405072934953E+01    0.190845299288326664E-02    0.311935037034204197E+04
    0.487298596365674808E+01    0.127710159826801206E+02    0.346634206254919208E+01    0.221186652200532770E+02    0.628492409221305870E+01    0.228677669155849150E+01    0.172407043030706197E-02    0.311939658297644473E+04
    0.231330790823348096E+02    0.135778644986099586E+02    0.265910683088830213E+01    0.216134212822067582E+02    0.291619924802826205E+02    0.275096313949449733E+01    0.694455738418656154E-03    0.311942233107789161E+04
    0.107649743058126859E+02    0.107645234015327596E+02    0.308303634307603547E+01    0.755799690874664787E+01    0.141385075549025494E+02    0.271265287054030324E+01    0.173857234083739376E-02    0.311961739987369583E+04
    0.822564427075116811E+01    0.168556667034942862E+02    0.324056016714895057E+01    0.116677179283048869E+02    0.157903852291919975E+02    0.261079741752663441E+01    0.113171080404542157E-02    0.312008600525597467E+04
    0.616771775674695988E+01    0.134495449395799582E+02    0.341900087983926149E+01    0.111742911106618390E+02    0.140494501388826443E+02    0.260564576080562915E+01    0.202609154503337330E-02    0.311957166955901721E+04
    0.120277008086709749E+02    0.252536139541912519E+02    0.392578113249265304E+01    0.175657033053391807E+02    0.129905233934793838E+02    0.239953076254840880E+01    0.126671597031516314E-02    0.311967675214564315E+04
    0.864367688487289598E+01    0.158184652481516999E+02    0.326070756825539521E+01    0.346090055925333218E+02    0.139715413819847747E+02    0.249511018314246735E+01    0.137889135433390264E-02    0.312052317270480671E+04
    0.864367688487289598E+01    0.158184652481516999E+02    0.326070756825539521E+01    0.346090055925333218E+02    0.139715413819847747E+02    0.249511018314246735E+01    0.137889135433390264E-02    0.312052317270480671E+04
    0.122280948936354115E+02    0.118499597469820479E+02    0.320550048246994068E+01    0.509285962334789488E+02    0.108451613073895796E+02    0.227969507818904749E+01    0.167990908342803558E-02    0.311945722136522909E+04
    0.722535367253589911E+00    0.117831995818251229E+02    0.336484814251234843E+01    0.141696598214763299E+02    0.840240486514127838E+01    0.238893558537965811E+01    0.123470865456376533E-02    0.312042830457729633E+04
    0.210324895729421115E+02    0.153324705338267151E+02    0.342751268822201149E+01    0.269701698278233870E+02    0.122737156831931795E+02    0.249667196817817594E+01    0.651037945488569525E-03    0.312054876087795856E+04
    0.210324895729421115E+02    0.153324705338267151E+02    0.342751268822201149E+01    0.269701698278233870E+02    0.122737156831931795E+02    0.249667196817817594E+01    0.651037945488569525E-03    0.312054876087795856E+04
    0.274675106068966528E+02    0.113225860802057170E+02    0.403767154189529442E+01    0.285110272865574323E+02    0.165641443211967996E+02    0.255776067880075386E+01    0.868792466192855328E-03    0.312023793179934728E+04
    0.274675106068966528E+02    0.113225860802057170E+02    0.403767154189529442E+01    0.285110272865574323E+02    0.165641443211967996E+02    0.255776067880075386E+01    0.868792466192855328E-03    0.312023793179934728E+04
    0.109235593661549917E+02    0.136413423021340670E+02    0.416269165943080566E+01    0.361770548621415458E+02    0.131075649509009970E+02    0.248176458141154210E+01    0.626463837262392076E-03    0.311989285658857261E+04
    0.508986493983443182E+02    0.892421227658908656E+01    0.278686878478525957E+01    0.436640201894299835E+02    0.147444089578527198E+02    0.239582260393706248E+01    0.111241930249225685E-02    0.312012568139384894E+04
    0.221284227772117497E+02    0.870623546031102435E+01    0.271990460818552071E+01    0.161210349211046520E+02    0.198139613094304678E+02    0.255438687735825409E+01    0.117375951828917191E-02    0.311945878680449096E+04
    0.304562402198863467E+02    0.827345453471138015E+01    0.295658027221684971E+01    0.177426223738458972E+02    0.175103169531110936E+02    0.272202252083314455E+01    0.115465718180876586E-02    0.312080902205292932E+04
    0.304562402198863467E+02    0.827345453471138015E+01    0.295658027221684971E+01    0.177426223738458972E+02    0.175103169531110936E+02    0.272202252083314455E+01    0.115465718180876586E-02    0.312080902205292932E+04
    0.304562402198863467E+02    0.827345453471138015E+01    0.295658027221684971E+01    0.177426223738458972E+02    0.175103169531110936E+02    0.272202252083314455E+01    0.115465718180876586E-02    0.312080902205292932E+04
    0.169465832733545518E+02    0.173261628788862616E+02    0.437863283619308419E+01    0.153320048938859532E+02    0.146852484619197696E+02    0.268271084977298457E+01    0.101761218359472383E-02    0.311973526927799503E+04
    0.219989140033635593E+02    0.150385444259063874E+02    0.444841779698205464E+01    0.225475711877552740E+02    0.141907714136842067E+02    0.256864636227277066E+01    0.137501875906512194E-02    0.311986757472749105E+04
    0.185551847785064901E+02    0.172747638457464241E+02    0.435741222428520292E+01    0.258910786146339333E+02    0.158141943891745917E+02    0.264045045581235938E+01    0.108913461310898574E-02    0.312020566204800161E+04
    0.138018279159661539E+02    0.950653777374503228E+01    0.322976446895967140E+01    0.240518753131165042E+02    0.176137735598689851E+02    0.272889916492672491E+01    0.110659152472825095E-02    0.312065425155141111E+04
    0.138018279159661539E+02    0.950653777374503228E+01    0.322976446895967140E+01    0.240518753131165042E+02    0.176137735598689851E+02    0.272889916492672491E+01    0.110659152472825095E-02    0.312065425155141111E+04
    0.412436978683503170E+02    0.189143053946130166E+02    0.344137105856783787E+01    0.157560946328556479E+02    0.161505087613992480E+02    0.273619307581437887E+01    0.105986418766311485E-02    0.312069956889804416E+04
    0.412436978683503170E+02    0.189143053946130166E+02    0.344137105856783787E+01    0.157560946328556479E+02    0.161505087613992480E+02    0.273619307581437887E+01    0.105986418766311485E-02    0.312069956889804416E+04
    0.215324563262241639E+02    0.110689485483915782E+02    0.455432027805291728E+01    0.230199290742624214E+02    0.159184742153385841E+02    0.264975048191859752E+01    0.105844581374364699E-02    0.311950453168112654E+04
    0.237738233093907674E+02    0.111022628860239134E+02    0.397115960652087541E+01    0.105276267724092030E+02    0.193791788712963964E+02    0.275406193129901444E+01    0.509616963237077836E-03    0.311970618238455882E+04
    0.395008804693802418E+02    0.149505369095688359E+02    0.413501066593276434E+01    0.157894778648477683E+02    0.352472160530478433E+02    0.288001055755731716E+01    0.164063930807492597E-02    0.312059869557878301E+04
    0.395008804693802418E+02    0.149505369095688359E+02    0.413501066593276434E+01    0.157894778648477683E+02    0.352472160530478433E+02    0.288001055755731716E+01    0.164063930807492597E-02    0.312059869557878301E+04
    0.204053774477152032E+02    0.208272896329945176E+02    0.405449429605524259E+01    0.348969703371289910E+02    0.162045300352212145E+02    0.263886001437019990E+01    0.196254208412120768E-02    0.312042751986403800E+04
    0.204053774477152032E+02    0.208272896329945176E+02    0.405449429605524259E+01    0.348969703371289910E+02    0.162045300352212145E+02    0.263886001437019990E+01    0.196254208412120768E-02    0.312042751986403800E+04
    0.208722477228806262E+02    0.647490995957384285E+01    0.371585823504580981E+01    0.220721808623804385E+02    0.137486910701676486E+02    0.258094145796658259E+01    0.176269085904105782E-02    0.311961709741032610E+04
    0.493461135195517464E+01    0.148602173955854724E+02    0.359770410993946133E+01    0.322270364090355628E+02    0.642753520284501789E+01    0.224103874881498077E+01    0.157971526812716867E-02    0.311970689152741852E+04
    0.199899884484202524E+02    0.155009265015462070E+02    0.447649283183676516E+01    0.175036866041737866E+02    0.227765501266260486E+02    0.286924370893488812E+01    0.163398414502066713E-02    0.311978627136165051E+04
    0.449414002014825265E+01    0.810767150570520911E+01    0.288135082131912368E+01    0.173085427346899294E+02    0.913282968811869722E+01    0.241012015872925911E+01    0.952294463995431717E-03    0.312010408787782671E+04
    0.156389423388625275E+02    0.725812621652496404E+01    0.337396719138327139E+01    0.145889354835911575E+02    0.236382844514711046E+02    0.276614421501223084E+01    0.196382971304717713E-02    0.312012975310239472E+04
    0.133525897217483980E+01    0.236035231436045905E+02    0.360701274415648054E+01    0.245245500553437346E+02    0.767387019130103454E+01    0.230376936963729229E+01    0.109288597555415312E-02    0.312019562509202115E+04
    0.400029721562393448E+02    0.903289608932812094E+01    0.277982299680298173E+01    0.222466716066673982E+02    0.177565040021235241E+02    0.254111195714804250E+01    0.583995078426657876E-03    0.312023653830973853E+04
    0.165132914589382054E+02    0.148475623668476864E+02    0.374210413045433254E+01    0.294388083996407488E+02    0.239335554388579048E+02    0.266784440144722801E+01    0.126090827174106523E-02    0.312100014525970164E+04
    0.165132914589382054E+02    0.148475623668476864E+02    0.374210413045433254E+01    0.294388083996407488E+02    0.239335554388579048E+02    0.266784440144722801E+01    0.126090827174106523E-02    0.312100014525970164E+04
    0.165132914589382054E+02    0.148475623668476864E+02    0.374210413045433254E+01    0.294388083996407488E+02    0.239335554388579048E+02    0.266784440144722801E+01    0.126090827174106523E-02    0.312100014525970164E+04
    0.123104205239648472E+02    0.118218031217659707E+02    0.347738603330008633E+01    0.200789211478395977E+02    0.133446886629705084E+02    0.246101270180485487E+01    0.798223744171100424E-03    0.312023924875588818E+04
    0.225049006479395075E+00    0.155501730915148357E+02    0.411256580834891139E+01    0.145430729212480578E+02    0.108370074607444842E+02    0.239122954621010564E+01    0.753747948165434112E-03    0.311954471459540036E+04
    0.322540075164093736E+02    0.632095315368002364E+01    0.233413688623536197E+01    0.272129392234742475E+02    0.130728541974241583E+02    0.246278560359522913E+01    0.506801053624758580E-03    0.311977317622557166E+04
    0.226734881123319099E+02    0.277594958032471473E+01    0.198654929237803080E+01    0.193650339036033117E+02    0.236311446587396539E+02    0.261939197984974603E+01    0.916864499146491374E-03    0.312011520602318433E+04
    0.135948216195639500E+02    0.362626034104740302E+01    0.221649950360764958E+01    0.333608408346616727E+02    0.139717416903651959E+02    0.266213583901227180E+01    0.115616206692244206E-02    0.312024550156121222E+04
    0.135948216195639500E+02    0.362626034104740302E+01    0.221649950360764958E+01    0.333608408346616727E+02    0.139717416903651959E+02    0.266213583901227180E+01    0.115616206692244206E-02    0.312024550156121222E+04
    0.553939506340391397E+01    0.645832714545436115E+01    0.378977750940885461E+01    0.289982652999089048E+02    0.178906901458196934E+02    0.257551059204712507E+01    0.809145947568451485E-03    0.311987394366247372E+04
    0.106463137742238079E+02    0.350467901045874619E+01    0.251496323307575365E+01    0.268286778277185043E+02    0.153888241517478228E+02    0.254099662825096129E+01    0.517268485027283509E-04    0.311965612023145786E+04
    0.203623498458630152E+02    0.633228033959080960E+01    0.308882262357055692E+01    0.143939422954483884E+02    0.116751196143654106E+02    0.259188928183695300E+01    0.177008515365009722E-02    0.311979491598612549E+04
    0.550409937430974683E+01    0.232334683704462641E+01    0.188964284729677789E+01    0.274292176939660095E+02    0.125914637857853755E+02    0.258248287504100249E+01    0.199456906548357848E-02    0.312021045353995032E+04
    0.550409937430974683E+01    0.232334683704462641E+01    0.188964284729677789E+01    0.274292176939660095E+02    0.125914637857853755E+02    0.258248287504100249E+01    0.199456906548357848E-02    0.312021045353995032E+04
    0.949640814254891730E+01    0.743932402169151175E+01    0.317597777549334515E+01    0.226671440367526458E+02    0.129260966623376881E+02    0.265102757058700078E+01    0.152239528613026809E-02    0.311993673315151409E+04
    0.140494261442684056E+02    0.165875248540588371E+01    0.172248896761349002E+01    0.365420882481911633E+02    0.105905744427731676E+02    0.252206210325559610E+01    0.171634257913333421E-02    0.312031354860652846E+04
    0.165384001644961671E+02    0.109847171285491685E+01    0.167127882179678888E+01    0.209866664505642859E+02    0.109303969226215258E+02    0.251123799805877512E+01    0.219221623879928273E-02    0.311966579564452059E+04
    0.349628999452132927E+01    0.256952265017960846E+01    0.227984986225374708E+01    0.315634404985452441E+02    0.125712729656657203E+02    0.259135873170008635E+01    0.111477422844799556E-02    0.312085730077823882E+04
    0.349628999452132927E+01    0.256952265017960846E+01    0.227984986225374708E+01    0.315634404985452441E+02    0.125712729656657203E+02    0.259135873170008635E+01    0.111477422844799556E-02    0.312085730077823882E+04
    0.349628999452132927E+01    0.256952265017960846E+01    0.227984986225374708E+01    0.315634404985452441E+02    0.125712729656657203E+02    0.259135873170008635E+01    0.111477422844799556E-02    0.312085730077823882E+04
    0.159935842136329605E+02    0.420046827230900366E+01    0.293373764379716517E+01    0.230063141848643866E+02    0.167513909081396868E+02    0.260702036328928388E+01    0.372079815530265701E-03    0.312000298406443289E+04
