    0.544868189037002360E-97   -0.671220273053184883E+04    0.399232368084032174E+00    0.580018016984866414E+01    0.406899887418275252E+01    0.191685613949313383E-01
    0.128738393198430027E-94   -0.672317271804007578E+04    0.173251708768869150E+02    0.457356162143847378E+01    0.969128035848242497E+01    0.188858615802568360E-01
    0.149706831308860224E-92   -0.673272485148834221E+04    0.301441854374413118E+02    0.470543052083357605E+01    0.126772907128877268E+02    0.186187665130921401E-01
    0.244229549855721824E-92   -0.673374371076319403E+04    0.603434911370173843E+01    0.181332492374919134E+02    0.614491386064795009E+01    0.185904085920652710E-01
    0.146371627596376778E-91   -0.673736496139125848E+04    0.318965317082276201E+02    0.128740617220992881E+02    0.558758576926191619E+01    0.184890746433591276E-01
    0.384707968455390085E-86   -0.676236348380279196E+04    0.256230623192155029E+02    0.135378395102429430E+02    0.400456528797091593E+01    0.177860466090807509E-01
    0.104555597367305124E-84   -0.676900829305312527E+04    0.950396512143429995E+01    0.124201299537624248E+02    0.162656212355104168E+01    0.793176955776827078E-03
    0.850428746425479283E-81   -0.678705584694653771E+04    0.594890427398441535E+01    0.105574128066579007E+02    0.129111415816409654E+02    0.170771212335491633E-01
    0.167791246647593767E-80   -0.678845497712734505E+04    0.298612328525984552E+02    0.149705944968446332E+02    0.135993571325840623E+02    0.170368566263060205E-01
    0.175063054850820244E-78   -0.679779016868967483E+04    0.355645380917226390E+02    0.153791063814505904E+02    0.127997332753191877E+02    0.167673941339576589E-01
    0.570051132616954142E-78   -0.680019132837105735E+04    0.596432302995733465E+00    0.722980776772269085E+01    0.638730437484045144E+01    0.166978306677265480E-01
    0.916236243388704294E-78   -0.680118042472285833E+04    0.308454405267128848E+02    0.131221842904644852E+02    0.414181960932288895E+01    0.166732137176361789E-01
    0.360520115341515071E-76   -0.680856531212397022E+04    0.176346166492650731E+02    0.712629811187150253E+01    0.722595430025094743E+01    0.164545567521836821E-01
    0.674360577731825827E-73   -0.682367325707401324E+04    0.169882500290235328E+02    0.365132234537854217E+01    0.994298474067072213E+01    0.160123762184896830E-01
    0.132930196702943754E-71   -0.682967571585392579E+04    0.487603652634895557E+01    0.479471894168826474E+01    0.142228414524750733E+02    0.158354930418433994E-01
    0.127731780942085828E-70   -0.683424110294061757E+04    0.909765415929673971E+01    0.886573493150413938E+01    0.113880992479390102E+02    0.157004752030986336E-01
    0.127214690420279683E-67   -0.684808850056055053E+04    0.171444940912836046E+02    0.247834727954254719E+01    0.175464594632840631E+01    0.140644456694739729E-01
    0.186001708132097884E-64   -0.686270377056294274E+04    0.262994303720076559E+02    0.197778020678690609E+02    0.750430300806901318E+01    0.148485736532443218E-01
    0.147357869136867637E-63   -0.686688315725887242E+04    0.568799291602394348E+02    0.216270525785804324E+02    0.310683938055443276E+01    0.146444433286470731E-01
    0.593352762719434484E-61   -0.687891934760702952E+04    0.909895324026397390E+00    0.101835255553271011E+02    0.587601094050695139E+01    0.143545181178787017E-01
    0.381103729435789978E-60   -0.688267908278015875E+04    0.198884210924409182E+02    0.856709648121406886E+01    0.682898827617501336E+01    0.142390463734988326E-01
    0.211785175346352505E-59   -0.688614925465267788E+04    0.375905286283259787E+01    0.184852247230368105E+01    0.305094529404444614E+01    0.141111668236180657E-01
    0.677289784344727996E-59   -0.688851430822492239E+04    0.480891308533022510E+01    0.663293285427836476E+01    0.186041069838009809E+01    0.951159171080827488E-02
    0.790565390834963723E-58   -0.689346877671268157E+04    0.445247172344494615E+02    0.595737723106357908E+01    0.624302591308564647E+01    0.139053228659134828E-01
    0.153542925049173449E-53   -0.691325709123435536E+04    0.756145754171774520E+01    0.296429157733670312E+01    0.261250432510459607E+01    0.131937793244710048E-01
    0.182315775995866793E-53   -0.691364061132763800E+04    0.182465267239631679E+02    0.993014814762139864E+01    0.341839246765142857E+01    0.132708084730233673E-01
    0.283308500115692044E-48   -0.693758805464504712E+04    0.314881712791919632E+02    0.112612489451282975E+02    0.249586360803342844E+01    0.120534801402524573E-01
    0.603481622062867163E-47   -0.694374558318601976E+04    0.256058064116456023E+02    0.179896688662320905E+02    0.235130480281320198E+01    0.107390275220494089E-01
    0.102049521525550671E-45   -0.694944140878359667E+04    0.124895903314076264E+02    0.728817946540806361E+01    0.453140106952866084E+01    0.121136378127972063E-01
    0.347158159659930571E-45   -0.695193005331762743E+04    0.466347487890879986E+01    0.752853602669521393E+01    0.883049542343482585E+01    0.120289326190724955E-01
    0.542666811676488573E-42   -0.696667899399054932E+04    0.378460220677605292E+02    0.251877108464005701E+02    0.412890439189697833E+01    0.115474771062344227E-01
    0.132352820729034233E-39   -0.697771245598048063E+04    0.255727702645012656E+00    0.117509482922396984E+02    0.952783752461622058E+01    0.111551339941671091E-01
    0.212087842698675190E-35   -0.699711619532465193E+04    0.367225594965699198E+01    0.165840123571157640E+02    0.102848648375035268E+02    0.104727089170810420E-01
    0.220163312397402819E-34   -0.700183610362831496E+04    0.189273260362019755E+02    0.176953132597957072E+02    0.621307631827876872E+01    0.103032920880603094E-01
    0.401702692880824007E-33   -0.700768395910432810E+04    0.138352390439983672E+02    0.835595064622885708E+01    0.456025450032458224E+01    0.100933790190646348E-01
    0.706173969435036201E-32   -0.701345742804574456E+04    0.477607342907105004E+01    0.962129172167135494E+01    0.693449924710270160E+01    0.987795370293405826E-02
    0.110411303703347708E-31   -0.701439130002063393E+04    0.996367894754860117E+01    0.918329233418065272E+01    0.897116571569400811E+01    0.984328207537991245E-02
    0.183066885610389748E-30   -0.702004774833459032E+04    0.143544489378139559E+02    0.132933376729642028E+01    0.382194820044426553E+01    0.963357623751123250E-02
    0.202864213995591344E-28   -0.702950345926147475E+04    0.130200389433053765E+02    0.966679918622764944E+01    0.116989823361382150E+02    0.927236984181819580E-02
    0.225901177090077222E-28   -0.702975858081241859E+04    0.976376745654449252E+01    0.153718779419660088E+02    0.158168074106912506E+02    0.926254790366079495E-02
    0.832431488786122742E-28   -0.703240708738959165E+04    0.250703653217963485E+02    0.170373992264777847E+02    0.137221289277198970E+02    0.916019521036176392E-02
    0.153760685964221159E-26   -0.703827952072909193E+04    0.136961387818728291E+02    0.192712200599625767E+02    0.447679292674626161E+01    0.893957465852431368E-02
    0.150566053808185132E-24   -0.704748787005538816E+04    0.941537319015332130E+01    0.633409643774749576E+01    0.415470808791903679E+01    0.856778662107192911E-02
    0.673937256842953796E-24   -0.705052534031979576E+04    0.176764024016419583E+02    0.270949352440635938E+01    0.420444250543429021E+01    0.844147176226323764E-02
    0.815970907407058580E-24   -0.705094782369139466E+04    0.110564374174193993E+02    0.118291168047405915E+01    0.126805520950134643E+02    0.842189230923642493E-02
    0.587057543099195091E-23   -0.705493448216240722E+04    0.132025505219399442E+01    0.387243861872850914E+01    0.246086055361716260E+01    0.760719166999987949E-02
    0.156932478770738135E-22   -0.705694103794272269E+04    0.149870675977753134E+02    0.172927850844344544E+01    0.328015003529651139E+01    0.817871832892808244E-02
    0.183521103815439900E-21   -0.706189923618217745E+04    0.873223440844200738E+01    0.820605070292489458E+01    0.751557667290062525E+01    0.796498744300883597E-02
    0.318977328649947441E-21   -0.706304481690646935E+04    0.174229806456077050E+02    0.766962375889051895E+01    0.685485011643797293E+01    0.791619111673017538E-02
    0.182780193391461391E-20   -0.706657631563586347E+04    0.318785966988094849E+02    0.149916728938529822E+02    0.955954860523489813E+01    0.776424582731327119E-02
    0.636491518736656915E-20   -0.706911168921819353E+04    0.105588987123089062E+02    0.495487190093192531E+01    0.721601439816557022E+01    0.765391443632817622E-02
    0.659446046225066852E-20   -0.706922254734944363E+04    0.234765842422512527E+01    0.471415966850967560E+01    0.344130161444107063E+01    0.763803375067222644E-02
    0.478093164305667852E-19   -0.707322452845386306E+04    0.240669260699259731E+02    0.510534864477129435E+01    0.315049658806464050E+01    0.748809251209261832E-02
    0.768727337622506537E-19   -0.707421438989639410E+04    0.330503332633442497E+02    0.406212005290904976E+01    0.313440025509499964E+01    0.744387783728533460E-02
    0.107915645683615251E-18   -0.707493278713094878E+04    0.313202832366649204E+02    0.107156163691125244E+02    0.249986359975872086E+01    0.698407013233364078E-02
    0.106875630860301058E-18   -0.707495341906409249E+04    0.199984593126160242E+02    0.715023088710726196E+01    0.506214771834065580E+01    0.739677061061433383E-02
    0.125879391739631367E-18   -0.707532073588428011E+04    0.189538700939957749E+02    0.130113274352001298E+02    0.914365129181689440E+01    0.737870324605750631E-02
    0.369966475708750820E-18   -0.707751691219472286E+04    0.114101591780464631E+02    0.276937601777758191E+01    0.670461232556947362E+01    0.727959700825080332E-02
    0.610524175428641450E-18   -0.707855872318835827E+04    0.300433935469086322E+02    0.370143681262058877E+01    0.143006387747658668E+02    0.723219130087080983E-02
    0.159400478929208385E-16   -0.708512326731787016E+04    0.169970377152510501E+02    0.339267823522788969E+01    0.675886298372229888E+01    0.692820354468496116E-02
    0.584896277731610921E-16   -0.708776329683299537E+04    0.817383182080577697E+01    0.152982500869507874E+02    0.696568699318713769E+01    0.680313948715097032E-02
    0.453039725072142821E-15   -0.709189755759191394E+04    0.394700315644572264E+01    0.707277383231668999E+01    0.988865029880916424E+01    0.660341588375970567E-02
    0.341884311130906930E-14   -0.709597971296457126E+04    0.251305314589862760E+02    0.588532622083792045E+01    0.231971428546330039E+01    0.602204303439400276E-02
    0.395672043435975344E-14   -0.709631193953796992E+04    0.387734320105292607E+01    0.137597106491053971E+02    0.338914535209693657E+01    0.636275038085981973E-02
    0.615117348076583434E-14   -0.709723439426696405E+04    0.144664616405583342E+02    0.417015728633672111E+01    0.338634232998676055E+01    0.635413123118437617E-02
    0.354776313225431057E-13   -0.710077891330855437E+04    0.604338606878831541E+01    0.162543323936238657E+02    0.660183081478654010E+01    0.615785255125200770E-02
    0.657347766681287851E-13   -0.710205236474134017E+04    0.370204101797757090E+02    0.135508347293066365E+02    0.776550438110736874E+01    0.609154768832878384E-02
    0.143514972684809192E-12   -0.710365398725801697E+04    0.222446440659642803E+02    0.170599851004111862E+02    0.891295534995517791E+01    0.600759499141939775E-02
    0.454346690449525463E-12   -0.710599882960391278E+04    0.191505158676711673E+01    0.197883210695836986E+01    0.147715544475541396E+02    0.588292722004788750E-02
    0.567680690519730822E-12   -0.710648422671210847E+04    0.105530191431745983E+02    0.134439130129799089E+02    0.475015788147830698E+01    0.586353675999021565E-02
    0.447185577651485475E-11   -0.711065222604793507E+04    0.839185219059964638E+01    0.465586371311345903E+01    0.295584606141307171E+01    0.563214612608862325E-02
    0.446642285068956318E-11   -0.711068979474019852E+04    0.873290862733030693E+01    0.706765919529283071E+01    0.466409411649928440E+01    0.563093201266058781E-02
    0.440932551980226683E-11   -0.711070406254674617E+04    0.131329054305871562E+02    0.116421597650830400E+01    0.304729109031237311E+01    0.563436901093597453E-02
    0.321693806226827868E-10   -0.711471864925354839E+04    0.805350812559827034E+01    0.803528179090397288E+01    0.477015585919491603E+01    0.540247462880662395E-02
    0.157625971358901141E-09   -0.711793706899140034E+04    0.162202433970162296E+02    0.775687946544763030E+01    0.100598322436087599E+02    0.520945970143155655E-02
    0.173467599042547909E-09   -0.711816860074375927E+04    0.198275224692150118E+02    0.333663142744339103E+01    0.248055851247032466E+01    0.515295130718809204E-02
    0.219557484892743708E-09   -0.711867984725473343E+04    0.301900943512625020E+01    0.141087920400154303E+02    0.907145794351661650E+01    0.516503184748893021E-02
    0.239826810081000829E-09   -0.711889645315429971E+04    0.156174052945788340E+02    0.517433487475079890E+01    0.839445571334022134E+01    0.515201072364576164E-02
    0.791157280357308903E-09   -0.712132361264867177E+04    0.452828494628930045E+00    0.706671012809915666E+01    0.438417306707044396E+01    0.500324792911195637E-02
    0.154462440430241136E-08   -0.712270169118946524E+04    0.829524001864150229E+01    0.929067952212540860E+01    0.194849434023355883E+02    0.491816329088533809E-02
    0.155691008559299960E-08   -0.712275753592127603E+04    0.148731466273166753E+02    0.101650874096589732E+02    0.129984047409132017E+02    0.491465562701751298E-02
    0.280713113492831838E-08   -0.712397645566269603E+04    0.376709723614120833E+02    0.169996842858771089E+02    0.454475194011713679E+01    0.485263840034907967E-02
    0.631823162162883917E-08   -0.712563900836050107E+04    0.324650882611456559E+01    0.108982927123495354E+02    0.417587112850622333E+01    0.474556860252697311E-02
    0.165526505695340518E-07   -0.712760522212441538E+04    0.331161478959990063E+02    0.493312515193694345E+01    0.448732799332081633E+01    0.460599855427402255E-02
    0.206386004810944500E-07   -0.712808645590023025E+04    0.698547738552670161E+01    0.190486707151247003E+02    0.142258101997243180E+02    0.456838500645613023E-02
    0.427909200294038125E-07   -0.712958478149836901E+04    0.344664488162228295E+02    0.734703474425274283E+01    0.634440919037660755E+01    0.446667319096820739E-02
    0.880020686055007658E-07   -0.713106685027806361E+04    0.108657582568150808E+02    0.682429792830807980E+01    0.335727731221016157E+01    0.440436018858481743E-02
    0.197293613918817870E-06   -0.713272151572617713E+04    0.386720009477663567E+02    0.459819033547497646E+01    0.134002433144418340E+02    0.424523022841563451E-02
    0.266734996087715580E-06   -0.713336464091891048E+04    0.138849534674958974E+02    0.239633501405823601E+01    0.358426780615310125E+01    0.421252725917873640E-02
    0.649089801234625390E-06   -0.713518327178740310E+04    0.380227162249492494E+02    0.621828541752332953E+01    0.197115120165423505E+02    0.406320925010905318E-02
    0.901253132934849703E-06   -0.713587970196550577E+04    0.107912756507400562E+02    0.634996713735903295E+01    0.402821952257748439E+01    0.402834610712545123E-02
    0.129092994431850640E-05   -0.713663836588531831E+04    0.843699041104777692E+01    0.548841931583531562E+01    0.143490105652538347E+02    0.395158912469057572E-02
    0.171861821386745115E-05   -0.713725068140171243E+04    0.222251300437730706E+02    0.597780940832917995E+01    0.396943130014756473E+01    0.392356416175388203E-02
    0.315126111445279965E-05   -0.713850324564688617E+04    0.674806385684627674E+01    0.723367942091423366E+01    0.444733842474748808E+01    0.381418167971629999E-02
    0.577823441552055597E-05   -0.713975583653701779E+04    0.645908363912379890E+01    0.495989438021081686E+01    0.613049228919619704E+01    0.370090291399892629E-02
    0.714441759537264381E-05   -0.714022030278559305E+04    0.175575329500404678E+02    0.203452727203746413E+02    0.701404701890215865E+01    0.366182871226635202E-02
    0.141874944377229623E-04   -0.714163236200023584E+04    0.176419020666200410E+01    0.122565224095331224E+02    0.771727720963530039E+01    0.354025368233389049E-02
    0.265362822820047250E-04   -0.714292466607243841E+04    0.405646653040197833E+02    0.597511205541667145E+01    0.119321696284984373E+02    0.342493849520383560E-02
    0.344532767282921133E-04   -0.714348684841069553E+04    0.210972521520505012E+02    0.678209460661660657E-01    0.795071480347135839E+01    0.337341080135947604E-02
    0.614301756425349128E-04   -0.714468344254266685E+04    0.210061600045928287E+01    0.112914631929390215E+02    0.851682375536175229E+01    0.326064092929395427E-02
    0.824163432033047971E-04   -0.714531120770805137E+04    0.106048039403985008E+02    0.872058156449823230E+01    0.495409856700182605E+01    0.320605872662281565E-02
    0.848408919131278343E-04   -0.714540919547891372E+04    0.500115086350047306E+02    0.198078154178824750E+01    0.132163831872739230E+02    0.318997029565800663E-02
    0.884134872291306124E-04   -0.714553168925080445E+04    0.937056230585773697E+01    0.518596809025179084E+01    0.948711705025241336E+01    0.317786328096876991E-02
    0.999750067931320875E-04   -0.714581748063922441E+04    0.191311801434090256E+02    0.125081614477379617E+02    0.928313043964784157E+01    0.314940268862067821E-02
    0.104507028738403009E-03   -0.714594614885345709E+04    0.147389034325624557E+02    0.126922736769862574E+02    0.130084517317579955E+02    0.313648636103053399E-02
    0.219352963858424440E-03   -0.714746900447291500E+04    0.453109343033697058E+02    0.540048555563643795E+01    0.128928471243634615E+02    0.297851650337679517E-02
    0.241301027336878122E-03   -0.714769973065412432E+04    0.134265450312189749E+01    0.160308315464495230E+02    0.782603900070806091E+01    0.295375200747144970E-02
    0.278766279306879607E-03   -0.714802838763820273E+04    0.324448954450962646E+02    0.283116762940640143E+01    0.130365930780824719E+02    0.291786141437935494E-02
    0.448064056733825454E-03   -0.714901751260581204E+04    0.365110791305089109E+02    0.506042288956225494E+01    0.133966847856563298E+02    0.280658695501125348E-02
    0.482792342207517973E-03   -0.714920681344963668E+04    0.258116575361066865E+02    0.649185758004195534E+01    0.554143889782545429E+01    0.278647910210017479E-02
    0.700866221709136694E-03   -0.714999227425307436E+04    0.125392188172297185E+02    0.627895242844671131E+01    0.706578919521398596E+01    0.269125435903084945E-02
    0.862619740814898049E-03   -0.715044758813226235E+04    0.150090144682285818E+02    0.146274613803907414E+02    0.373984626479179250E+01    0.274305713242470198E-02
    0.904613589628535416E-03   -0.715058265595333251E+04    0.340823488572799533E+02    0.530329145822172787E+01    0.836915735172972219E+01    0.261798831119977723E-02
    0.124504025967542872E-02   -0.715126148648479193E+04    0.374843128818535476E+02    0.492433414850655637E+01    0.109024331439612752E+02    0.253033609950202966E-02
    0.124820631860084880E-02   -0.715130656590317722E+04    0.484997196684087726E+02    0.704398493422137051E+01    0.594623711556729884E+01    0.252539111603845628E-02
    0.146235746938768569E-02   -0.715166325042891822E+04    0.186693219800156349E+02    0.308110222839420889E+01    0.758662136532342757E+01    0.247648401962752068E-02
    0.164492730133436807E-02   -0.715193854313087286E+04    0.958179704361945994E+00    0.152543462863734298E+02    0.120417535231602209E+02    0.243859520228113845E-02
    0.176147806916408670E-02   -0.715211545728908732E+04    0.316218539457843200E+02    0.471325529590718428E+01    0.255593720235783906E+01    0.248226303443254337E-02
    0.195162058829321822E-02   -0.715236047094852074E+04    0.926920299573073336E+01    0.693292814087543530E+01    0.261821814634271544E+01    0.218515753717583817E-02
    0.239355689238983328E-02   -0.715280871175003904E+04    0.288827213668781866E+02    0.197211733020498912E+02    0.134327938686065220E+02    0.231306480221395031E-02
    0.401841456586750530E-02   -0.715388492562830652E+04    0.954367034445004592E+01    0.750031381735503722E+01    0.884521817279023281E+01    0.214253430334243817E-02
    0.446823479366686201E-02   -0.715413713761159852E+04    0.101543507877787480E+02    0.114905374527051247E+02    0.114466832210900549E+02    0.209945825879172829E-02
    0.471407592494672237E-02   -0.715428425657313073E+04    0.191769909578726256E+02    0.171654572255833937E+01    0.703865778049775059E+01    0.207372594410350003E-02
    0.468218063595553062E-02   -0.715431067865035311E+04    0.793318746252635165E+01    0.181504616564096688E+01    0.334355510743771944E+01    0.211558514319104421E-02
    0.539855544995070363E-02   -0.715463541356885617E+04    0.721464868176144236E+01    0.213389985080353242E+02    0.901050843877844976E+01    0.201001265981713565E-02
    0.727427407788984806E-02   -0.715527183880176835E+04    0.158501406292876545E+02    0.361446228173302142E+01    0.478785279473875747E+01    0.189337481524088020E-02
    0.757431130793467626E-02   -0.715539267561346242E+04    0.368695306992735681E+02    0.161126324117767403E+02    0.992921156781591741E+01    0.185993963174893541E-02
    0.841428060915321886E-02   -0.715564301142158638E+04    0.265573635011721514E+02    0.191519673386596594E+02    0.280165726038915119E+01    0.111631570289000628E-02
    0.833841247981431319E-02   -0.715566489644804551E+04    0.178477912453093559E+02    0.113241602777282395E+02    0.105290546014314153E+02    0.180053432240717985E-02
    0.871520636957068794E-02   -0.715579328946883561E+04    0.307342422820812153E+02    0.139030511736676132E+02    0.863709210737180655E+01    0.911031788925799335E-06
    0.886519881862771024E-02   -0.715586741748511395E+04    0.309541399394659749E+02    0.230497536804029188E+02    0.137068733557833795E+02    0.169331068126847908E-04
    0.889823510251194945E-02   -0.715591485665979690E+04    0.324173119684749000E+01    0.927883698896460984E+01    0.110458804396929331E+02    0.273433578007837783E-04
    0.883332454245093664E-02   -0.715594021365008575E+04    0.237320070380273371E+02    0.149561459887542725E+02    0.148088167501905126E+02    0.329644475215748294E-04
    0.946169819744898527E-02   -0.715611765451267820E+04    0.195841565334776071E+02    0.257388598359709668E+02    0.295046020840535617E+01    0.491322373127531242E-03
    0.933457669061901578E-02   -0.715613060161080011E+04    0.501566683774195798E+01    0.529201086078751448E+01    0.184897882855361004E+02    0.168965325122382186E-02
    0.921838552826148225E-02   -0.715614555058550923E+04    0.199815653020060537E+02    0.948465417110067577E+01    0.166451459329262121E+02    0.800449644062415332E-04
    0.949708414040150058E-02   -0.715624512038963439E+04    0.162645185602127036E+02    0.661240004683905092E+01    0.537915419093712721E+01    0.166627468209534823E-02
    0.947641867256301257E-02   -0.715628076368729762E+04    0.238663624691724152E+02    0.881566405437369838E+01    0.295370920575657436E+01    0.194787292094153333E-02
    0.928889773308474651E-02   -0.715628079054158752E+04    0.272678164391019386E+02    0.103551394272319968E+02    0.552917689332363871E+01    0.165779002228291306E-02
    0.925051804408462061E-02   -0.715631250986127088E+04    0.312518791811409713E+02    0.104112155695076396E+02    0.826085853873452081E+01    0.164233276649098205E-02
    0.934594862469490320E-02   -0.715637303664627962E+04    0.935247960361867570E+01    0.131277098065800626E+02    0.453478290547616414E+01    0.168746946188801832E-02
    0.960186031648750486E-02   -0.715646706447716224E+04    0.235637495513227009E+02    0.103725461739186429E+02    0.131570147262844763E+02    0.160394959156443841E-03
    0.993510382120488950E-02   -0.715657529940381664E+04    0.549587139999383734E+01    0.106723647141394231E+02    0.756487528365672190E+01    0.156874485049910339E-02
    0.974868966924553534E-02   -0.715657741651798733E+04    0.921793985423674300E+00    0.898394189134982035E+01    0.894397893162212831E+01    0.190268579216468139E-03
    0.957143250711878224E-02   -0.715658071651488081E+04    0.149108589353781831E+02    0.130237058835676027E+02    0.661369549202061524E+01    0.189935899966681490E-03
    0.944201555865794434E-02   -0.715659348969169969E+04    0.121988642869491528E+02    0.752845433343730619E+01    0.874528437466386421E+01    0.156318862548023409E-02
    0.942043937516845280E-02   -0.715662891421242603E+04    0.242431417300281780E+02    0.401194393775083924E+01    0.535205339766836463E+01    0.155699820639060597E-02
    0.946638485176421428E-02   -0.715667864492557874E+04    0.128801321960566817E+02    0.113545961183453095E+02    0.388220457534684904E+01    0.171053417638371936E-02
    0.962677175639635452E-02   -0.715675224663546669E+04    0.240708732316783625E+02    0.223784953985059047E+02    0.939564081019045716E+01    0.151442716130851607E-02
    0.986939680707975102E-02   -0.715684202822744010E+04    0.110737433897796134E+02    0.111209853222966473E+02    0.112028255377232142E+02    0.148521521713718173E-02
    0.988534043788103986E-02   -0.715688525654357818E+04    0.212501163155413693E+02    0.334389981307406048E+01    0.711945340925096737E+01    0.281923321849643620E-03
    0.973957865688667573E-02   -0.715689554646717079E+04    0.551137039668827100E+02    0.787284788015387438E+01    0.164441140367061323E+02    0.146715998767430302E-02
    0.969313236552519358E-02   -0.715692598601423106E+04    0.252891109464688029E+02    0.175642118651915133E+02    0.140304491379314040E+02    0.145665372809687362E-02
    0.102536742358578549E-01   -0.715707842295860064E+04    0.162490619554423503E+02    0.243491950357348230E+01    0.767475462153888444E+01    0.348195243086608062E-03
    0.102606296503838512E-01   -0.715711977916641172E+04    0.574692887795873997E+01    0.938944965731169567E+01    0.363700874078962855E+01    0.162835234149778232E-02
    0.100923874121707884E-01   -0.715712671358800526E+04    0.148238500947677068E+02    0.106463101114105996E+01    0.574063115473896080E+01    0.365435776369218372E-03
    0.998917328957909384E-02   -0.715714615442270770E+04    0.154012683246862458E+02    0.783950941342622531E+01    0.869751428906779900E+01    0.373593641121822053E-03
    0.101118062644389665E-01   -0.715721055810831785E+04    0.172499418715774979E+02    0.746125006815204195E+01    0.867476225236798371E+01    0.399040463726996284E-03
    0.997955413273772865E-02   -0.715722422757832101E+04    0.220625993742284905E+02    0.836680915560502569E+01    0.245929255353887299E+02    0.404646757969101371E-03
    0.987352130715075070E-02   -0.715724286386888070E+04    0.160612893420512570E+02    0.856718434878943391E+00    0.169403970724954576E+02    0.412377394072141468E-03
    0.984383656921755668E-02   -0.715727684181246786E+04    0.285604828643442907E+02    0.259043332239644553E+01    0.460712725779023380E+01    0.133651599747499836E-02
    0.964968405880911942E-02   -0.715727700110141723E+04    0.252656466595795841E+02    0.692771240503410901E+01    0.472546786792795181E+01    0.135556082679580371E-02
    0.948877975369473090E-02   -0.715728337079587709E+04    0.121550805231272552E+02    0.783264809666838069E+01    0.648722345625643015E+01    0.131753227767494830E-02
    0.938449438272145019E-02   -0.715730126833891518E+04    0.114898530607179570E+02    0.150467610717137710E+02    0.191342897854760068E+02    0.130779362759133461E-02
    0.922315921216975386E-02   -0.715730658600506467E+04    0.168940824029976966E+02    0.202367985150843843E+02    0.121852225323322116E+02    0.130533318474891896E-02
    0.909534515561132711E-02   -0.715731867627440624E+04    0.292519174522182261E+02    0.303516511076073181E+01    0.587062513300534405E+01    0.130160577540145610E-02
    0.902815262547747299E-02   -0.715734384628103271E+04    0.113744030424934515E+02    0.114318445387675158E+02    0.513424085074518821E+01    0.425481610283385582E-03
    0.887822204801317835E-02   -0.715735035338610487E+04    0.163420938883197451E+02    0.199964260343821962E+02    0.113242976176717978E+02    0.459904599673209655E-03
    0.879929308286700115E-02   -0.715737249352535673E+04    0.222706391182467378E+02    0.777631462939576679E+01    0.801688916331275081E+01    0.470337030845323616E-03
    0.864344872427443879E-02   -0.715737675407397819E+04    0.128646031207494183E+01    0.769835258495471830E+01    0.151830342920727457E+02    0.472476824993275837E-03
    0.863888172684212398E-02   -0.715741569704117774E+04    0.233480082646612424E+02    0.446843088789953136E+01    0.120893584059652923E+02    0.491808258839570266E-03
    0.848779404717823517E-02   -0.715742040902586359E+04    0.145001687024080965E+02    0.110766876060190267E+01    0.548709098897835545E+01    0.492485487621648760E-03
    0.836910041072237883E-02   -0.715743224355365510E+04    0.950325359758610766E+01    0.191068664491512017E+02    0.727437070582273115E+01    0.124367900098506026E-02
    0.823457240245921950E-02   -0.715743983362756353E+04    0.195646543924682170E+01    0.638487948033909980E+01    0.377400546911429835E+01    0.141582688204341988E-02
    0.836623956082075716E-02   -0.715751155976714472E+04    0.137168947099035190E+02    0.699311140213954996E+01    0.811746837333417837E+01    0.544329052190594808E-03
    0.820691019216821145E-02   -0.715751310376333549E+04    0.200383793987071819E+02    0.940701272224477059E+01    0.849233049446183941E+01    0.545277686513107041E-03
    0.810958847397405883E-02   -0.715752924499943310E+04    0.237572664837309731E+02    0.447521116179999279E+01    0.111130393633534403E+02    0.555100312294534194E-03
    0.809962195966949794E-02   -0.715756678552971334E+04    0.228441096939819985E+02    0.389775802730204468E+01    0.595220044924906588E+01    0.116458389064537067E-02
    0.798854810796054138E-02   -0.715757916881106485E+04    0.102646952409745253E+02    0.487717316539606482E+01    0.458655004343057993E+01    0.533741722770448863E-03
    0.786402254934158614E-02   -0.715758774725233525E+04    0.155462894573650701E+02    0.169747469073587496E+02    0.582823733931120724E+01    0.116487143757434226E-02
    0.771643249220507494E-02   -0.715758985504146949E+04    0.234641369119023580E+02    0.994745737452152667E+01    0.564905879273790479E+01    0.115997242422948574E-02
    0.756543875942920253E-02   -0.715759033144014938E+04    0.128236170655669213E+02    0.568835216371589603E+01    0.461213238266573455E+01    0.120415671245424540E-02
    0.744025144961294425E-02   -0.715759696004235684E+04    0.178659282339399326E+02    0.926351218435859991E+00    0.135258754904788745E+02    0.114002375717845578E-02
    0.731357473693559478E-02   -0.715760261510048895E+04    0.203437710290314584E+02    0.134557265139662476E+02    0.885894174317844474E+01    0.604098379867984252E-03
    0.718330538302237084E-02   -0.715760667002558603E+04    0.336138854157705058E+01    0.753689677416622406E+01    0.655408783769540726E+01    0.604603570960272115E-03
    0.705661392314558059E-02   -0.715761108139616317E+04    0.415509866533911243E+01    0.667571236040430716E+01    0.121052144504333263E+02    0.610412240257875074E-03
    0.696401965499437742E-02   -0.715762466444037364E+04    0.169846693422246133E+02    0.813140472940010284E+01    0.781273250284153864E+01    0.620595709115735143E-03
    0.682634063895412070E-02   -0.715762472825662098E+04    0.177135145355394918E+02    0.121193302281009352E+02    0.154740687976007560E+02    0.111870580744175821E-02
    0.670000982760737742E-02   -0.715762736873823269E+04    0.206087985694897355E+02    0.753093851774251544E+01    0.583039463749443154E+01    0.112551474863353341E-02
    0.658109751020515693E-02   -0.715763155380441185E+04    0.157791145647147992E+02    0.739326218512288236E+01    0.111908414030800660E+02    0.626257235023936366E-03
    0.645603285955927055E-02   -0.715763318079327746E+04    0.672888306259876323E+01    0.125253320233666727E+02    0.744013992674459068E+01    0.111263132857687946E-02
    0.634078121504820340E-02   -0.715763715471362138E+04    0.241390224370360755E+02    0.395829788769213797E+01    0.120726604537978943E+02    0.630779723044598301E-03
    0.625348925826723929E-02   -0.715764942993040677E+04    0.237429272249032621E+02    0.810963616771937978E+01    0.200843340181738164E+02    0.641010459081694118E-03
    0.614840075503834526E-02   -0.715765553476816876E+04    0.280066847153889817E+02    0.125561745017713378E+02    0.107195229642020955E+02    0.109274193543430461E-02
    0.604031904414180799E-02   -0.715766006441668560E+04    0.124745230126078717E+02    0.130888727664556654E+02    0.557955102385619561E+01    0.111675985222233843E-02
    0.596268210079201055E-02   -0.715767419154534946E+04    0.277936158333679266E+02    0.513190175924342018E+01    0.103122771905901001E+02    0.107546637006753929E-02
    0.586803324166075904E-02   -0.715768218980216534E+04    0.174619116212634466E+02    0.210077528620534970E+00    0.120488022420021448E+02    0.670935230129040064E-03
    0.581414418802776549E-02   -0.715770373795576961E+04    0.265516987378751352E+02    0.753908545259406271E+01    0.802995533346642354E+01    0.693251353790817586E-03
    0.572899932346852304E-02   -0.715771423250650150E+04    0.205016093820708392E+02    0.685777083086721273E+01    0.143690351601840778E+02    0.103245123358025994E-02
    0.563416706076561458E-02   -0.715772084939435172E+04    0.127726030172100167E+02    0.111405498978672721E+02    0.140391887445248180E+02    0.713635456204176656E-03
    0.552699722796672586E-02   -0.715772244009444057E+04    0.213727217296783678E+00    0.122609524397319944E+02    0.915643428338722565E+01    0.102223485116289918E-02
    0.543425360626206399E-02   -0.715772859511220213E+04    0.518150016190344065E+01    0.209337729436873721E+01    0.126665267708828928E+02    0.723717625979394211E-03
    0.532745974340061417E-02   -0.715772889980899618E+04    0.161036484379189631E+02    0.707689045869439681E+01    0.910417589719058462E+01    0.101360948155534243E-02
    0.522982589143084712E-02   -0.715773190672615692E+04    0.217488876156722810E+01    0.325448281845413590E+01    0.555275934261082860E+01    0.102272847921410772E-02
    0.512987170369404513E-02   -0.715773331205151317E+04    0.293770818233206015E+02    0.592392990383045337E+01    0.321787836911458047E+01    0.152415740167272324E-02
    0.503633924070191925E-02   -0.715773650970590552E+04    0.378920998598257963E+01    0.861565177743170096E+01    0.167673661214268606E+02    0.100276401752568377E-02
    0.493915242114195945E-02   -0.715773753823545030E+04    0.291563420499744304E+02    0.424146154525166796E+01    0.877038322876508047E+01    0.736290847191737891E-03
    0.484655393243166137E-02   -0.715773968659784350E+04    0.251108539513508191E+02    0.585723005182598477E+01    0.731508078975333831E+01    0.738784548965625270E-03
    0.475187393698812358E-02   -0.715774022885842078E+04    0.135847107121507378E+02    0.101792019901459057E+02    0.600964157655738607E+01    0.101337784014875806E-02
    0.466026047499082906E-02   -0.715774129343681943E+04    0.803721046475331313E+01    0.219208152501319598E+01    0.476291025185908712E+01    0.704491005690427961E-03
    0.457039405558423793E-02   -0.715774234960741433E+04    0.218438512900937951E+02    0.979804087922151190E+01    0.638251952522275356E+01    0.735904741173118437E-03
    0.448215873487291337E-02   -0.715774336033349118E+04    0.250626070526544211E+02    0.389546011205716924E+01    0.140443427156951373E+02    0.745226541974527198E-03
    0.440118602317740755E-02   -0.715774689886247506E+04    0.146414184853495399E+01    0.833365964923668301E+01    0.811305763478562625E+01    0.750620946275223130E-03
    0.431938039155284944E-02   -0.715774937468000280E+04    0.174721571631413859E+02    0.128168612214224584E+02    0.131596488760410733E+02    0.982182527374374052E-03
    0.425150437625838266E-02   -0.715775769653420230E+04    0.209757415562978551E+02    0.143448921400758245E+01    0.839965980790353939E+01    0.966649336096298342E-03
    0.417431168769522108E-02   -0.715776104971080349E+04    0.250428259265964712E+02    0.111193321121935185E+02    0.127584032185912370E+02    0.959605702000493853E-03
    0.409167927996448560E-02   -0.715776106168720162E+04    0.226744599663388939E+02    0.335846492566287447E+01    0.775688296203559879E+01    0.959844026485468394E-03
    0.401382526891705567E-02   -0.715776264018985148E+04    0.294215672821104945E+02    0.100077977293169091E+02    0.127556450362783380E+02    0.781025840788562332E-03
    0.394277783869636037E-02   -0.715776692177200948E+04    0.411657110397692776E+02    0.111795943030552571E+02    0.769476452616397211E+01    0.946933584909331535E-03
    0.386767030617731888E-02   -0.715776845542723913E+04    0.123810944559807812E+02    0.547115509491960772E+01    0.154037887348062359E+02    0.795210869691310909E-03
    0.379698882957980096E-02   -0.715777156743050364E+04    0.590366955398022153E+01    0.115094333867797456E+02    0.198412702048519805E+02    0.804082074277114641E-03
    0.372338613849817557E-02   -0.715777241776490882E+04    0.310136961652040775E+02    0.160506489707983810E+02    0.541219808652510093E+01    0.711634557678339757E-03
    0.365007945960295821E-02   -0.715777264862604989E+04    0.181401541270029121E+02    0.551682084764815173E+01    0.134231573276712712E+02    0.929465049633713351E-03
    0.357817686466653951E-02   -0.715777285758186281E+04    0.187195463416769101E+02    0.664335037426310837E+01    0.187517173967560993E+02    0.808143554878889246E-03
    0.350760989667625806E-02   -0.715777302048065485E+04    0.205000801041545913E+02    0.924650274606211831E+01    0.438088773504179407E+01    0.565408950653534075E-03
    0.343836881904331301E-02   -0.715777314510865745E+04    0.446694750421370301E+02    0.759151787900299979E+01    0.718894630646064137E+01    0.930408416252891720E-03
    0.337226355693051854E-02   -0.715777431914683348E+04    0.334792386367588222E+02    0.135602017793515870E+02    0.917385744975469919E+01    0.923907262013322350E-03
    0.330755748677883906E-02   -0.715777557074700690E+04    0.235951621675368841E+02    0.160426730124694821E+02    0.997803481378955759E+01    0.919170057411253238E-03
    0.324283305547606350E-02   -0.715777604544698170E+04    0.142733062615887469E+02    0.992861560471808957E+01    0.147664824246025521E+02    0.917256723565443646E-03
    0.317935742923399194E-02   -0.715777650897201693E+04    0.264150276207189840E+02    0.145804296549912245E+02    0.111776183292015610E+02    0.915349296159999066E-03
    0.311650131529569866E-02   -0.715777657275044567E+04    0.180436907045640247E+02    0.143085173384372553E+02    0.107991292578373148E+02    0.821778740345475902E-03
    0.305705360883152090E-02   -0.715777805391017409E+04    0.115344043038326429E+02    0.811640171243979047E+01    0.115100376747115511E+02    0.908327860985612238E-03
    0.299755811405328807E-02   -0.715777874674230497E+04    0.181166701717266925E+02    0.220371714102550982E+02    0.883756612717107615E+01    0.831533634603037839E-03
    0.293883697854509674E-02   -0.715777917858694127E+04    0.330583271172868223E+02    0.103368304121606442E+02    0.126609997899232134E+02    0.834497756574665347E-03
    0.288167877521886906E-02   -0.715777989681659710E+04    0.973991771689535213E+01    0.744861352368746132E+01    0.591747538086050717E+01    0.798743259653375386E-03
    0.282470108925231842E-02   -0.715777995585159897E+04    0.137556420494712270E+02    0.726461780459200313E+01    0.127130833439093678E+02    0.897450749975843304E-03
    0.277066390031878136E-02   -0.715778132468520107E+04    0.284343393651824705E+02    0.869199845180381558E+01    0.148223764307197889E+02    0.850926406547927814E-03
    0.271666071984567837E-02   -0.715778195765096370E+04    0.156359397328645180E+02    0.413291516380587876E+01    0.209748476190138788E+02    0.860918031925329147E-03
    0.266310296254306401E-02   -0.715778213469222919E+04    0.154453574137500063E+02    0.185905025555109233E+02    0.694654172654959368E+01    0.832331302917734255E-03
    0.261080833291484982E-02   -0.715778247051079325E+04    0.102965108610714680E+02    0.593362833518353039E+01    0.750065210408324923E+01    0.870519475603829477E-03
    0.256633426050104042E-02   -0.715778810779764444E+04    0.260005924742481405E+02    0.956859664711152291E+01    0.501472457187325027E+01    0.102520962466444692E-02
    0.251661054497059498E-02   -0.715778897670049173E+04    0.301374279614930920E+02    0.539506808623080492E+01    0.494106762664688226E+01    0.989749503084736467E-03
    0.246930279453664138E-02   -0.715779102243457874E+04    0.224761944075398645E+02    0.441173273673266486E+01    0.321790056998815599E+01    0.281051852120703036E-03
    0.242515196323985762E-02   -0.715779493912718590E+04    0.370208552877462722E+02    0.133566685817749580E+02    0.604328110550007658E+01    0.873111262578821299E-03
    0.237839551093735812E-02   -0.715779600296236731E+04    0.137908777157167766E+02    0.122951862812731889E+02    0.575440511069046323E+01    0.925249516676582544E-03
    0.233334079469432309E-02   -0.715779775286804306E+04    0.363701337610840767E+02    0.826291492048660992E+01    0.561786042676558584E+01    0.836655478427434773E-03
    0.229348353920950324E-02   -0.715780329446758788E+04    0.100716849225729899E+02    0.171821317437091139E+02    0.588819739975065737E+01    0.904803153459789612E-03
    0.224915011637826781E-02   -0.715780425558943807E+04    0.905332948372163138E+01    0.200801041334755368E+02    0.587621043923941766E+01    0.813719774269379154E-03
    0.220668693964901378E-02   -0.715780613528860795E+04    0.266677047196721801E+02    0.983300473836111166E+01    0.427745482377634811E+01    0.118771664884060983E-02
    0.216534010705834610E-02   -0.715780830563671861E+04    0.156658152818655996E+02    0.210132538069871488E+01    0.439622875255282608E+01    0.966957476726974796E-03
    0.212920317614842319E-02   -0.715781464637987665E+04    0.105575298024337929E+02    0.870401721627643177E+00    0.406151799075975983E+01    0.925662874189621138E-03
    0.209413248915110879E-02   -0.715782142951441165E+04    0.183418750621101658E+02    0.163137044787352572E+02    0.495408990171631558E+01    0.106006385622304990E-02
    0.206581755827691142E-02   -0.715783420287194440E+04    0.149871339987290781E+02    0.139334058859193028E+02    0.477789714955464007E+01    0.660635840525257596E-03
    0.202590665366669071E-02   -0.715783518541295234E+04    0.465709136333686544E+02    0.100241891563299301E+02    0.484031449995926089E+01    0.735320435494908175E-03
    0.200657018909227618E-02   -0.715785600453376901E+04    0.151035239610830150E+02    0.206809853160077317E+01    0.250445828143515126E+01    0.212431989450994566E-03
    0.197855222790128049E-02   -0.715786788151026940E+04    0.108337656764675394E+02    0.937753725008312777E+01    0.466825962251501281E+01    0.725238526171681757E-03
    0.195165181161990843E-02   -0.715788050294559798E+04    0.384041390221348493E+02    0.118131474785886237E+02    0.270255862386620160E+01    0.932907832830173929E-03
    0.192354091269341895E-02   -0.715789148617763749E+04    0.371348290804821168E+01    0.121423619233466322E+02    0.472971288950233237E+01    0.714752979023550519E-03
    0.189519437025614844E-02   -0.715790179355848795E+04    0.154872539921965036E+02    0.211374841283780635E+01    0.383443235595877985E+01    0.759851691756198086E-03
    0.187516322645312839E-02   -0.715792054217131044E+04    0.139345903038339713E+02    0.710775861745174264E+01    0.429996808080883763E+01    0.704389615944398927E-03
    0.185357695304492033E-02   -0.715793738527270762E+04    0.292913957016132649E+02    0.536941169705610211E+01    0.407698534014836955E+01    0.103672858390510504E-02
    0.182547916485754176E-02   -0.715794683576914485E+04    0.339019148064610576E+02    0.370551067888160190E+01    0.282780266174120509E+01    0.149093157961545982E-02
    0.180537750743214702E-02   -0.715796469018244443E+04    0.111241765315654817E+02    0.446843840269152004E+01    0.385001083116179288E+01    0.108141142889215790E-02
    0.177617585543541961E-02   -0.715797207606656320E+04    0.255394762250719225E+02    0.391763991045580307E+01    0.379484734891407705E+01    0.105969525264691363E-02
    0.175230163531620606E-02   -0.715798501103977014E+04    0.112684717101938752E+02    0.865909167689718018E+01    0.427614501782603273E+01    0.101873144194674758E-02
    0.173724412737263152E-02   -0.715800775079740833E+04    0.277175778822355952E+02    0.213401589171577228E+02    0.478958600260842537E+01    0.819882965999559066E-03
    0.174428145422826663E-02   -0.715805583614536863E+04    0.425720532324969270E+01    0.198933297027544320E+02    0.471402477579860602E+01    0.829197701418125238E-03
    0.173127384608580859E-02   -0.715808086568136878E+04    0.263182976059488105E+01    0.114306278322005461E+02    0.434306317505058459E+01    0.942843133225880481E-03
    0.169778896241227703E-02   -0.715808180434020414E+04    0.750859794662041580E+01    0.209085148577434978E+02    0.462993403478877408E+01    0.757816891171407200E-03
    0.166900394083803060E-02   -0.715808760476357475E+04    0.182700230409381170E+02    0.708788755787768210E+01    0.384396957920848337E+01    0.612952082507025025E-03
    0.164054196912027483E-02   -0.715809320406426468E+04    0.963667666402735001E+01    0.130980274137556290E+02    0.434863953683671678E+01    0.748290094651190511E-03
    0.161908272678299640E-02   -0.715810687029352084E+04    0.102064239679606423E+02    0.112345989703440701E+02    0.423589308923895302E+01    0.738637132290904247E-03
    0.159296405750408362E-02   -0.715811434368762912E+04    0.355817297799777137E+02    0.657886356657497284E+01    0.345394789779591616E+01    0.416295460711669455E-03
    0.156833661853521202E-02   -0.715812318190997848E+04    0.474912638058173808E+01    0.151437738145090819E+02    0.444913607783482590E+01    0.870847410166861961E-03
    0.156125521699104872E-02   -0.715815413099982561E+04    0.358475057798642354E+02    0.912684072627115128E+01    0.394511413039617187E+01    0.655633540174426106E-03
    0.153737326928386352E-02   -0.715816330133346491E+04    0.164737305053978602E+02    0.297546404336089143E+01    0.299220878902137066E+01    0.419530716509976774E-03
    0.150814126560614055E-02   -0.715816490663713830E+04    0.660042087069940919E+02    0.133611139577057116E+02    0.354693936828122913E+01    0.145366617364264079E-02
    0.148301835423771036E-02   -0.715817130963083400E+04    0.268368301161802130E+02    0.474433157992651022E+01    0.366524726731114381E+01    0.993797912568502792E-03
    0.145908912891206961E-02   -0.715817877546525960E+04    0.233412811696798457E+02    0.120113691083117136E+01    0.250374574314064091E+01    0.123089294614726072E-02
    0.143792318650782396E-02   -0.715818955043378446E+04    0.331807895201390135E+01    0.112944080003688043E+02    0.418309593638589750E+01    0.818914828531613556E-03
    0.142957533296831458E-02   -0.715821790561225771E+04    0.189549834636628489E+01    0.503189970944320653E+01    0.352270524781697780E+01    0.667720676396505331E-03
    0.140781688907215151E-02   -0.715822723114963446E+04    0.911950561928074066E+01    0.684875247897136852E+01    0.364670443688396873E+01    0.113342506289989793E-02
    0.138580561659814986E-02   -0.715823571403816186E+04    0.198830468273811647E+02    0.179613917598600388E+02    0.299430944969013924E+01    0.125451818624411956E-02
    0.136680071377600970E-02   -0.715824809627879313E+04    0.126899660083585175E+01    0.888002873803871040E+01    0.350692206591602851E+01    0.106710295088316681E-02
    0.134285073177481070E-02   -0.715825274028382501E+04    0.450481450803286165E+00    0.149978785993143795E+02    0.404184752174213102E+01    0.835259817627838786E-03
    0.131911427689580178E-02   -0.715825707176987453E+04    0.299582061852346477E+02    0.733045536828957189E+01    0.359266209178598261E+01    0.542858903233133048E-03
    0.129450896976631910E-02   -0.715825941365046947E+04    0.269653746574823856E+02    0.589770128351912781E+00    0.204979402921321974E+01    0.537180480413782056E-03
    0.127438743071304410E-02   -0.715826808198514573E+04    0.261308611364280807E+01    0.684239548930773012E+01    0.378361960690266219E+01    0.817356479678192985E-03
    0.125405918465281156E-02   -0.715827592202740652E+04    0.177695031830419765E+02    0.541904669812311024E+01    0.362752358140785480E+01    0.742714607998379295E-03
    0.123034168435779854E-02   -0.715827773459776290E+04    0.146988683889882825E+02    0.451698174352755544E+01    0.356988594267875126E+01    0.851471409967363355E-03
    0.120781043073427108E-02   -0.715828076906982278E+04    0.235867678998670414E+02    0.564353221374429914E+01    0.367794533843803606E+01    0.842202874329474500E-03
    0.118766075976034242E-02   -0.715828712200063546E+04    0.201394128173680329E+02    0.715689649343639278E+01    0.343302693746821497E+01    0.126155175201414548E-02
    0.118629427293105542E-02   -0.715832481953582646E+04    0.103426432165636495E+02    0.590892951786060916E+01    0.263700711362519691E+01    0.655098601466152283E-03
    0.117403038691667508E-02   -0.715834403596043649E+04    0.194818807417850302E+02    0.170877246255286330E+02    0.392910167915384445E+01    0.121753984882396653E-02
    0.115500132018355882E-02   -0.715835135372580498E+04    0.139837118559098919E+02    0.758543942476273081E+01    0.376329869911154535E+01    0.899482370872085272E-03
    0.113384359688202237E-02   -0.715835437730017202E+04    0.118701587942242615E+02    0.490202212122084813E+01    0.327859067860702735E+01    0.117875886997171339E-02
    0.111235694033313980E-02   -0.715835611301948757E+04    0.444474391005855285E+01    0.982794390889579184E+01    0.372254418913482077E+01    0.111869422781840774E-02
    0.109117142448168563E-02   -0.715835765439287115E+04    0.993568270482812110E+01    0.315711839473266886E+01    0.302410777005154330E+01    0.526000472457514075E-03
    0.107081523519933063E-02   -0.715835999127268497E+04    0.796183576449578112E+01    0.743229732856009306E+01    0.374174332341162152E+01    0.922694405431182061E-03
    0.105742947551538740E-02   -0.715837483263161539E+04    0.109335787168277445E+02    0.854742134867705339E+00    0.232529108951198715E+01    0.979936481026877880E-03
    0.103883690020643675E-02   -0.715837935419608675E+04    0.253586841389264706E+02    0.109075942019096175E+02    0.390271348316815914E+01    0.951360933068930333E-03
    0.128668412171994832E-02   -0.715880742100502266E+04    0.902690434259422680E+01    0.138790853026364616E+02    0.305548850346271728E+01    0.102142757081567347E-02
    0.141042951428167231E-02   -0.715899107263950373E+04    0.135516826270104112E+02    0.163222085482811643E+02    0.364189729260159112E+01    0.104884799755504843E-02
    0.181015319493103019E-02   -0.715949010704294142E+04    0.155043081039804704E+02    0.206648498102977314E+02    0.332284203011520995E+01    0.108193184742610060E-02
    0.158947774445120224E-02   -0.715923009508271662E+04    0.172776310220548552E+02    0.185914438431822298E+02    0.355398640878628580E+01    0.108813811718819122E-02
    0.110407829526547904E-02   -0.715850130581331177E+04    0.112128418856850693E+02    0.846982096979211718E+01    0.359040438077082324E+01    0.107005516673926116E-02
    0.129529248148196083E-02   -0.715882075713153517E+04    0.465048439801219970E+01    0.956837461280889912E+01    0.342260886546161558E+01    0.930183662644629063E-03
    0.108817293642221851E-02   -0.715847228425282265E+04    0.110654199329175729E+02    0.687994818284076892E+01    0.306834621984498446E+01    0.132853706156379993E-02
    0.128913640356802988E-02   -0.715881122916256300E+04    0.339234979074196019E+02    0.134570553567743865E+02    0.327489525182529473E+01    0.137566282415266770E-02
    0.107014704306223696E-02   -0.715843887620829173E+04    0.461546600456119016E+01    0.179046922437290590E+02    0.405991899896276909E+01    0.649309076848663975E-03
    0.120599282298595469E-02   -0.715867789037777766E+04    0.384076366024257965E+02    0.186639831133710103E+02    0.395845883600859505E+01    0.809948613089724392E-03
    0.135693278618884074E-02   -0.715891373778027446E+04    0.184605949750669289E+02    0.802058379125758059E+01    0.335586730371017783E+01    0.823947384907257763E-03
    0.130157010962390972E-02   -0.715883042670803388E+04    0.180472195667330020E+02    0.529602146834202703E+01    0.316146121808188951E+01    0.928549173854428551E-03
    0.126459366104451063E-02   -0.715877278579140784E+04    0.297988489953551507E+02    0.387983430081007574E+01    0.303782483500568024E+01    0.904062780625507559E-03
    0.128385798999583944E-02   -0.715880302328230118E+04    0.322507711395423300E+02    0.315159327507003528E+01    0.279099331737526768E+01    0.106472473061599345E-02
    0.128461451495339211E-02   -0.715880420145333937E+04    0.248925730697188676E+02    0.333129813316719847E+01    0.260976517236392080E+01    0.489131217664880331E-03
    0.106981946649227998E-02   -0.715843826390605045E+04    0.344869832575422919E+02    0.137161262552364338E+01    0.268988680659793111E+01    0.714440690164324776E-03
    0.107069115233384641E-02   -0.715843989283679639E+04    0.234511618005583600E+02    0.193707585195297716E+01    0.233601561098315935E+01    0.425435840509080353E-03
    0.131234720868741929E-02   -0.715884691867593938E+04    0.356728543824928863E+02    0.556457407244929314E+01    0.255442646609101010E+01    0.855389062830719162E-03
    0.149781454358139114E-02   -0.715911129823287865E+04    0.433430576688576963E+02    0.678517653579499846E+01    0.310598885184967122E+01    0.683975072455809442E-03
    0.145517398503730491E-02   -0.715905353502502203E+04    0.240058486583544450E+02    0.750143254768297130E+01    0.273028367674452266E+01    0.663646551071666972E-03
    0.137956512264576629E-02   -0.715894682072535852E+04    0.453385591826885204E+02    0.142982913679244170E+02    0.355823670830474770E+01    0.111091676919111530E-02
    0.137930551933740831E-02   -0.715894644433466419E+04    0.311767200551423969E+02    0.904836501039956609E+01    0.339977655674050094E+01    0.782627367158398451E-03
    0.122560392963882905E-02   -0.715871015153597637E+04    0.215110881174244284E+02    0.878047327957120594E+01    0.354266081013669965E+01    0.834103340714915584E-03
    0.160777085486439250E-02   -0.715925298139819915E+04    0.365725226059508373E+02    0.117838827992099962E+02    0.316911076391162538E+01    0.118409015717682716E-02
    0.107305723950235164E-02   -0.715844430769842529E+04    0.392536761113140358E+02    0.120103720255768955E+02    0.367658444083834768E+01    0.120727867844317403E-02
    0.157565272945251150E-02   -0.715921262331902835E+04    0.198159122418990350E+02    0.861288335451410347E+01    0.296823692046533250E+01    0.536791872124531451E-03
    0.125257819998413457E-02   -0.715875369205767220E+04    0.103906472361757558E+02    0.415080487147727339E+01    0.263277221582092302E+01    0.682725080669176979E-03
    0.157621892719585969E-02   -0.715921334187334924E+04    0.307469615616274083E+02    0.207177469546587609E+02    0.367623738693694779E+01    0.670572460938141310E-03
    0.140267749779124503E-02   -0.715898004990047593E+04    0.148901314253876471E+02    0.107045454828152753E+02    0.330301574845279156E+01    0.512630628395202657E-03
    0.119236716953836008E-02   -0.715865516518207914E+04    0.117636062246788864E+02    0.172385240587165711E+01    0.255437979601616405E+01    0.775926994969481938E-03
    0.177384083730241560E-02   -0.715944957840376355E+04    0.255263671732558031E+02    0.149930747752642297E+02    0.323384941652117464E+01    0.529306222750662320E-03
    0.107037231895446179E-02   -0.715843929718256004E+04    0.153293951778519784E+02    0.999082663297196838E+01    0.366204934727464781E+01    0.570766013148245842E-03
    0.174463443055816432E-02   -0.715941637416003232E+04    0.264386518981414298E+02    0.115838801438404904E+02    0.293297338516251349E+01    0.775507831972397157E-03
    0.110990917749283929E-02   -0.715851184046317849E+04    0.143366797869139369E+02    0.830757015146200573E+01    0.319734782898574421E+01    0.331277513290911558E-03
    0.159517302836513931E-02   -0.715923724850755571E+04    0.199972557878313495E+02    0.101001698363369563E+02    0.312881521274627694E+01    0.544952097481578388E-03
    0.121935371626399718E-02   -0.715869992603861374E+04    0.257323787922525042E+02    0.720881554757042586E+01    0.334340814653458906E+01    0.108812839159101163E-02
    0.110821241859494920E-02   -0.715850878065034976E+04    0.121788153805818666E+02    0.110966129972536667E+02    0.286920828517239634E+01    0.100464733421168828E-02
    0.118128186676600615E-02   -0.715863648443661896E+04    0.363604034464618024E+02    0.857036613513169598E+01    0.266216142625287189E+01    0.890737658946362705E-03
    0.146603770840973615E-02   -0.715906841073359192E+04    0.220879073576183345E+02    0.664771788794168650E+01    0.312717037055224223E+01    0.729029489641867812E-03
    0.163881851355575218E-02   -0.715929123521067504E+04    0.188396730421055025E+02    0.694846326083751542E+01    0.290803040893345477E+01    0.736598594886546474E-03
    0.120429701847252083E-02   -0.715867507610247503E+04    0.109355593938595970E+02    0.208646789524454856E+01    0.247580043517891557E+01    0.890070344032943810E-03
    0.183897637397080005E-02   -0.715952170228003069E+04    0.451580815898341541E+02    0.934047167394226996E+01    0.306093855259544867E+01    0.842518466211964433E-03
    0.112052284673603945E-02   -0.715853087489102199E+04    0.175091323355502091E+02    0.138777444698580688E+02    0.380167758100561048E+01    0.600062047383621497E-03
    0.109206081090626136E-02   -0.715847941721021289E+04    0.351572074577805882E+01    0.354777828939409767E+01    0.286355212721448460E+01    0.909090650435013126E-03
    0.160877067211799758E-02   -0.715925422474267634E+04    0.191974574554536694E+02    0.108247562890879472E+02    0.301824320610502328E+01    0.108930314017054901E-02
    0.127856027550003141E-02   -0.715879475340362387E+04    0.339867915354715180E+02    0.216227756236249435E+01    0.254055349302565370E+01    0.103771651567610311E-02
    0.109268110841003775E-02   -0.715848055290045613E+04    0.459221128126614353E+01    0.127161256169338017E+02    0.380763690755638340E+01    0.619920206678386577E-03
    0.110757696591167647E-02   -0.715850763351478690E+04    0.640248421030983206E+01    0.170061719862037037E+02    0.312814085888439530E+01    0.921892513077045804E-03
    0.164847283363026009E-02   -0.715930298269127434E+04    0.242959743287971399E+02    0.656865659688156445E+01    0.280704766864894761E+01    0.860983027713941879E-03
    0.166018046366150180E-02   -0.715931713670239969E+04    0.176781829733243185E+02    0.107453643919926165E+02    0.297102612233548102E+01    0.937857866924339881E-03
