    0.122298186077287242E-95   -0.351595584526585026E+04    0.493523635551263773E+01    0.213535432790819080E+01    0.279560031472839476E+01    0.106438120394809044E+00
    0.160807017940870806E-94   -0.352117516769624035E+04    0.871269076548754562E+01    0.753095583048045381E+01    0.915792131535197740E+01    0.407501870579727310E-01
    0.197308008796511221E-86   -0.355849231785976281E+04    0.120964133739471436E+02    0.192639827728271484E+00    0.275861740112304688E+01    0.416281223297119141E-01
    0.395931151200797450E-78   -0.359679329467704611E+04    0.120352005388348076E+02    0.680786782835086957E+01    0.963634453891901188E+01    0.425827982353341739E-01
    0.588787188562672630E-75   -0.361146912084785254E+04    0.113359028942143887E+02    0.473397482194068875E+01    0.660739286294177575E+01    0.100823664557095904E+00
    0.976673080548746204E-71   -0.363096864260209850E+04    0.524777817827095294E+01    0.950001896848845462E+01    0.840044716929433832E+01    0.435007139735341664E-01
    0.251731536530137527E-62   -0.366977026335861183E+04    0.191571354866027832E+01    0.886185109615325928E+01    0.223224043846130371E+01    0.868886709213256836E-01
    0.166857510993654416E-56   -0.369664550520563716E+04    0.503537653779016203E+01    0.887994547802190448E+00    0.468668005956487121E+01    0.454700515378829717E-01
    0.973314080223066222E-41   -0.376931685787248080E+04    0.417125105857849121E+01    0.299608349800109863E+01    0.349584221839904785E+01    0.898067951202392578E-01
    0.542832210070676502E-40   -0.377282088160709827E+04    0.831770751231713845E+00    0.201041873772485413E+01    0.852647530411937282E+01    0.896376839629906552E-01
    0.107859675576819670E-39   -0.377426078009035291E+04    0.104149186611175537E+02    0.664110839366912842E+01    0.426231503486633301E+01    0.482919216156005859E-01
    0.112796335902060070E-38   -0.377902212248963042E+04    0.954568411751629675E+01    0.828517678632999521E+00    0.157910245505046376E+01    0.854808222242198212E-01
    0.457724430913611341E-35   -0.379570566665107344E+04    0.153565902739247857E+02    0.800327990572619608E+00    0.831793596375716504E+01    0.492005912122257527E-01
    0.257759380375276938E-33   -0.380383419207319366E+04    0.438525582351316867E+01    0.668256530045112118E+01    0.688578011134830348E+01    0.871781965244582402E-01
    0.807674938658583251E-33   -0.380618512505664376E+04    0.399574179651355443E+01    0.179684107328735365E+01    0.815611092417006844E+01    0.496756386977124098E-01
    0.208346838661160188E-31   -0.381275222111649828E+04    0.151777669565195144E+02    0.289259204864718789E+00    0.509262617781683247E+01    0.499841500568687369E-01
    0.505274660172125925E-31   -0.381459068373999207E+04    0.125911333323966552E+02    0.751985497607316677E+01    0.236875460429609319E+01    0.826625938218541467E-01
    0.641107524430656205E-30   -0.381973871064208743E+04    0.681265000702219758E+01    0.182679505956251681E+00    0.430418854591016142E+01    0.503224687946097760E-01
    0.169665631200054640E-27   -0.383096215274120323E+04    0.695108622587170455E+01    0.949147562696818170E+01    0.635823254274307104E+01    0.508889416357656277E-01
    0.708952511356456591E-26   -0.383849390743309914E+04    0.101897828738167977E+02    0.319140815180792847E+01    0.340914903461601071E+01    0.513266901907754036E-01
    0.164337841387640221E-24   -0.384484718601742134E+04    0.190258447762530345E+02    0.110002122243914036E+01    0.630181934323888626E+01    0.836380347740395269E-01
    0.263637272478184380E-24   -0.384585915243033560E+04    0.777872463777965883E+01    0.431442489196072465E+01    0.738206881551245786E+01    0.835452560836600355E-01
    0.362907477697089908E-22   -0.385577530692677556E+04    0.104289541532870942E+02    0.759881906281753849E+01    0.501952485665267290E+01    0.826131404310888051E-01
    0.100217651174247511E-19   -0.386708387697772741E+04    0.105254459381103516E+02    0.634172558784484863E+01    0.857320785522460938E+01    0.815188884735107422E-01
    0.283940545641990755E-19   -0.386923338471910211E+04    0.601325882605441997E+01    0.579588906733848752E+01    0.281593417816912250E+01    0.800889083739917407E-01
    0.359662440112958260E-19   -0.386977285349636668E+04    0.545938081644853224E+01    0.588115129815096527E+01    0.530173213209811678E+01    0.531352777804443566E-01
    0.639472005530102667E-18   -0.387559564418759874E+04    0.100894826346338107E+02    0.561555931735002378E+01    0.459822145437449592E+01    0.535251365287632286E-01
    0.267723529570942814E-16   -0.388313127522115883E+04    0.105747825895043732E+02    0.850380262393882269E+01    0.656614934661388361E+01    0.798610582261862767E-01
    0.463564569308071412E-15   -0.388890109375671545E+04    0.702640974471008128E+01    0.311657590084248731E-02    0.780868251839704186E+01    0.792310415879620145E-01
    0.245445294980893132E-14   -0.389230118742528566E+04    0.246402764255726581E+01    0.601772260868346898E+01    0.956949117038678310E+01    0.547339331794767237E-01
    0.410785137615266883E-13   -0.389800301669175133E+04    0.793038000594846171E+01    0.340156537088487365E+01    0.751563681483025192E+01    0.781910911606937820E-01
    0.182959932707692229E-11   -0.390566241749767823E+04    0.143056156603424451E+02    0.250890735904488427E+01    0.668537204947303110E+01    0.772636141076465943E-01
    0.927725451152959805E-11   -0.390897602147843827E+04    0.580639916885862917E+01    0.100372805102668639E+01    0.597177748767667538E+01    0.768445224527918302E-01
    0.146213984380012167E-10   -0.390995252904343715E+04    0.439832140576659736E+01    0.449933186930555440E+01    0.231496691997208082E+01    0.699547155492792339E-01
    0.287241917250962058E-10   -0.391136970287574331E+04    0.184564805728734704E+02    0.124813101969640905E+00    0.124515541465209623E+01    0.579520145459206937E-01
    0.607730067267810805E-08   -0.392214552198862293E+04    0.725331556167803626E+01    0.751848673778403054E+01    0.627005392375263071E+01    0.574869024943214235E-01
    0.171037379648437467E-06   -0.392888683165121802E+04    0.749841131613191259E+01    0.122457311024692284E+01    0.916766294810605586E+01    0.582882234632851048E-01
    0.642575825096316193E-06   -0.393160070371482607E+04    0.302195618430543522E+01    0.451766195315794938E+01    0.722234049656215760E+01    0.586420479786817772E-01
    0.964850716323086547E-06   -0.393248034751297473E+04    0.165654868347298425E+02    0.234068872567074621E-02    0.142039919984302898E+01    0.733722749040628397E-01
    0.116722332138458051E-05   -0.393292783335238528E+04    0.349889150199315946E+01    0.242599889926241152E+01    0.603088471997992670E+01    0.588231821982316827E-01
    0.147152058256190930E-05   -0.393345783717387667E+04    0.116238320934085385E+00    0.838429172522047850E+01    0.937109625304596960E+01    0.732323318880057084E-01
    0.188373314477167816E-05   -0.393401842233485513E+04    0.114606763267324148E+02    0.502097907252099418E+01    0.498317255579937424E+01    0.589790952261550760E-01
    0.197962926251136239E-05   -0.393418439712712052E+04    0.150052600930291735E+02    0.279968708840746361E+01    0.242892611317044071E+01    0.607445805582025322E-01
    0.258512996200663744E-05   -0.393478479618601841E+04    0.116601284632355213E+02    0.457198829269668838E+01    0.683445246124809103E+01    0.590859604688973583E-01
    0.533177681330226200E-05   -0.393629928037535683E+04    0.228952813755419804E+01    0.275620879605690317E+00    0.713134008810745712E+01    0.727191970632747875E-01
    0.577935123364607069E-05   -0.393652716082122470E+04    0.133509514757093939E+02    0.438970661498334458E+01    0.719019565921700377E+01    0.593443959712935953E-01
    0.100062928864963503E-04   -0.393769167298919911E+04    0.187701665392991259E+02    0.125004175265056288E-01    0.893456582015262768E+01    0.595241982473555531E-01
    0.963260790402821579E-04   -0.394228738947347392E+04    0.676958204969749655E+01    0.223426864221894883E+01    0.389848374417090149E+01    0.603410851882979493E-01
    0.102214495288905898E-03   -0.394247272495565267E+04    0.162392485712347536E+02    0.135035251403518131E+01    0.296831547134854112E+01    0.712096061764457833E-01
    0.105988745154151005E-03   -0.394261191044311727E+04    0.187755569027462528E+02    0.714007126517055646E+01    0.267816577666752664E+01    0.655854307930348046E-01
    0.132008228166554200E-03   -0.394311763979889383E+04    0.171599149703979492E+01    0.188974142074584961E+00    0.346749186515808105E+01    0.713057518005371094E-01
    0.157698624944152858E-03   -0.394353994950406286E+04    0.946497133927072198E+01    0.226858019996487270E+01    0.847121570312026151E+01    0.605375110920005621E-01
    0.170371375497269264E-03   -0.394376120585397666E+04    0.652466569905712923E+01    0.252290973751200109E+01    0.916163295778304487E+01    0.711862652399053442E-01
    0.170727603927240621E-03   -0.394383204994222433E+04    0.105148021699387115E+02    0.132424776846203507E+01    0.533175714579625826E+01    0.711690584185333819E-01
    0.297635522661234204E-03   -0.394501031727431655E+04    0.867015529624148940E+01    0.661629562234114132E+01    0.939164048481509184E+01    0.708922171518577837E-01
    0.443564504616600103E-03   -0.394587493109301067E+04    0.952612042186331820E+01    0.434928257852490563E+00    0.199049674723008785E+01    0.627071801074683410E-01
    0.580214432057424030E-03   -0.394647870677973287E+04    0.115829931612007329E+02    0.862143373919407452E+01    0.867291374927282277E+01    0.705266378582214415E-01
    0.142219822672971005E-02   -0.394833849595627998E+04    0.536527666090490829E+01    0.196885797594458500E+01    0.781824097146704133E+01    0.615809097608941425E-01
    0.228083650215362777E-02   -0.394934983970489247E+04    0.127944304444705779E+02    0.249917314034131133E+01    0.502369306747020339E+01    0.697248279627706857E-01
    0.249245598914356716E-02   -0.394959395897714785E+04    0.177526924700312776E+02    0.115734836517156969E+01    0.563310255599172294E+01    0.619074459054365089E-01
    0.291805089352918049E-02   -0.394997592029541829E+04    0.119319246655900368E+02    0.477891369930370491E+01    0.668502115404524488E+01    0.695353592814513810E-01
    0.302639200637021179E-02   -0.395011549748578091E+04    0.486266812046628782E+01    0.130638620102748293E+01    0.267438867499957311E+01    0.633450008296501110E-01
    0.316127726116884880E-02   -0.395026937413139240E+04    0.827687177439517185E+01    0.717155679701234483E+01    0.908110970513710924E+01    0.694417395371718094E-01
    0.472390182606418577E-02   -0.395113935874538402E+04    0.760429473452047144E+00    0.800345347033652388E+01    0.576502673615927819E+01    0.691395085565960077E-01
    0.544764333612253460E-02   -0.395149112137924658E+04    0.905416290856853578E+01    0.121512766395174099E+01    0.631290670631067741E+01    0.624694056423980015E-01
    0.560441480951981603E-02   -0.395161453113836524E+04    0.366733491458217742E+01    0.815234112200000638E+01    0.862027248849980055E+01    0.689811555061932147E-01
    0.679239137222106739E-02   -0.395206569465280427E+04    0.893394777439029220E+01    0.366636178557052661E+01    0.671059787106792172E+01    0.688127277398746795E-01
    0.822072113541600161E-02   -0.395251407104889313E+04    0.170726710149669394E+02    0.760349717909535450E+01    0.773320545632887857E+01    0.686369138172113757E-01
    0.814577131979721085E-02   -0.395256241971864802E+04    0.524415160394245206E+01    0.467155303537043665E+01    0.775114249702057378E+01    0.628401999854149018E-01
    0.805185146238444373E-02   -0.395260589263367319E+04    0.278569239615482145E+01    0.672468669005359931E+01    0.748328379347313444E+01    0.628564249491236904E-01
    0.806478917755727026E-02   -0.395267577032135614E+04    0.437665646632812599E+00    0.493273508914250858E+01    0.787553110398052780E+01    0.628825989939167940E-01
    0.790547000055841394E-02   -0.395270253169639091E+04    0.163540538659673951E+01    0.464592342694416427E+01    0.391727889125714412E+01    0.681258216987241649E-01
    0.862116390086927614E-02   -0.395294252871077424E+04    0.447745102642238368E+01    0.664698903050491641E+01    0.728563847590289981E+01    0.629851081581114247E-01
    0.836628058301349016E-02   -0.395294917400161057E+04    0.279728460948939484E+01    0.793748640142485495E+01    0.454441233400736166E+01    0.630924542504358588E-01
    0.977760990846127456E-02   -0.395332761198346452E+04    0.139540476205404502E+02    0.350538596796699853E+01    0.341184015000357554E+01    0.678000084454044583E-01
    0.132101251057320061E-01   -0.395399605569109099E+04    0.721453428268432617E+01    0.240474879741668701E+01    0.987038731575012207E+01    0.679686069488525391E-01
    0.134672241837259215E-01   -0.395410127297016152E+04    0.893479262511457151E+01    0.738044943103817541E+01    0.722874186449407574E+01    0.634895379557032236E-01
    0.147606112087649861E-01   -0.395435134630262655E+04    0.615970275903048226E+01    0.289818860929311128E+01    0.408488050098351252E+01    0.637190262544697905E-01
    0.148300572256688506E-01   -0.395442740054288697E+04    0.196731016245523129E+02    0.984047198693676961E+01    0.692399208841846558E+01    0.677363463931521803E-01
    0.153828254358427344E-01   -0.395456725849100894E+04    0.132231051227410230E+02    0.443452381167730447E-01    0.573127957079865347E+01    0.637314218670006483E-01
    0.158533546179231190E-01   -0.395469418409787568E+04    0.500298500195388307E+01    0.415203395468370484E+01    0.726953656179440344E+01    0.675796322987445297E-01
    0.163690903707660491E-01   -0.395482487815903778E+04    0.397922561642206407E+01    0.391288394233376735E+01    0.665215895100784493E+01    0.674977477774876267E-01
    0.173156516824769721E-01   -0.395500397680775495E+04    0.379999194414259067E+01    0.745369015360366038E+00    0.295111736424320092E+01    0.650940339607446461E-01
    0.169257310237318388E-01   -0.395502509186600946E+04    0.958288461711306461E+01    0.722973902293445025E+01    0.780039041502677577E+01    0.673662087820738886E-01
    0.174359297785320194E-01   -0.395515115452701548E+04    0.141492611032732523E+02    0.168168507054037097E+01    0.309380044420581513E+01    0.661126757758003780E-01
    0.170179566542342509E-01   -0.395516929330045423E+04    0.417710248946488172E+00    0.769605226090279970E+01    0.786365781727808510E+01    0.641015927169881206E-01
    0.166432238179479997E-01   -0.395519142815775558E+04    0.196269025129046355E+02    0.670995573036530857E+01    0.599769586354312878E+01    0.641182459794695792E-01
    0.167348427522268084E-01   -0.395526907438960279E+04    0.676205155881002895E+01    0.611420673570951867E+00    0.804323416425721405E+01    0.671906516426623579E-01
    0.171415012287432222E-01   -0.395538376017093105E+04    0.276733699139039446E+01    0.622648267412267131E+01    0.593264225632473341E+01    0.642636444678805763E-01
    0.177468068281527759E-01   -0.395551983305184604E+04    0.334364193764527862E+01    0.607084867922733551E+01    0.992284753907491535E+01    0.643667195327022323E-01
    0.175389300478895893E-01   -0.395556293448183351E+04    0.140417406580852511E+02    0.967536625985164456E+01    0.975101278703318997E+01    0.669489576350856819E-01
    0.171787247752325338E-01   -0.395558809855274512E+04    0.839659928235650277E+01    0.828321617102795393E+01    0.890996221992956450E+01    0.669261815121857673E-01
    0.166606081556472628E-01   -0.395559351612640648E+04    0.197912176910245030E+02    0.322383299773840815E+01    0.555833970988507886E+01    0.669178810106174637E-01
    0.162574354051471179E-01   -0.395561118924808579E+04    0.145682332428412202E+02    0.410400607758196978E+00    0.425858656594719776E+01    0.668928450500343441E-01
    0.157655279607493669E-01   -0.395561640674343198E+04    0.192036574178517156E+02    0.349220430991829378E+01    0.596221536245534089E+01    0.668987240029685903E-01
    0.153047735604044510E-01   -0.395562375140067934E+04    0.737335015288809892E+01    0.687435279494814644E+01    0.491528938730633058E+01    0.645081276849597263E-01
    0.149824698274188227E-01   -0.395564785019203373E+04    0.511075585681993871E+01    0.653703295709399113E+00    0.524323649603718778E+01    0.668674770563473242E-01
    0.145388538194286716E-01   -0.395565440445875993E+04    0.179213438565854446E+02    0.832117151430871616E+01    0.762148706807127496E+01    0.644849297015877010E-01
    0.141524936593560979E-01   -0.395566720352419225E+04    0.847151031857384140E+01    0.240541524217048641E+01    0.924532344052793320E+01    0.668518394787331882E-01
    0.137662156227003236E-01   -0.395567852340760328E+04    0.456530444556202575E+01    0.397434826256301932E+01    0.450991073408470911E+01    0.646176318720688148E-01
    0.133933431071263601E-01   -0.395569027078065210E+04    0.432020004049855011E+01    0.579445719254567848E+01    0.428160141902843172E+01    0.648455317090033123E-01
    0.129580695158069640E-01   -0.395569085929181119E+04    0.122147816354870642E+02    0.288032899088845395E+01    0.899972412971891700E+01    0.668287132760421176E-01
    0.128246701436266347E-01   -0.395573682985490905E+04    0.252762163412523311E+01    0.470224973605314744E+01    0.584733940441673283E+01    0.667740614411231892E-01
    0.125712309245737727E-01   -0.395576357706649469E+04    0.144721147305950719E+02    0.990350529332827856E+00    0.922460628367392133E+01    0.645906069065216304E-01
    0.123299328637247931E-01   -0.395579148159079705E+04    0.102410188055956652E+02    0.990207944642986426E+01    0.819348088383500084E+01    0.667248672691138633E-01
    0.122202132993861519E-01   -0.395584027133011296E+04    0.137454394079577931E+02    0.442286597861245223E+01    0.477830630259312095E+01    0.666248771378483706E-01
    0.118657345038361700E-01   -0.395584806476582798E+04    0.157432471599259429E+02    0.507002480704664293E+01    0.388947457616822767E+01    0.659840431737477306E-01
    0.118216011448758936E-01   -0.395590727877328754E+04    0.274200713152494391E+00    0.379989940962424200E+01    0.519135178703307609E+01    0.665004515120566353E-01
    0.115561744723728255E-01   -0.395592852827400748E+04    0.109521796558399558E+02    0.298033405056564993E+01    0.435440524636677750E+01    0.664534928036724093E-01
    0.114278122658433585E-01   -0.395597285529306100E+04    0.122617596953263952E+02    0.974537927242421986E+01    0.749814645329212937E+01    0.648310949963462058E-01
    0.111192451089138829E-01   -0.395598477664763868E+04    0.426546810002029486E+00    0.873538827211280378E+01    0.759403020595538081E+01    0.664897535521995486E-01
    0.107606798960837892E-01   -0.395598588599325876E+04    0.161449178015760308E+01    0.428198063431316989E+01    0.561824568476903963E+01    0.648695119930438047E-01
    0.104082180915693288E-01   -0.395598594657014473E+04    0.185168468566891740E+02    0.587573759032031084E+01    0.679656541354525245E+01    0.648487586527879412E-01
    0.100959636665193357E-01   -0.395599169326036645E+04    0.488652068230453374E+01    0.151179209723260755E+01    0.821319400112074405E+01    0.664810235235326896E-01
    0.999303758064771022E-02   -0.395603786573018715E+04    0.157032732602450071E+02    0.208863513338555240E+01    0.743355807147597147E+01    0.664138629290902394E-01
    0.971944322636209175E-02   -0.395604901185090057E+04    0.137294132072824162E+02    0.176363406846269943E+01    0.543028427970446259E+01    0.663918917476820081E-01
    0.943591626651494979E-02   -0.395605646842172746E+04    0.733915881088013844E+01    0.899856883986331724E+01    0.900870239759833424E+01    0.663851080750881284E-01
    0.921389205832085466E-02   -0.395607551321600931E+04    0.447420070999289976E+01    0.203574873935111134E+01    0.931629248621442585E+01    0.649798834540267212E-01
    0.898236848621694964E-02   -0.395609128237728783E+04    0.140813483880140247E+02    0.628463851264653783E+01    0.943026724863465660E+01    0.663279690283120615E-01
    0.874112844838648845E-02   -0.395610350043522249E+04    0.316240384015254428E+01    0.403877344944071570E+01    0.721551049295191760E+01    0.663062853305496080E-01
    0.845515681282447973E-02   -0.395610364157091726E+04    0.388678916695119225E+01    0.410715474590786567E+01    0.754293878551369446E+01    0.663063019672540666E-01
    0.823376691201138308E-02   -0.395611724240962849E+04    0.125302709526852887E+02    0.425061835808017430E-01    0.497298787492552741E+01    0.650512765321040742E-01
    0.798359400274878395E-02   -0.395612219921909491E+04    0.185813846267674276E+01    0.290963510633338363E+01    0.447897833055639083E+01    0.658740703742219935E-01
    0.774462149491125535E-02   -0.395612808571660480E+04    0.120452273910228431E+02    0.755198210592425401E+01    0.566836947948917569E+01    0.650849907209472001E-01
    0.750861401607728907E-02   -0.395613285697362790E+04    0.153042226520479314E+02    0.626761555545678251E+00    0.829516862282188328E+01    0.650796665828523579E-01
    0.729382576001461926E-02   -0.395614147825433247E+04    0.932488013699220808E+01    0.338317768335651470E+00    0.952406628641596598E+01    0.650962075591419165E-01
    0.709560288638949165E-02   -0.395615303907388397E+04    0.223452656855133913E+01    0.731773042768613635E+01    0.824075585456898096E+01    0.662122908409679134E-01
    0.689725587271511776E-02   -0.395616300244550075E+04    0.222947676686027707E+01    0.920166824913413284E+00    0.544940728636167826E+01    0.651486776074323704E-01
    0.671591976561770800E-02   -0.395617638343116596E+04    0.940629361516978690E+01    0.875553667897290566E+01    0.705375298134498152E+01    0.651695932712010872E-01
    0.651855798849095350E-02   -0.395618339488118363E+04    0.193792929720687432E+02    0.150210269192012946E+01    0.413565319576630586E+01    0.653421650416079469E-01
    0.631232510407818848E-02   -0.395618576335558009E+04    0.110309863407171367E+02    0.307590088757556224E+01    0.578630414225052903E+01    0.661340804928818304E-01
    0.612966410883615965E-02   -0.395619370175398763E+04    0.161165307287570458E+01    0.831263760925759954E+01    0.565854995345918255E+01    0.660453332318440278E-01
    0.593245103263540484E-02   -0.395619496342346292E+04    0.218547585655738663E+01    0.137378600054593081E+01    0.690716813652453610E+01    0.661171908784492501E-01
    0.574458153187561160E-02   -0.395619726931620016E+04    0.146967030702480201E+02    0.125130258292441066E+01    0.600179590550218833E+01    0.652192986701740640E-01
    0.555901594873989269E-02   -0.395619826405630420E+04    0.179464278589294608E+02    0.883428952128190303E+01    0.898481496197310392E+01    0.652205496934787909E-01
    0.538434583424605984E-02   -0.395620108016100858E+04    0.161809561080308413E+02    0.769436908633196204E+01    0.770920843034623360E+01    0.661021800847683139E-01
    0.522072465750743255E-02   -0.395620602761078771E+04    0.174140059131725131E+02    0.733556645039982325E+01    0.672929056394699998E+01    0.652414420674558571E-01
    0.505365536718671658E-02   -0.395620764547944373E+04    0.158671763383061446E+02    0.930450007933342960E+01    0.931322479435030104E+01    0.652446774946504604E-01
    0.489184639052361522E-02   -0.395620922814743471E+04    0.123642355075841479E+02    0.366432861655024977E+01    0.861145416483591575E+01    0.652488918362892356E-01
    0.473151983412630796E-02   -0.395620924811749273E+04    0.108751963203706392E+02    0.623302003415626604E+01    0.659899888340984475E+01    0.660788092854891485E-01
    0.458242432156478682E-02   -0.395621187821824878E+04    0.180780996998687762E+02    0.543768332481284133E+01    0.884695140012567194E+01    0.652560353643143465E-01
    0.443595208496243808E-02   -0.395621357304909452E+04    0.162771472975910889E+02    0.677517239254080561E+01    0.600314797921544496E+01    0.652676811422161496E-01
    0.430826565175967176E-02   -0.395622182602400790E+04    0.143831511598313462E+02    0.676900397099425088E+01    0.479036430275930414E+01    0.657998137366955227E-01
    0.417465211470558883E-02   -0.395622548390440488E+04    0.629794378616242589E+01    0.411858931129211403E+00    0.673562556414753999E+01    0.652950733102686254E-01
    0.405111311263106882E-02   -0.395623207188500965E+04    0.762753981658422209E+01    0.454906428443573407E+01    0.655381532956811341E+01    0.653175492578774719E-01
    0.392111462803271943E-02   -0.395623350709425449E+04    0.915069151977778539E+01    0.621605871024612178E+01    0.525371727928567367E+01    0.659337519190159593E-01
    0.380165425584506021E-02   -0.395623829445135880E+04    0.146792138504268728E+02    0.543274204032893504E+01    0.719239036791040931E+01    0.653361039410866873E-01
    0.368166490351983042E-02   -0.395624081865165681E+04    0.104397012208485833E+02    0.628547407039211525E+00    0.437597591809900877E+01    0.659192207113279416E-01
    0.356526652253395804E-02   -0.395624323280361568E+04    0.129698039587238405E+02    0.904202023009740152E+01    0.906576364560177694E+01    0.653529809979058740E-01
    0.346168730626519395E-02   -0.395625093410832505E+04    0.185398715468547906E+02    0.799132755244694160E+01    0.602237313425215248E+01    0.653926472848807006E-01
    0.335282924266725639E-02   -0.395625369759195792E+04    0.422877583834136672E+01    0.720219727798852549E+01    0.910049003490230035E+01    0.653930511665541392E-01
    0.324521272221522245E-02   -0.395625511698341188E+04    0.135536808209146571E+02    0.549943017960122837E+01    0.630380402422190400E+01    0.654034559873071242E-01
    0.314455398574197678E-02   -0.395625876597270326E+04    0.134260382093361557E+02    0.602137644641223169E+01    0.925328871621546867E+01    0.654147587254536589E-01
    0.304160666824338346E-02   -0.395625886028324112E+04    0.511177485768599205E+01    0.442441235529654264E+01    0.763093607089310311E+01    0.654154824510941868E-01
    0.295005670890876020E-02   -0.395626440396676571E+04    0.146576561533064087E+02    0.564109121917040213E+01    0.662576381929768132E+01    0.658838819826246258E-01
    0.298228026368071043E-02   -0.395628650193049589E+04    0.143683497013607813E+02    0.725701078272426858E-01    0.890659193123718040E+01    0.656628132640482143E-01
    0.298124734231289311E-02   -0.395628580910474147E+04    0.153151655585415991E+02    0.179141395997774033E+01    0.606197022691442555E+01    0.656773795922629411E-01
    0.297827925898653091E-02   -0.395628381694410837E+04    0.918409900101491949E+01    0.993178773878299337E+00    0.690591695424877727E+01    0.655867748272291884E-01
    0.295191307478188817E-02   -0.395626603245655315E+04    0.822940843907632136E+01    0.297749810902932177E+01    0.750646922632485314E+01    0.654499514160924445E-01
    0.298138152035255137E-02   -0.395628589911741392E+04    0.167878014253689791E+02    0.889333610474560565E+01    0.666497561903392821E+01    0.656599582544294957E-01
    0.298065326409840915E-02   -0.395628541052163473E+04    0.948017271425353059E+01    0.270683604898967767E+01    0.670460836877629873E+01    0.656199455608021953E-01
    0.295742275404620213E-02   -0.395626976193209521E+04    0.505766205946902758E+01    0.581546638341118793E+01    0.544510326347353413E+01    0.656541780333301794E-01
    0.298101450036915251E-02   -0.395628565289426297E+04    0.364438559520929006E+01    0.153278774706623278E+01    0.622877207051984882E+01    0.656630561315973971E-01
    0.297541589243875606E-02   -0.395628189318637760E+04    0.272819838315466134E+00    0.417850154924872630E+01    0.678279619006003998E+01    0.657393095056990617E-01
    0.297352110050553252E-02   -0.395628061914901627E+04    0.455554855115216029E+01    0.245816103250449469E+01    0.705959774651094563E+01    0.655504027477766815E-01
    0.295563071277056945E-02   -0.395626854967089002E+04    0.198527470467446712E+02    0.615831864900073689E+00    0.446972479142878676E+01    0.655300831367864323E-01
    0.298182909588506385E-02   -0.395628619934194876E+04    0.150118649650636549E+02    0.708971201829001352E+01    0.792666447367886917E+01    0.656889605976316293E-01
    0.297766756898361785E-02   -0.395628340613452747E+04    0.987505263266121425E+01    0.546822934282284834E+01    0.624562491244319418E+01    0.657228962692897323E-01
    0.297610029103457423E-02   -0.395628235316906284E+04    0.102388424526187336E+02    0.213807884799993309E+01    0.895604485141088347E+01    0.657599008135107965E-01
    0.295916148338727820E-02   -0.395627093742749685E+04    0.214102801402254572E+01    0.242543531377085220E+01    0.880930009228724487E+01    0.654770934212869360E-01
    0.297072780152265233E-02   -0.395627873948399247E+04    0.148216063957885282E+02    0.650703138034742601E+01    0.688054259019004988E+01    0.655340353127218389E-01
    0.295818401789434745E-02   -0.395627027668155824E+04    0.134740570300320588E+02    0.886552146617569470E+01    0.652667357503774781E+01    0.654789722159128118E-01
    0.296800811567738201E-02   -0.395627690765575608E+04    0.145032320388056535E+01    0.319703443863320658E+01    0.718908908676657177E+01    0.658075275987932695E-01
    0.295685829290246067E-02   -0.395626938017063276E+04    0.155582226344232755E+02    0.499336198095631190E+01    0.613757201932707019E+01    0.654759360724810335E-01
    0.296309236949034160E-02   -0.395627359242120565E+04    0.190311149257370218E+02    0.823507921165167289E+01    0.590584219168909286E+01    0.658068324626757128E-01
    0.297352997244439707E-02   -0.395628062511630242E+04    0.154239601596951577E+02    0.505020570222310194E+01    0.693481673787308495E+01    0.657765225743494053E-01
    0.297312742750532400E-02   -0.395628035434574167E+04    0.170561518560725425E+02    0.757677016830067096E+01    0.782695514905662293E+01    0.655463869769168372E-01
    0.298013720536146514E-02   -0.395628506421941802E+04    0.256365955509446586E+01    0.199568738999379169E+01    0.622135501362348720E+01    0.656722628820869403E-01
    0.296626427481564694E-02   -0.395627573221870352E+04    0.138015535226455821E+02    0.180289036197471786E+01    0.859255035322887650E+01    0.655083718738895815E-01
    0.296875571157839821E-02   -0.395627741136176610E+04    0.738458026653514121E+01    0.568592704769088542E+01    0.679993431301983620E+01    0.655248312747809258E-01
    0.297766500095708597E-02   -0.395628340440966895E+04    0.109327939661721434E+02    0.256681710629891535E+01    0.608118277832538823E+01    0.657319226148711522E-01
    0.295506933737496721E-02   -0.395626816976638293E+04    0.629099049961891765E+01    0.123368606212595200E+01    0.932187237854835260E+01    0.658663570389572683E-01
    0.298224311514703978E-02   -0.395628647701750197E+04    0.140713947169600928E+02    0.578782032139307390E+01    0.839154419499408988E+01    0.656707398377007756E-01
    0.297384583617206011E-02   -0.395628083755535999E+04    0.115675106979541926E+02    0.278617827102706528E+01    0.624780123984780644E+01    0.655580247321940757E-01
    0.298227545060706723E-02   -0.395628649870271238E+04    0.139088757845289024E+02    0.422716967933736232E+01    0.886539830804430906E+01    0.656605256861375608E-01
