    0.170594797389625938E+02    0.168250780370764375E+02    0.128258645542009564E+01    0.159349945153988894E+02    0.174211830296180747E+01    0.176469226494864961E+01    0.230013473796336632E-02    0.106918464975140205E+04
    0.148954889764305385E+02    0.171002391025191365E+02    0.130032100677252505E+01    0.137001249775456397E+02    0.104552429372729794E+00    0.154085533825445919E+01    0.321144334102480000E-02    0.107238143391089534E+04
    0.193984367784845197E+02    0.164718638734409097E+02    0.127575409001137929E+01    0.812938709320798836E+01    0.271540060717153064E+01    0.169779404547649526E+01    0.941998314496372835E-03    0.107238623050549950E+04
    0.166558945328322139E+02    0.160497985972485466E+02    0.127533817541107286E+01    0.119480931631252645E+02    0.602927042367221722E+00    0.148589896534906973E+01    0.274907581689576297E-03    0.107344871524559767E+04
    0.189069071218206126E+02    0.170401247252154455E+02    0.128716681128978494E+01    0.113418934999124765E+02    0.232233364095864081E+01    0.173037653819325121E+01    0.234432747506790884E-02    0.107420630214153834E+04
    0.161485237129801362E+02    0.166391811271480776E+02    0.128534441927622556E+01    0.121625781663043693E+02    0.346294035475789697E+01    0.220096162432770104E+01    0.165099753642700131E-02    0.107504668303854214E+04
    0.201706928069738396E+02    0.168009722468843847E+02    0.128569348009051421E+01    0.244581871218556373E+02    0.268161213444418634E+01    0.184329106683936561E+01    0.222338646737701984E-02    0.107560981545219784E+04
    0.162310008355653324E+02    0.177751890085872830E+02    0.129954540245574202E+01    0.223275364488729586E+02    0.383310864046215238E+01    0.236777336896322588E+01    0.367064102642800094E-02    0.107574687922518933E+04
    0.156579855864294579E+02    0.170628574868284915E+02    0.130121324069218947E+01    0.214111027950570616E+02    0.266645492015008934E+01    0.184634634680326570E+01    0.276770582357616091E-02    0.107601882549560787E+04
    0.196409768498312509E+02    0.171929344214085482E+02    0.128426735522195923E+01    0.163146128303191382E+02    0.208621856979779441E+01    0.163125392271382097E+01    0.196827880793393195E-02    0.107604796551041500E+04
    0.169025141706632631E+02    0.168632200319100960E+02    0.128886406759657079E+01    0.235292134344063122E+02    0.150122051561016834E+01    0.190944617546724116E+01    0.214545062518806118E-02    0.107609823058742290E+04
    0.191472939005089984E+02    0.168431780855228368E+02    0.128508282773375893E+01    0.168460397282748886E+02    0.186000071806618772E+01    0.179057458251278812E+01    0.203358077198412257E-02    0.107632382732882638E+04
    0.153147434951818191E+02    0.171741803221891587E+02    0.128528250503807717E+01    0.160625892742090421E+02    0.511189417608895802E+01    0.255425552374153542E+01    0.179676090690483736E-02    0.107644740328163016E+04
    0.171980355790171586E+02    0.168854753529073811E+02    0.128227948766957933E+01    0.131723032919958047E+02    0.398011930533765179E+01    0.244052324359133399E+01    0.174256156083912872E-02    0.107649335957112862E+04
    0.160529508878498177E+02    0.161955940145097621E+02    0.128785504204985779E+01    0.128902397481676516E+02    0.232878393302917264E+01    0.195784899066763662E+01    0.733278768820067040E-03    0.107663308918300345E+04
    0.161293530723115666E+02    0.163712291012826370E+02    0.129400622639120488E+01    0.166954004498706503E+02    0.299806045954013811E+01    0.208457094273593002E+01    0.139862997826950552E-02    0.107664910835238766E+04
    0.177094930170402094E+02    0.167029854105500206E+02    0.127289762274435159E+01    0.179203413809607177E+02    0.196531504461010886E+01    0.169603067557340004E+01    0.393318060867564601E-03    0.107671324293402154E+04
    0.176337268496013841E+02    0.168455080235072110E+02    0.127502833736818433E+01    0.229776236966243275E+02    0.137567708637913344E+01    0.153598883735052061E+01    0.576957682297152274E-03    0.107676738318603952E+04
    0.152192151946906034E+02    0.165877288907535103E+02    0.129111050117657689E+01    0.168196855743658134E+02    0.240556071978839148E+01    0.218942051949804917E+01    0.153600667533976276E-02    0.107687785686722327E+04
    0.170802437670169809E+02    0.161993676271838396E+02    0.127730227892762871E+01    0.174681037783049540E+02    0.161539633272241545E+01    0.177182813680743956E+01    0.313218828637218394E-03    0.107691887085126655E+04
    0.180465154172256774E+02    0.175199756827674733E+02    0.129209759744635333E+01    0.168954210503494444E+02    0.375340753813500250E+01    0.234884493830960084E+01    0.306969396400574857E-02    0.107699820753379981E+04
    0.174442714267419916E+02    0.164988150081901033E+02    0.126948029016431474E+01    0.135483313231819373E+02    0.384541829004149660E+01    0.245264534694640979E+01    0.271761719671248514E-03    0.107704794945299591E+04
    0.170606601291754956E+02    0.165960464324177295E+02    0.129155137391602004E+01    0.157756093985610679E+02    0.281989002500580099E+01    0.171898021858933703E+01    0.136243099700578130E-02    0.107716111498113037E+04
    0.182365620861502542E+02    0.167057487273067906E+02    0.127065202399939858E+01    0.185858402395376707E+02    0.405325925937139431E+01    0.223925253547672831E+01    0.557699918762033509E-03    0.107722417976565021E+04
    0.163549102430075877E+02    0.170952395703322146E+02    0.129120927899690563E+01    0.225208931188511201E+02    0.160535741641143859E+01    0.189301334086521389E+01    0.227296456317016560E-02    0.107731140768563228E+04
    0.201591815400174035E+02    0.168062896206136294E+02    0.128097033269742511E+01    0.151915128952917495E+02    0.195644309307290820E+01    0.189572593919588828E+01    0.176558756797173810E-02    0.107741360290616058E+04
    0.187251438451155394E+02    0.168261402719966568E+02    0.128029170907132017E+01    0.145986201467535501E+02    0.217075248421396205E+01    0.172692946850889473E+01    0.124080166340706510E-02    0.107749082370395126E+04
    0.205609084873855217E+02    0.169037753249544984E+02    0.128929929047571412E+01    0.134148097826387573E+02    0.332893945468647079E+01    0.213814596300122295E+01    0.258984968042536012E-02    0.107751003595082329E+04
    0.178047892950146718E+02    0.162358346283172885E+02    0.128077829914929331E+01    0.139214298954929436E+02    0.271617388258609216E+01    0.209151353073941326E+01    0.747955811380818236E-03    0.107760945844659864E+04
    0.163203048404649813E+02    0.171757024976977384E+02    0.129220393172375592E+01    0.212252749789773034E+02    0.279205608159795382E+01    0.232446781231976418E+01    0.248304253554831877E-02    0.107762154578064428E+04
    0.198328228463027614E+02    0.171548944445747225E+02    0.129294409353001094E+01    0.121208270323176315E+02    0.351207719913917016E+01    0.216123954250596428E+01    0.299358984181219423E-02    0.107763488072319205E+04
    0.168376419772501222E+02    0.164201876484758280E+02    0.129012188424958918E+01    0.147538942909506456E+02    0.232572344837069744E+01    0.182521186415406822E+01    0.116873445524023900E-02    0.107765045244869225E+04
    0.172927433600354661E+02    0.172499361248103327E+02    0.128879809810185297E+01    0.258611026628557212E+02    0.238871115517835086E+01    0.242525509421133423E+01    0.245360214035933444E-02    0.107765354891024981E+04
    0.187554583004997752E+02    0.162310926339460266E+02    0.127696681106760579E+01    0.897245236221134945E+01    0.278055199873454839E+01    0.237310862593501870E+01    0.726086810921344750E-03    0.107776198160954073E+04
    0.162792278847694725E+02    0.164837715900978239E+02    0.128450438054146199E+01    0.166109078786858930E+02    0.231438985071389780E+01    0.207152599466036280E+01    0.105955067129931413E-02    0.107787961404082853E+04
    0.198373161596111771E+02    0.165983873307876415E+02    0.128393792987083355E+01    0.144958599027679504E+02    0.172767619926584981E+01    0.175275500035906795E+01    0.154788935349242651E-02    0.107788529812503702E+04
    0.216819336857298737E+02    0.170107279452684459E+02    0.128641926098994186E+01    0.174865359432548182E+02    0.269908289217110831E+01    0.209467631716197999E+01    0.259235165420079738E-02    0.107788791440423620E+04
    0.199780996785225007E+02    0.166358525298098883E+02    0.127494044466220413E+01    0.126266800785349300E+02    0.374866475706706792E+01    0.238040670163054635E+01    0.119044502662285501E-02    0.107791033058134462E+04
    0.198872832402760693E+02    0.163423737364873958E+02    0.126694720424218188E+01    0.137292968866357743E+02    0.381796213588165179E+01    0.243287908756453497E+01    0.230639540009180966E-03    0.107796974477073491E+04
    0.155313135986171034E+02    0.166711234906419961E+02    0.128803277960027796E+01    0.194708051451489688E+02    0.141627953292994047E+01    0.165144286123109141E+01    0.113766491244088330E-02    0.107798155756496499E+04
    0.166126382012393492E+02    0.164615965577694148E+02    0.129079429256835221E+01    0.148565128641508988E+02    0.363335111811091682E+01    0.230225651488356275E+01    0.144900707003586815E-02    0.107800456152238212E+04
    0.199473858452611204E+02    0.170453198022636592E+02    0.129034735190367167E+01    0.866564322836603829E+01    0.325609013443335726E+01    0.231512016134292509E+01    0.272895960909785851E-02    0.107806708380078362E+04
    0.198782033311286490E+02    0.170175478021620421E+02    0.128258722660243540E+01    0.188523950432846519E+02    0.140955350657375522E+01    0.185998925884943356E+01    0.197642296345168500E-02    0.107821070370764483E+04
    0.158025992828231843E+02    0.163840679286313140E+02    0.127909933589876212E+01    0.219158267740775656E+02    0.159241815847012957E+01    0.194730844173897211E+01    0.403558491505751071E-03    0.107822499664862289E+04
    0.140341392618515997E+02    0.165577572616220863E+02    0.128727223394637669E+01    0.210445015706920735E+02    0.247694176173991387E+01    0.198022109988697603E+01    0.722362298364753741E-03    0.107824057826171224E+04
    0.214245966439341409E+02    0.167323273957154761E+02    0.128518253423892892E+01    0.192788793380924801E+02    0.313597551025087640E+01    0.223622783286097526E+01    0.219556993932168432E-02    0.107831161209212905E+04
    0.156409509814841137E+02    0.164249261948085312E+02    0.128401143585457889E+01    0.178165808578599680E+02    0.279920503183940772E+01    0.222848403134739526E+01    0.796831959392285682E-03    0.107832659459053593E+04
    0.186513141958375073E+02    0.162216047214369752E+02    0.127496470494868763E+01    0.533001804157680503E+01    0.296632937334224156E+01    0.230835541895204432E+01    0.439406260089370004E-03    0.107833779848664813E+04
    0.183990659240463366E+02    0.164540063508929038E+02    0.127153998211266916E+01    0.217224080190079825E+02    0.332063036881008689E+01    0.224600187904326321E+01    0.413008376461576621E-03    0.107841827024385566E+04
    0.168584406144564625E+02    0.170902770807459135E+02    0.128549994662098577E+01    0.196583093903781716E+02    0.157961284101076460E+01    0.178608548579138215E+01    0.166600028624408480E-02    0.107846951830928811E+04
    0.189980097655388676E+02    0.167645803184608546E+02    0.128607568362584201E+01    0.138031079225856885E+02    0.321287998288782983E+01    0.225185773072663586E+01    0.194240212408730573E-02    0.107856717186074366E+04
    0.213604693072766061E+02    0.170874319915544675E+02    0.128351654673623239E+01    0.183349204776145953E+02    0.251120471315040295E+01    0.215137547524121420E+01    0.232351509772743547E-02    0.107861578814430527E+04
    0.208241529063185773E+02    0.174452982003499422E+02    0.129530427119728619E+01    0.225970386809451043E+02    0.323141152387675223E+01    0.238215212558734368E+01    0.353643991148983039E-02    0.107862475626945934E+04
    0.192476159231169923E+02    0.165679304226634478E+02    0.128775506678947838E+01    0.112180702409526738E+02    0.359572574693285940E+01    0.205540806347294325E+01    0.164252293430849905E-02    0.107865626204830301E+04
    0.156164120706289360E+02    0.168303221071746840E+02    0.128818630935599687E+01    0.263826162448777026E+02    0.189636566963386466E+01    0.196882764534248600E+01    0.149200519180076041E-02    0.107867619614434943E+04
    0.175811564523750192E+02    0.165654196714290265E+02    0.127811230130143638E+01    0.171294847408208497E+02    0.355710174167440352E+01    0.237783668454075903E+01    0.926990777541714106E-03    0.107868121525700417E+04
    0.176768295852703581E+02    0.170728230177934606E+02    0.128578279999908429E+01    0.258017047874796752E+02    0.238762899719506416E+01    0.224321987045838123E+01    0.199877523916797140E-02    0.107870190493093810E+04
    0.179470766491638081E+02    0.170363893363427863E+02    0.128810666359987969E+01    0.194652614915959141E+02    0.211455377059132532E+01    0.176478470051112235E+01    0.189753001098036389E-02    0.107873821265265292E+04
    0.171478925639180879E+02    0.165351862918349504E+02    0.127331667435457185E+01    0.150891151386715485E+02    0.305875416071159245E+01    0.222045687677968084E+01    0.340302565537242696E-03    0.107879233744806015E+04
    0.193655145260815189E+02    0.165530290196740459E+02    0.128018433749784433E+01    0.113893942349605588E+02    0.429904079209026335E+01    0.236053622646238725E+01    0.130943814147227444E-02    0.107885987322772758E+04
    0.208781133099023322E+02    0.171542152076276722E+02    0.129785034526731136E+01    0.158011921047933726E+02    0.335274462081673086E+01    0.222117561576856559E+01    0.333648143124520846E-02    0.107888356761429304E+04
    0.208781133099023322E+02    0.171542152076276722E+02    0.129785034526731136E+01    0.158011921047933726E+02    0.335274462081673086E+01    0.222117561576856559E+01    0.333648143124520846E-02    0.107888356761429304E+04
    0.167797512835847940E+02    0.165124716447322442E+02    0.129013985155103050E+01    0.171168174552538446E+02    0.305905277033540024E+01    0.199928750848161241E+01    0.129276274187589690E-02    0.107889974031344400E+04
    0.167797512835847940E+02    0.165124716447322442E+02    0.129013985155103050E+01    0.171168174552538446E+02    0.305905277033540024E+01    0.199928750848161241E+01    0.129276274187589690E-02    0.107889974031344400E+04
    0.182690043010885184E+02    0.175306813899599483E+02    0.129020108816134838E+01    0.182475419585594096E+02    0.393694067095669586E+01    0.240119305916061432E+01    0.272370561391432897E-02    0.107895162385305275E+04
    0.197392506506282857E+02    0.169656098764847059E+02    0.128947929756844459E+01    0.781916711693815092E+01    0.363107179097989397E+01    0.229102446991936137E+01    0.242545270256439016E-02    0.107896264692453838E+04
    0.201230076350893086E+02    0.166548856598131358E+02    0.128725592798888733E+01    0.100616463202065312E+02    0.305181407904621160E+01    0.213286274929852526E+01    0.190535801609142963E-02    0.107896594260061329E+04
    0.154468377044214620E+02    0.168983587338250487E+02    0.128878521109768740E+01    0.198492408763317059E+02    0.228805967540369082E+01    0.188213577499577811E+01    0.142625211139535413E-02    0.107899260515162769E+04
    0.164559496713852518E+02    0.161870678384978355E+02    0.128375265200240252E+01    0.170473325586434257E+02    0.267977188535949651E+01    0.209815527359132892E+01    0.393607897829939546E-03    0.107900283163773247E+04
    0.193101764475286295E+02    0.174434178176489638E+02    0.129342328950105712E+01    0.181465279008372455E+02    0.344952616336006068E+01    0.219798866442718577E+01    0.306818778742362630E-02    0.107901134495874498E+04
    0.188130039603742318E+02    0.162134442432473627E+02    0.127538934877170496E+01    0.121672772726895033E+02    0.374565576180142390E+01    0.230966852261867661E+01    0.424295076676128868E-03    0.107903736741181751E+04
    0.188130039603742318E+02    0.162134442432473627E+02    0.127538934877170496E+01    0.121672772726895033E+02    0.374565576180142390E+01    0.230966852261867661E+01    0.424295076676128868E-03    0.107903736741181751E+04
    0.158005121147572201E+02    0.168887748178427017E+02    0.129404443949687620E+01    0.194049196509915483E+02    0.237310381816542471E+01    0.199410560093146483E+01    0.192030558151556896E-02    0.107908500461647009E+04
    0.200348250106478716E+02    0.170294809135675500E+02    0.128309782520088289E+01    0.203134194240989174E+02    0.770418759036252565E+00    0.177238752790572884E+01    0.198645236925110158E-02    0.107911709141133792E+04
    0.197766572672340217E+02    0.163997989442175012E+02    0.127557528917726692E+01    0.136848422819531237E+02    0.314503821436232656E+01    0.202345480823997992E+01    0.661834656463522464E-03    0.107911799232585668E+04
    0.208581463941416096E+02    0.170196983951261558E+02    0.128531980305190285E+01    0.123965946316159954E+02    0.307041431329763803E+01    0.217981549801143348E+01    0.227853091771990091E-02    0.107912709124485264E+04
    0.146531900637653933E+02    0.166114175314349843E+02    0.129029643079016543E+01    0.189030832244225202E+02    0.345292154776678384E+01    0.212652116835083183E+01    0.107490310094010555E-02    0.107913276113162647E+04
    0.174728775087895976E+02    0.169213119142585491E+02    0.129061888491052401E+01    0.140199397261352541E+02    0.346140855615135656E+01    0.189327019819381781E+01    0.179192019452889539E-02    0.107913462215073196E+04
    0.174728775087895976E+02    0.169213119142585491E+02    0.129061888491052401E+01    0.140199397261352541E+02    0.346140855615135656E+01    0.189327019819381781E+01    0.179192019452889539E-02    0.107913462215073196E+04
    0.197792146280778418E+02    0.164736667724071069E+02    0.127390994826428239E+01    0.191889408714595575E+02    0.269815363429391875E+01    0.223244632506392593E+01    0.766850697526966218E-03    0.107919294350639439E+04
    0.172607693876948929E+02    0.165603028021394927E+02    0.127528657167035142E+01    0.103792791050948985E+02    0.420397112990749644E+01    0.207017493391411911E+01    0.303966454609450043E-03    0.107920212368390594E+04
    0.191624969245837988E+02    0.169441192174924566E+02    0.128452880306439976E+01    0.159981675487222539E+02    0.375738623075034273E+01    0.238500708932021954E+01    0.197816072380085917E-02    0.107926902716541281E+04
    0.191624969245837988E+02    0.169441192174924566E+02    0.128452880306439976E+01    0.159981675487222539E+02    0.375738623075034273E+01    0.238500708932021954E+01    0.197816072380085917E-02    0.107926902716541281E+04
    0.190699455466132939E+02    0.162557843604823091E+02    0.127476629797569618E+01    0.134101066272892755E+02    0.402035564632766906E+01    0.230788301774367532E+01    0.448075089279575955E-03    0.107928330159033089E+04
    0.169502326939237804E+02    0.167052709780322601E+02    0.128601457671484343E+01    0.217779016542351869E+02    0.233796773195753627E+01    0.191736514202330666E+01    0.131627337898609920E-02    0.107928700901963384E+04
    0.181773813313764840E+02    0.167505029838724866E+02    0.128002694860463562E+01    0.184248813799090918E+02    0.354480652834239152E+01    0.247905330049949146E+01    0.129723412389437520E-02    0.107935380223662355E+04
    0.150038671975696243E+02    0.164193192823123475E+02    0.128677808924464077E+01    0.188824695092310506E+02    0.233944444276906971E+01    0.198008402096415725E+01    0.574595808315703227E-03    0.107939013575729678E+04
    0.189886037794184190E+02    0.163703525384573609E+02    0.127641373265351543E+01    0.999352820457939117E+01    0.272252263522159987E+01    0.205986363498704694E+01    0.577182621051386402E-03    0.107939859962380251E+04
    0.189798164826028746E+02    0.171375186526868468E+02    0.129236927977300420E+01    0.153883971417792296E+02    0.221934094996076059E+01    0.175058036979765363E+01    0.232628777210119875E-02    0.107940876340898785E+04
    0.189798164826028746E+02    0.171375186526868468E+02    0.129236927977300420E+01    0.153883971417792296E+02    0.221934094996076059E+01    0.175058036979765363E+01    0.232628777210119875E-02    0.107940876340898785E+04
    0.193851946002471465E+02    0.164184531289344093E+02    0.127569139676704979E+01    0.112263181821072724E+02    0.287044058592062123E+01    0.216300795227504095E+01    0.700903462302893132E-03    0.107944814339617687E+04
    0.193851946002471465E+02    0.164184531289344093E+02    0.127569139676704979E+01    0.112263181821072724E+02    0.287044058592062123E+01    0.216300795227504095E+01    0.700903462302893132E-03    0.107944814339617687E+04
    0.167068146388293179E+02    0.164642692992374293E+02    0.127672412721706441E+01    0.148386933171577908E+02    0.344112462452906254E+01    0.233931870738658398E+01    0.428806905572842734E-03    0.107946632881649839E+04
    0.167068146388293179E+02    0.164642692992374293E+02    0.127672412721706441E+01    0.148386933171577908E+02    0.344112462452906254E+01    0.233931870738658398E+01    0.428806905572842734E-03    0.107946632881649839E+04
    0.156148081508615491E+02    0.166532700476040354E+02    0.128894234982383638E+01    0.155340317662686846E+02    0.449980350575747678E+01    0.235737141306312559E+01    0.129725398855418117E-02    0.107947353575587340E+04
    0.174351876138691004E+02    0.168620836434071819E+02    0.127916509348600149E+01    0.136874600398892614E+02    0.395732932897216516E+01    0.236281489444764059E+01    0.111188418554197810E-02    0.107948809853589228E+04
    0.197490372748052749E+02    0.171072539423021475E+02    0.128392106434568465E+01    0.210830813544596651E+02    0.155274307006749934E+01    0.192607616083436706E+01    0.200919849017106023E-02    0.107950045174293723E+04
    0.181312866776960888E+02    0.171142641705500367E+02    0.129054258964850010E+01    0.223158903996517104E+02    0.328504890020035489E+01    0.229122463646962782E+01    0.239857562534029345E-02    0.107952645961291523E+04
    0.174397075810519091E+02    0.166362473866957252E+02    0.127555876781847677E+01    0.125325849080963732E+02    0.414431357429771818E+01    0.220211079682950528E+01    0.529540631885483393E-03    0.107953414058719500E+04
    0.174397075810519091E+02    0.166362473866957252E+02    0.127555876781847677E+01    0.125325849080963732E+02    0.414431357429771818E+01    0.220211079682950528E+01    0.529540631885483393E-03    0.107953414058719500E+04
    0.178115845176794281E+02    0.172707762592670164E+02    0.128753577240618333E+01    0.232909812502986284E+02    0.371786199811387164E+01    0.217700119712708373E+01    0.213827861370385897E-02    0.107954016857438342E+04
    0.180238848527026576E+02    0.164567675527275199E+02    0.127217929948227693E+01    0.147002389155857021E+02    0.320552187000972655E+01    0.230986775349439633E+01    0.274144217899008336E-03    0.107954827481201028E+04
    0.194288891237107322E+02    0.164915122180368527E+02    0.127792508335662847E+01    0.181092692585457726E+02    0.360276265144696017E+01    0.239329333594330151E+01    0.102936109482815175E-02    0.107958178143983764E+04
    0.194288891237107322E+02    0.164915122180368527E+02    0.127792508335662847E+01    0.181092692585457726E+02    0.360276265144696017E+01    0.239329333594330151E+01    0.102936109482815175E-02    0.107958178143983764E+04
    0.178214213044282417E+02    0.165726387982699528E+02    0.127766033496696552E+01    0.193286130069769904E+02    0.316577936638551760E+01    0.226104413602331045E+01    0.805756617892727789E-03    0.107958487598674628E+04
    0.166178671220675156E+02    0.172392571170069040E+02    0.129336407702346601E+01    0.208871793142116395E+02    0.183171680626372191E+01    0.197523558506122399E+01    0.236621830287553347E-02    0.107961749011491725E+04
    0.147648053587184513E+02    0.170570809391527689E+02    0.129656645332337228E+01    0.213889958203329655E+02    0.365125551090224576E+01    0.234886128141636519E+01    0.209478493931053444E-02    0.107964992798555409E+04
    0.151356949799976430E+02    0.169121455959398048E+02    0.129694426867065249E+01    0.160909957478924177E+02    0.372645297174600110E+01    0.222563175672386571E+01    0.197192002616325412E-02    0.107965609275721999E+04
    0.193022462438392282E+02    0.168303657609832982E+02    0.128413735349542657E+01    0.167618780769484701E+02    0.375117440911801259E+01    0.210805411262617781E+01    0.168372170162900403E-02    0.107968235338463205E+04
    0.193022462438392282E+02    0.168303657609832982E+02    0.128413735349542657E+01    0.167618780769484701E+02    0.375117440911801259E+01    0.210805411262617781E+01    0.168372170162900403E-02    0.107968235338463205E+04
    0.205108676271708497E+02    0.165042987037260502E+02    0.127929589519777442E+01    0.165094315058707011E+02    0.351514090995606310E+01    0.229861019498634089E+01    0.124468978647668260E-02    0.107972104119064306E+04
    0.205108676271708497E+02    0.165042987037260502E+02    0.127929589519777442E+01    0.165094315058707011E+02    0.351514090995606310E+01    0.229861019498634089E+01    0.124468978647668260E-02    0.107972104119064306E+04
    0.177449786406705883E+02    0.163837386176685378E+02    0.127180988374751291E+01    0.131481637893678158E+02    0.320059707992230447E+01    0.211824405552599559E+01    0.172875942577865871E-05    0.107974857944131031E+04
    0.177449786406705883E+02    0.163837386176685378E+02    0.127180988374751291E+01    0.131481637893678158E+02    0.320059707992230447E+01    0.211824405552599559E+01    0.172875942577865871E-05    0.107974857944131031E+04
    0.212859498212986509E+02    0.166643944871111707E+02    0.128005501252594600E+01    0.145759629926183738E+02    0.283840802938404302E+01    0.230918043204123924E+01    0.158300234038444287E-02    0.107976543529992364E+04
    0.181855601981488668E+02    0.165926060613381523E+02    0.127212675328017122E+01    0.156334335928356065E+02    0.417792548722510304E+01    0.223302015474685467E+01    0.311218166561877396E-03    0.107979954191458910E+04
    0.214487811592498190E+02    0.167572523535652245E+02    0.128123969595228449E+01    0.144664072980631246E+02    0.350611925293702376E+01    0.238844512549976473E+01    0.179031133755347405E-02    0.107980810303186377E+04
    0.154863945259488673E+02    0.163895016105780513E+02    0.127780277706038570E+01    0.160218703939015761E+02    0.491332710887608126E+01    0.228259219151606896E+01    0.716063908626218826E-04    0.107985939185376583E+04
    0.175407431609815561E+02    0.164756075949819163E+02    0.128148574377498270E+01    0.128065284342489463E+02    0.361335376748338444E+01    0.210840721723476721E+01    0.777693062194662055E-03    0.107985982482387840E+04
    0.215679982898630733E+02    0.171207899949447402E+02    0.128551336123515725E+01    0.149585138443804695E+02    0.158638936149658005E+01    0.195577990581083783E+01    0.235080762908335128E-02    0.107986025306973693E+04
    0.185199506603989903E+02    0.167818120886810007E+02    0.128154905508115435E+01    0.182266190993216028E+02    0.147835806901428501E+01    0.184286716214233004E+01    0.128023742499827620E-02    0.107986808003594638E+04
    0.185199506603989903E+02    0.167818120886810007E+02    0.128154905508115435E+01    0.182266190993216028E+02    0.147835806901428501E+01    0.184286716214233004E+01    0.128023742499827620E-02    0.107986808003594638E+04
    0.188906437825746423E+02    0.163015438665904533E+02    0.127470886772033487E+01    0.117359488994068624E+02    0.352463963894363319E+01    0.226316671177358986E+01    0.385371883300678064E-03    0.107987020285029712E+04
    0.188906437825746423E+02    0.163015438665904533E+02    0.127470886772033487E+01    0.117359488994068624E+02    0.352463963894363319E+01    0.226316671177358986E+01    0.385371883300678064E-03    0.107987020285029712E+04
    0.207878643158742769E+02    0.174338257038397515E+02    0.129168165424969539E+01    0.163149239672968136E+02    0.166554071700687811E+01    0.205384174299077493E+01    0.302458498884972116E-02    0.107987029979812178E+04
    0.167618911368713803E+02    0.172947335701157066E+02    0.129380530918500636E+01    0.321615952921996922E+02    0.211861595348267251E+01    0.237328127147215184E+01    0.253987906941355313E-02    0.107988437940970971E+04
    0.141824019956627296E+02    0.170157091394690561E+02    0.129608745595411690E+01    0.177986342200131133E+02    0.349544871104354815E+01    0.198533606655911088E+01    0.165200524325909148E-02    0.107990982978271586E+04
    0.200506460532133381E+02    0.171790810821346476E+02    0.128593514159229017E+01    0.158048430720593487E+02    0.226739234793307087E+01    0.183402943485637215E+01    0.202745551427330195E-02    0.107998218976072963E+04
    0.168877461452315636E+02    0.166513772459963363E+02    0.127844931639480786E+01    0.134557899361653472E+02    0.353949566847310670E+01    0.211985111973875817E+01    0.608831620181216060E-03    0.108001913710471081E+04
    0.185191149115424061E+02    0.165485015892838874E+02    0.127883846480145502E+01    0.167317966564103493E+02    0.279920059872285876E+01    0.192865917351275984E+01    0.725885099551293322E-03    0.108003493305868687E+04
    0.185191149115424061E+02    0.165485015892838874E+02    0.127883846480145502E+01    0.167317966564103493E+02    0.279920059872285876E+01    0.192865917351275984E+01    0.725885099551293322E-03    0.108003493305868687E+04
    0.152059001108601599E+02    0.164820532690158004E+02    0.128150482629674523E+01    0.159867853077917523E+02    0.394824469157116731E+01    0.222564426271817961E+01    0.361378412720547715E-03    0.108006378526757771E+04
    0.184076534719447231E+02    0.169089177561425466E+02    0.129095667318214069E+01    0.157764386496605091E+02    0.275180413131274015E+01    0.214844865996709666E+01    0.214168308621093262E-02    0.108007710095316133E+04
    0.184076534719447231E+02    0.169089177561425466E+02    0.129095667318214069E+01    0.157764386496605091E+02    0.275180413131274015E+01    0.214844865996709666E+01    0.214168308621093262E-02    0.108007710095316133E+04
    0.170083703230131746E+02    0.163778595088502925E+02    0.128378839113414522E+01    0.166461854433858996E+02    0.295653829580945970E+01    0.219052526943101977E+01    0.732043994054631941E-03    0.108011676691257981E+04
    0.170083703230131746E+02    0.163778595088502925E+02    0.128378839113414522E+01    0.166461854433858996E+02    0.295653829580945970E+01    0.219052526943101977E+01    0.732043994054631941E-03    0.108011676691257981E+04
    0.172553292245958971E+02    0.165963426873717559E+02    0.128042594968276946E+01    0.164972608498682440E+02    0.314918651153423301E+01    0.222605491042492343E+01    0.860296359408541100E-03    0.108012937315529189E+04
    0.172553292245958971E+02    0.165963426873717559E+02    0.128042594968276946E+01    0.164972608498682440E+02    0.314918651153423301E+01    0.222605491042492343E+01    0.860296359408541100E-03    0.108012937315529189E+04
    0.166224642182520839E+02    0.169539066189694729E+02    0.129286497133298117E+01    0.207055927588112851E+02    0.340876618038730594E+01    0.231895513211877313E+01    0.206298512343844331E-02    0.108013662674388411E+04
    0.166224642182520839E+02    0.169539066189694729E+02    0.129286497133298117E+01    0.207055927588112851E+02    0.340876618038730594E+01    0.231895513211877313E+01    0.206298512343844331E-02    0.108013662674388411E+04
    0.185539915577285370E+02    0.174263452226298661E+02    0.129872656318409119E+01    0.189731715692577758E+02    0.297415093456758184E+01    0.201648293704213710E+01    0.313937211395010074E-02    0.108016133570256125E+04
    0.153302238904902079E+02    0.169952122356920299E+02    0.129615448529240429E+01    0.172297208265735478E+02    0.305886734894863999E+01    0.207691696650970936E+01    0.196553160030993324E-02    0.108016480476701827E+04
    0.153302238904902079E+02    0.169952122356920299E+02    0.129615448529240429E+01    0.172297208265735478E+02    0.305886734894863999E+01    0.207691696650970936E+01    0.196553160030993324E-02    0.108016480476701827E+04
    0.183236080085294262E+02    0.166014834548901504E+02    0.127663482905642134E+01    0.149699632799217000E+02    0.513877749809399909E+01    0.235937601792234197E+01    0.737459474526191983E-03    0.108027250880459633E+04
    0.183236080085294262E+02    0.166014834548901504E+02    0.127663482905642134E+01    0.149699632799217000E+02    0.513877749809399909E+01    0.235937601792234197E+01    0.737459474526191983E-03    0.108027250880459633E+04
    0.158201430669064145E+02    0.164076386297281545E+02    0.127920872894533844E+01    0.155314267118363922E+02    0.353347529223835766E+01    0.210764837490109835E+01    0.153205567955561062E-03    0.108029553830391478E+04
    0.158201430669064145E+02    0.164076386297281545E+02    0.127920872894533844E+01    0.155314267118363922E+02    0.353347529223835766E+01    0.210764837490109835E+01    0.153205567955561062E-03    0.108029553830391478E+04
    0.185350187194213056E+02    0.163371378740367348E+02    0.128183399919665364E+01    0.138381717862552591E+02    0.219682583087384220E+01    0.202530050723620514E+01    0.724392481523838949E-03    0.108029970568100975E+04
    0.201709155267225526E+02    0.169749520198953903E+02    0.128203252214056862E+01    0.208914490626326881E+02    0.127924818788923211E+01    0.177831245313926667E+01    0.165243903744966003E-02    0.108032750768043547E+04
    0.201709155267225526E+02    0.169749520198953903E+02    0.128203252214056862E+01    0.208914490626326881E+02    0.127924818788923211E+01    0.177831245313926667E+01    0.165243903744966003E-02    0.108032750768043547E+04
    0.177668075562494323E+02    0.165169952552674033E+02    0.127475071362339865E+01    0.136093843208189256E+02    0.453916386260567251E+01    0.241574753082957416E+01    0.417505474148871514E-03    0.108034148574294704E+04
    0.177668075562494323E+02    0.165169952552674033E+02    0.127475071362339865E+01    0.136093843208189256E+02    0.453916386260567251E+01    0.241574753082957416E+01    0.417505474148871514E-03    0.108034148574294704E+04
    0.186380801795722952E+02    0.170786584510747623E+02    0.128802737623676200E+01    0.209353427384755300E+02    0.289004744213402276E+01    0.238716200360503938E+01    0.217602251785148360E-02    0.108034974528758858E+04
    0.170750205332288445E+02    0.165880028123042891E+02    0.128185327088613121E+01    0.233064908982354808E+02    0.316033893659641274E+01    0.203359343983352758E+01    0.799729865180842658E-03    0.108039868746757656E+04
    0.200490449990131694E+02    0.170470077913487685E+02    0.128889043001109260E+01    0.150123377831236748E+02    0.304575727906260330E+01    0.229325542899616019E+01    0.238013118358443299E-02    0.108040855294588164E+04
    0.188127315638263468E+02    0.172545398997919612E+02    0.129198775142958788E+01    0.157012183138289938E+02    0.380464919051305639E+01    0.244720304293564572E+01    0.264805635480930279E-02    0.108043339818157756E+04
    0.158326870335749774E+02    0.165551023300398938E+02    0.128886908479718509E+01    0.189899703256784456E+02    0.319377565359754545E+01    0.209696950871546495E+01    0.990291513872754159E-03    0.108044217044283596E+04
    0.158326870335749774E+02    0.165551023300398938E+02    0.128886908479718509E+01    0.189899703256784456E+02    0.319377565359754545E+01    0.209696950871546495E+01    0.990291513872754159E-03    0.108044217044283596E+04
    0.203349229613657485E+02    0.166008868465863841E+02    0.128538696258213569E+01    0.168712971830675933E+02    0.259435562133449693E+01    0.217162515551362922E+01    0.162167494787335276E-02    0.108048152045870302E+04
    0.203349229613657485E+02    0.166008868465863841E+02    0.128538696258213569E+01    0.168712971830675933E+02    0.259435562133449693E+01    0.217162515551362922E+01    0.162167494787335276E-02    0.108048152045870302E+04
    0.196269577733266907E+02    0.168829617337885978E+02    0.128511576495641155E+01    0.162325643779959314E+02    0.336860658378608413E+01    0.199748421335750992E+01    0.167333766603633416E-02    0.108049820419870639E+04
    0.196269577733266907E+02    0.168829617337885978E+02    0.128511576495641155E+01    0.162325643779959314E+02    0.336860658378608413E+01    0.199748421335750992E+01    0.167333766603633416E-02    0.108049820419870639E+04
    0.192313632501827243E+02    0.165483880024557557E+02    0.128121060554779720E+01    0.151154595340650122E+02    0.236655998816042512E+01    0.203666448398318556E+01    0.107199469153579363E-02    0.108051266942924667E+04
    0.191030067847470910E+02    0.171623742110586619E+02    0.128739429749544310E+01    0.214612824084547107E+02    0.370854078850035762E+01    0.252833333639636448E+01    0.225713424253171091E-02    0.108051372263195481E+04
    0.183067895618428871E+02    0.171930286638013428E+02    0.129567306890668887E+01    0.160016404875393334E+02    0.231413024687572699E+01    0.205283717126252929E+01    0.267427161793049040E-02    0.108054632123191959E+04
    0.170388086252586142E+02    0.164914059453397499E+02    0.127437228800037583E+01    0.146149625684932829E+02    0.492400213292132261E+01    0.228118486887822902E+01    0.133294838314756969E-03    0.108055192008059339E+04
    0.201866491864315307E+02    0.172538858193157907E+02    0.129353815029044839E+01    0.208112475384477449E+02    0.241733859950396912E+01    0.228419287624796041E+01    0.293007018139485043E-02    0.108055751259072485E+04
    0.201866491864315307E+02    0.172538858193157907E+02    0.129353815029044839E+01    0.208112475384477449E+02    0.241733859950396912E+01    0.228419287624796041E+01    0.293007018139485043E-02    0.108055751259072485E+04
    0.139431851523687875E+02    0.176607184328758891E+02    0.130910368623425111E+01    0.215260072217917866E+02    0.345327491928508534E+01    0.207853983916781537E+01    0.316454430450235913E-02    0.108057381465580602E+04
    0.205842785801996584E+02    0.169197162911192116E+02    0.129067197701752390E+01    0.138480288275500403E+02    0.252329325356815293E+01    0.213907100461771060E+01    0.236311487349311067E-02    0.108059420952963637E+04
    0.205842785801996584E+02    0.169197162911192116E+02    0.129067197701752390E+01    0.138480288275500403E+02    0.252329325356815293E+01    0.213907100461771060E+01    0.236311487349311067E-02    0.108059420952963637E+04
    0.202549357616075163E+02    0.165024880056886687E+02    0.127632114537656816E+01    0.191860784914905445E+02    0.301937759265609618E+01    0.217249787654898086E+01    0.836418686660234112E-03    0.108067860368003790E+04
    0.202549357616075163E+02    0.165024880056886687E+02    0.127632114537656816E+01    0.191860784914905445E+02    0.301937759265609618E+01    0.217249787654898086E+01    0.836418686660234112E-03    0.108067860368003790E+04
    0.202496384261173574E+02    0.164598079218574966E+02    0.127617110485632645E+01    0.190279493523409151E+02    0.237701143523161829E+01    0.215928856486289877E+01    0.792212680949755388E-03    0.108069010724246505E+04
    0.202496384261173574E+02    0.164598079218574966E+02    0.127617110485632645E+01    0.190279493523409151E+02    0.237701143523161829E+01    0.215928856486289877E+01    0.792212680949755388E-03    0.108069010724246505E+04
    0.139769839556472704E+02    0.177746775309881571E+02    0.130755547918583837E+01    0.200298758150816525E+02    0.283726832241914284E+01    0.197727952729630774E+01    0.309844446906898385E-02    0.108070652693456213E+04
    0.139769839556472704E+02    0.177746775309881571E+02    0.130755547918583837E+01    0.200298758150816525E+02    0.283726832241914284E+01    0.197727952729630774E+01    0.309844446906898385E-02    0.108070652693456213E+04
    0.196745937723512547E+02    0.167119235574566396E+02    0.128397026308659812E+01    0.189078168624324405E+02    0.196162778231159995E+01    0.198906406313216655E+01    0.151021397780715105E-02    0.108070775889699280E+04
    0.185120312015163755E+02    0.166888326546339947E+02    0.128228923071515855E+01    0.190826832101223438E+02    0.164114097287777172E+01    0.191068743413204722E+01    0.116178501063729511E-02    0.108077839290779684E+04
    0.176125606849017338E+02    0.169365818489441615E+02    0.129272035512165706E+01    0.164444433711771438E+02    0.299090145314885447E+01    0.215475387826458009E+01    0.206923110183382386E-02    0.108080830489198524E+04
    0.199546389159246260E+02    0.172082737396208927E+02    0.129205046966723280E+01    0.172443270442013308E+02    0.377087131386517571E+01    0.232512571290177661E+01    0.270401271222348027E-02    0.108080892433961867E+04
    0.199546389159246260E+02    0.172082737396208927E+02    0.129205046966723280E+01    0.172443270442013308E+02    0.377087131386517571E+01    0.232512571290177661E+01    0.270401271222348027E-02    0.108080892433961867E+04
    0.174698536697082432E+02    0.171836754714883320E+02    0.128658901147407834E+01    0.290283388104273747E+02    0.256176876982533974E+01    0.236055886370866475E+01    0.187340111243144980E-02    0.108081976030928536E+04
    0.174698536697082432E+02    0.171836754714883320E+02    0.128658901147407834E+01    0.290283388104273747E+02    0.256176876982533974E+01    0.236055886370866475E+01    0.187340111243144980E-02    0.108081976030928536E+04
    0.180345376944892948E+02    0.166172236479092987E+02    0.128759625391159260E+01    0.148048506617918498E+02    0.341491330419453565E+01    0.196203504350359315E+01    0.119480518699033311E-02    0.108083221556007084E+04
    0.190526057161212599E+02    0.166146930485389852E+02    0.127941283443623455E+01    0.146360821328630610E+02    0.354051804439076712E+01    0.234485534487232039E+01    0.104364602008183427E-02    0.108084517252055571E+04
    0.190526057161212599E+02    0.166146930485389852E+02    0.127941283443623455E+01    0.146360821328630610E+02    0.354051804439076712E+01    0.234485534487232039E+01    0.104364602008183427E-02    0.108084517252055571E+04
    0.199641367478693326E+02    0.168017716814585754E+02    0.128480024276616955E+01    0.155483063383625666E+02    0.367309690817323764E+01    0.211653695307906498E+01    0.165768172394614721E-02    0.108084985867573323E+04
    0.199641367478693326E+02    0.168017716814585754E+02    0.128480024276616955E+01    0.155483063383625666E+02    0.367309690817323764E+01    0.211653695307906498E+01    0.165768172394614721E-02    0.108084985867573323E+04
    0.187534789869762086E+02    0.171382816838119147E+02    0.129716906554508737E+01    0.273906929518031887E+02    0.435001074603690263E+01    0.244095303811776665E+01    0.284214098074869748E-02    0.108086473674103217E+04
    0.187534789869762086E+02    0.171382816838119147E+02    0.129716906554508737E+01    0.273906929518031887E+02    0.435001074603690263E+01    0.244095303811776665E+01    0.284214098074869748E-02    0.108086473674103217E+04
    0.171837649329227915E+02    0.172396895386013256E+02    0.129953730825384128E+01    0.206694435736118365E+02    0.328150727297331368E+01    0.217752702671668352E+01    0.279227793772385269E-02    0.108087695455599351E+04
    0.200515424211725986E+02    0.167319267735252133E+02    0.128474459571120447E+01    0.194708043622291243E+02    0.199165129756049186E+01    0.208851357656436365E+01    0.166233092219747469E-02    0.108088256585993099E+04
    0.190989941016590237E+02    0.170799609496679743E+02    0.128773112155700864E+01    0.206201132211888023E+02    0.337537629251970683E+01    0.228318002313769020E+01    0.213022987395689034E-02    0.108088798369933284E+04
    0.190989941016590237E+02    0.170799609496679743E+02    0.128773112155700864E+01    0.206201132211888023E+02    0.337537629251970683E+01    0.228318002313769020E+01    0.213022987395689034E-02    0.108088798369933284E+04
    0.163194844752960790E+02    0.173346161541093231E+02    0.129827253868429882E+01    0.201017232672201054E+02    0.284883394665745948E+01    0.206320776787988125E+01    0.260338595586206978E-02    0.108089298555591995E+04
    0.186456295909220415E+02    0.177074309242798833E+02    0.129948368029459704E+01    0.193325086067083589E+02    0.215475082456860401E+01    0.199243352935993401E+01    0.337625100136934586E-02    0.108089646892692554E+04
    0.186456295909220415E+02    0.177074309242798833E+02    0.129948368029459704E+01    0.193325086067083589E+02    0.215475082456860401E+01    0.199243352935993401E+01    0.337625100136934586E-02    0.108089646892692554E+04
    0.178989772007882415E+02    0.172807460106425737E+02    0.130441664528696588E+01    0.180421208439814613E+02    0.214462012747753228E+01    0.199076833512270679E+01    0.317313144057945751E-02    0.108091573787221228E+04
    0.180459956022650942E+02    0.170107273978130635E+02    0.128984124255820620E+01    0.160326824287902063E+02    0.376142737950657180E+01    0.214254241520756006E+01    0.197187597846076867E-02    0.108092848079106807E+04
    0.180459956022650942E+02    0.170107273978130635E+02    0.128984124255820620E+01    0.160326824287902063E+02    0.376142737950657180E+01    0.214254241520756006E+01    0.197187597846076867E-02    0.108092848079106807E+04
    0.142941367540930955E+02    0.173487725500799357E+02    0.130650003164760831E+01    0.217077928222661747E+02    0.286110841086365841E+01    0.190075089397302599E+01    0.258925391945641348E-02    0.108094702164889441E+04
    0.142941367540930955E+02    0.173487725500799357E+02    0.130650003164760831E+01    0.217077928222661747E+02    0.286110841086365841E+01    0.190075089397302599E+01    0.258925391945641348E-02    0.108094702164889441E+04
    0.180160518961064859E+02    0.170969191371834519E+02    0.128837556068394621E+01    0.169560139247221038E+02    0.209186916729485617E+01    0.193041052922184497E+01    0.188423040311930245E-02    0.108095578308493168E+04
    0.172593478628471431E+02    0.172851926014572683E+02    0.130822069801101182E+01    0.205778006156778979E+02    0.264431018466385037E+01    0.207369910702096982E+01    0.327981947912425742E-02    0.108095871641676604E+04
    0.172593478628471431E+02    0.172851926014572683E+02    0.130822069801101182E+01    0.205778006156778979E+02    0.264431018466385037E+01    0.207369910702096982E+01    0.327981947912425742E-02    0.108095871641676604E+04
    0.173658478305702708E+02    0.164526027260387373E+02    0.127636648835765620E+01    0.143713633735633515E+02    0.388048309260725865E+01    0.227407118969719857E+01    0.291718424043407865E-03    0.108099813786496816E+04
    0.199906323036756817E+02    0.169786130711854391E+02    0.129221428544178796E+01    0.170250579427248212E+02    0.187503232880139192E+01    0.190659235661033311E+01    0.232449184841626577E-02    0.108102190553739592E+04
    0.199906323036756817E+02    0.169786130711854391E+02    0.129221428544178796E+01    0.170250579427248212E+02    0.187503232880139192E+01    0.190659235661033311E+01    0.232449184841626577E-02    0.108102190553739592E+04
    0.190821074243229134E+02    0.170674192694359448E+02    0.129168358146601703E+01    0.178002490850976329E+02    0.259683523801498461E+01    0.214281017469658330E+01    0.235908374126925224E-02    0.108103164181789180E+04
    0.190821074243229134E+02    0.170674192694359448E+02    0.129168358146601703E+01    0.178002490850976329E+02    0.259683523801498461E+01    0.214281017469658330E+01    0.235908374126925224E-02    0.108103164181789180E+04
    0.156967073468101574E+02    0.172657455277250236E+02    0.130239463768382713E+01    0.274383057933585661E+02    0.467770837978468634E+01    0.234821959350609966E+01    0.275110433055697490E-02    0.108105779651710009E+04
    0.149828590203291174E+02    0.175537433682639019E+02    0.130861724836762372E+01    0.185138683509856818E+02    0.211671746267438365E+01    0.186413894123992319E+01    0.312250563637256340E-02    0.108109024965937806E+04
    0.189740335039757433E+02    0.172713751381791738E+02    0.129193901668454725E+01    0.154451270552886513E+02    0.244315518191981162E+01    0.213137095828505130E+01    0.253476192303048187E-02    0.108109633991575447E+04
    0.185097185734489180E+02    0.169628117861549192E+02    0.128964019208396019E+01    0.172125110344572256E+02    0.191787172218046242E+01    0.172416017170667768E+01    0.170933407581402852E-02    0.108114443083599190E+04
    0.187755940173087659E+02    0.167091616798171003E+02    0.128691652668033751E+01    0.164541015068646708E+02    0.313239141111734032E+01    0.202700864118450319E+01    0.145636252259290222E-02    0.108114803452726187E+04
    0.165587719170969763E+02    0.170842459349254696E+02    0.129570608933074882E+01    0.233063426728494534E+02    0.346380187396671335E+01    0.210502541440990809E+01    0.218462782773232167E-02    0.108116551146485381E+04
    0.165587719170969763E+02    0.170842459349254696E+02    0.129570608933074882E+01    0.233063426728494534E+02    0.346380187396671335E+01    0.210502541440990809E+01    0.218462782773232167E-02    0.108116551146485381E+04
    0.174137693097339969E+02    0.169482417331496507E+02    0.129245256434887623E+01    0.220058481035548965E+02    0.533573909185155415E+01    0.223724167543612440E+01    0.198161329623447457E-02    0.108116955117529869E+04
    0.166774476496294035E+02    0.171120985241012491E+02    0.129594064561275646E+01    0.214201942886156829E+02    0.459148715749275560E+01    0.241327933766574088E+01    0.234822631761011369E-02    0.108118114115430990E+04
    0.178007743335849256E+02    0.172299965055993383E+02    0.129822089976048161E+01    0.134689055322190754E+02    0.326959511789584223E+01    0.192364466333474393E+01    0.251269771365314476E-02    0.108122012320734143E+04
    0.188847775496028021E+02    0.168512601887423976E+02    0.128775084117162653E+01    0.182777877495006962E+02    0.180745209030677523E+01    0.196130686042795888E+01    0.174856834338255052E-02    0.108124377818700850E+04
    0.188023363648151260E+02    0.169896915807776594E+02    0.129123809309206705E+01    0.124953963325502428E+02    0.358412221733838487E+01    0.210591091409748676E+01    0.208856514967470375E-02    0.108124539062462691E+04
    0.188023363648151260E+02    0.169896915807776594E+02    0.129123809309206705E+01    0.124953963325502428E+02    0.358412221733838487E+01    0.210591091409748676E+01    0.208856514967470375E-02    0.108124539062462691E+04
    0.185195828844382397E+02    0.168528377323496485E+02    0.128789582943934433E+01    0.172118848774478970E+02    0.268449697420703792E+01    0.203792971614846419E+01    0.168515213169367906E-02    0.108128308971475894E+04
    0.185195828844382397E+02    0.168528377323496485E+02    0.128789582943934433E+01    0.172118848774478970E+02    0.268449697420703792E+01    0.203792971614846419E+01    0.168515213169367906E-02    0.108128308971475894E+04
    0.206659624602572727E+02    0.178188515121827535E+02    0.130147175591698838E+01    0.214244186454994789E+02    0.290633284725946783E+01    0.225377657629192063E+01    0.391617075680567028E-02    0.108133736371894361E+04
    0.206659624602572727E+02    0.178188515121827535E+02    0.130147175591698838E+01    0.214244186454994789E+02    0.290633284725946783E+01    0.225377657629192063E+01    0.391617075680567028E-02    0.108133736371894361E+04
    0.158361265588193056E+02    0.175682712671224550E+02    0.130580148087907144E+01    0.202934581689324531E+02    0.438671332569395922E+01    0.199336339409324781E+01    0.304144530142763658E-02    0.108133767671875830E+04
    0.189054336149150757E+02    0.165097282797663603E+02    0.128236591929619936E+01    0.184852321602283105E+02    0.265555414827435321E+01    0.205695721957988154E+01    0.947344654638027084E-03    0.108135945929171430E+04
    0.187769597108427249E+02    0.171025597240422549E+02    0.129327369193454889E+01    0.145582373475613203E+02    0.303590765669465057E+01    0.203010790265418306E+01    0.231696524955127270E-02    0.108137417187233700E+04
    0.182159695992189441E+02    0.173872308637387576E+02    0.129100857573168026E+01    0.253402061247431512E+02    0.266769552783512687E+01    0.230470305780037021E+01    0.244461978698840010E-02    0.108137496709313405E+04
    0.176796754537138412E+02    0.172337227739789540E+02    0.129789178222110935E+01    0.166266228955960891E+02    0.229083216411859958E+01    0.204783243885734256E+01    0.266489018381882437E-02    0.108139582616933990E+04
    0.176796754537138412E+02    0.172337227739789540E+02    0.129789178222110935E+01    0.166266228955960891E+02    0.229083216411859958E+01    0.204783243885734256E+01    0.266489018381882437E-02    0.108139582616933990E+04
    0.176269656969081900E+02    0.166871104595182196E+02    0.128203373087974692E+01    0.156030058446814817E+02    0.325998029517545662E+01    0.193985440313466961E+01    0.754407813663426907E-03    0.108140350219257834E+04
    0.146758288250935642E+02    0.173700049746775314E+02    0.130015995724335798E+01    0.213225412720787482E+02    0.393616108381983487E+01    0.212754927147540718E+01    0.235531522449489161E-02    0.108140727150146267E+04
    0.146758288250935642E+02    0.173700049746775314E+02    0.130015995724335798E+01    0.213225412720787482E+02    0.393616108381983487E+01    0.212754927147540718E+01    0.235531522449489161E-02    0.108140727150146267E+04
    0.176893735024834307E+02    0.171433678880723264E+02    0.128956846242696344E+01    0.176712337355580118E+02    0.194724069704818881E+01    0.199645259669145281E+01    0.196459975324159153E-02    0.108141459261864611E+04
    0.173287467806114606E+02    0.170735461623447442E+02    0.129114057133731119E+01    0.188415917508955104E+02    0.363469178854019637E+01    0.222826278084134133E+01    0.200871929974510977E-02    0.108142272727527143E+04
    0.173287467806114606E+02    0.170735461623447442E+02    0.129114057133731119E+01    0.188415917508955104E+02    0.363469178854019637E+01    0.222826278084134133E+01    0.200871929974510977E-02    0.108142272727527143E+04
    0.193991420784849851E+02    0.171066632018137028E+02    0.129046067448947710E+01    0.194450423308025826E+02    0.354424664537795309E+01    0.225452905739731735E+01    0.232721866348239992E-02    0.108143480251544770E+04
    0.202460876184675662E+02    0.171012243920513001E+02    0.128506383593581841E+01    0.238708743475486074E+02    0.237165820694700491E+01    0.228561686739660486E+01    0.204001110293838828E-02    0.108146613925123302E+04
    0.188230722435237858E+02    0.173129412058580421E+02    0.129118394768036437E+01    0.237874377825487642E+02    0.190255016071609395E+01    0.211824333031317291E+01    0.246283289886856105E-02    0.108150197654313251E+04
    0.195702237536436421E+02    0.172635602361590657E+02    0.129954462041428642E+01    0.213201677473801112E+02    0.412660160526391095E+01    0.227870547744842122E+01    0.311719680117072961E-02    0.108150932032164701E+04
    0.195702237536436421E+02    0.172635602361590657E+02    0.129954462041428642E+01    0.213201677473801112E+02    0.412660160526391095E+01    0.227870547744842122E+01    0.311719680117072961E-02    0.108150932032164701E+04
    0.169792649343884960E+02    0.171948501683813078E+02    0.129860695037188600E+01    0.213731441676476024E+02    0.529014704677520520E+01    0.220617921871424150E+01    0.253066269296853275E-02    0.108151619763158351E+04
    0.202383414999646618E+02    0.174226709195534966E+02    0.129405424732119934E+01    0.163862002428204363E+02    0.255469494159605848E+01    0.211748729769513089E+01    0.293116935582171667E-02    0.108153601679050848E+04
    0.202816371065659240E+02    0.167707857156737035E+02    0.128566299667702810E+01    0.146962857755700966E+02    0.315340287900536476E+01    0.208289526207759890E+01    0.163709929322225500E-02    0.108155943886829891E+04
    0.202816371065659240E+02    0.167707857156737035E+02    0.128566299667702810E+01    0.146962857755700966E+02    0.315340287900536476E+01    0.208289526207759890E+01    0.163709929322225500E-02    0.108155943886829891E+04
    0.207376022652467533E+02    0.172232980471903154E+02    0.129056528460204190E+01    0.158086193735381251E+02    0.411988679339838448E+01    0.217890030280044567E+01    0.252068712834602193E-02    0.108157300954709649E+04
    0.207376022652467533E+02    0.172232980471903154E+02    0.129056528460204190E+01    0.158086193735381251E+02    0.411988679339838448E+01    0.217890030280044567E+01    0.252068712834602193E-02    0.108157300954709649E+04
    0.178099521851082407E+02    0.169286577838260719E+02    0.128774821673645379E+01    0.194963522132700646E+02    0.766418291301841137E+00    0.174302189272719588E+01    0.161816621631322155E-02    0.108157377675128737E+04
    0.178099521851082407E+02    0.169286577838260719E+02    0.128774821673645379E+01    0.194963522132700646E+02    0.766418291301841137E+00    0.174302189272719588E+01    0.161816621631322155E-02    0.108157377675128737E+04
    0.187586957853757639E+02    0.165703090635968664E+02    0.128106009905128149E+01    0.209380779985539114E+02    0.127125270813501601E+01    0.190087323714865541E+01    0.902056705907983147E-03    0.108159084359392523E+04
    0.190917284190984979E+02    0.166130912885963156E+02    0.128203710124041081E+01    0.167652774910527604E+02    0.395137194985636109E+01    0.226410532266163589E+01    0.111438517302986373E-02    0.108160628691618695E+04
    0.204136167402715607E+02    0.172095470747540134E+02    0.128888420158906292E+01    0.209295847528978207E+02    0.190577166892068806E+01    0.220873406683281681E+01    0.242770477803588847E-02    0.108165281237071986E+04
    0.204136167402715607E+02    0.172095470747540134E+02    0.128888420158906292E+01    0.209295847528978207E+02    0.190577166892068806E+01    0.220873406683281681E+01    0.242770477803588847E-02    0.108165281237071986E+04
    0.210292129446123433E+02    0.168709637462046764E+02    0.128433612110870721E+01    0.190258825052513174E+02    0.237390770565556242E+01    0.198051612733121596E+01    0.172507139382388486E-02    0.108165315661726095E+04
    0.170827242022928267E+02    0.171504799220513675E+02    0.129942229362895922E+01    0.209910491921318290E+02    0.410219377141512442E+01    0.224286082599943315E+01    0.256645857270776379E-02    0.108173473568742702E+04
    0.170827242022928267E+02    0.171504799220513675E+02    0.129942229362895922E+01    0.209910491921318290E+02    0.410219377141512442E+01    0.224286082599943315E+01    0.256645857270776379E-02    0.108173473568742702E+04
    0.199038876261417812E+02    0.166887802007014123E+02    0.128244377779542451E+01    0.153858993921469533E+02    0.394022351692928030E+01    0.211841919554682123E+01    0.122720069093962270E-02    0.108174537689617273E+04
    0.194330757248137900E+02    0.170663325675373514E+02    0.129213472255501327E+01    0.191977110215869793E+02    0.165255314710494172E+01    0.172371381843020388E+01    0.211952660325165354E-02    0.108175540569897885E+04
    0.194330757248137900E+02    0.170663325675373514E+02    0.129213472255501327E+01    0.191977110215869793E+02    0.165255314710494172E+01    0.172371381843020388E+01    0.211952660325165354E-02    0.108175540569897885E+04
    0.200045102218750088E+02    0.172737065048264213E+02    0.129098203833419700E+01    0.159877426033967005E+02    0.248168962274581872E+01    0.206423747608149277E+01    0.249136389308929340E-02    0.108175938317896907E+04
    0.181229086718289736E+02    0.172229623514675083E+02    0.129539683196077204E+01    0.191425460683514821E+02    0.228126829428670597E+01    0.202134642060144198E+01    0.250453962928148810E-02    0.108176100517307327E+04
    0.181229086718289736E+02    0.172229623514675083E+02    0.129539683196077204E+01    0.191425460683514821E+02    0.228126829428670597E+01    0.202134642060144198E+01    0.250453962928148810E-02    0.108176100517307327E+04
    0.196876241793412134E+02    0.168413398944802886E+02    0.128362164021115399E+01    0.209086227472081738E+02    0.164134689397297495E+01    0.184884134882532014E+01    0.143342144640756786E-02    0.108176572769796940E+04
    0.193350178174289553E+02    0.174804272927316404E+02    0.129969059493629624E+01    0.264905675287980351E+02    0.369038631106270509E+01    0.250321164838596788E+01    0.334947093846349464E-02    0.108177211645308603E+04
    0.167420455801844668E+02    0.171139299105864637E+02    0.129248875830630650E+01    0.222987910221886168E+02    0.261366111559484837E+01    0.203913955719243090E+01    0.194127153737783109E-02    0.108181416585785018E+04
    0.176041192351929361E+02    0.173000875909728258E+02    0.130160209585288733E+01    0.212401531786562821E+02    0.369906257768397539E+01    0.222233097296251936E+01    0.295329238960778673E-02    0.108182648516361996E+04
    0.183501392787754725E+02    0.166689039647450556E+02    0.128237988793293534E+01    0.261523343030646771E+02    0.298151134151677955E+01    0.221453535499227172E+01    0.108013754094576919E-02    0.108183232818638044E+04
    0.217696308213145215E+02    0.164684107793141976E+02    0.128427005860665644E+01    0.202465909236423656E+02    0.380275334876587845E+01    0.221283214094373371E+01    0.133057379844386814E-02    0.108183669611769187E+04
    0.161042896896422292E+02    0.173114851027989154E+02    0.129741939427152864E+01    0.221097984299311960E+02    0.469778971780460974E+01    0.223033112938425226E+01    0.240065384407400773E-02    0.108184736753341440E+04
    0.161042896896422292E+02    0.173114851027989154E+02    0.129741939427152864E+01    0.221097984299311960E+02    0.469778971780460974E+01    0.223033112938425226E+01    0.240065384407400773E-02    0.108184736753341440E+04
    0.191072718655643996E+02    0.174981438152209847E+02    0.129666448258264233E+01    0.203026220654867871E+02    0.544060088140597120E+01    0.230359089172560338E+01    0.301599065896474006E-02    0.108184824763341317E+04
    0.188184499188028198E+02    0.173741524950102928E+02    0.129926369131821828E+01    0.233113794283058517E+02    0.420943320695334755E+01    0.239980860879406821E+01    0.311685354984753138E-02    0.108185525041342498E+04
    0.207625000591485218E+02    0.175352843128632969E+02    0.129557196952764486E+01    0.205846315576892280E+02    0.305975866761882731E+01    0.202670630204975044E+01    0.307871000564202690E-02    0.108186537770663767E+04
    0.192118074255571400E+02    0.173271501729865349E+02    0.129359924606102705E+01    0.214082233932257751E+02    0.367237856166391197E+01    0.243192828448915899E+01    0.272755951513153905E-02    0.108186906333198499E+04
    0.189467078678876923E+02    0.176445735238945360E+02    0.130582856965595351E+01    0.202745264865611858E+02    0.541115200967444121E+01    0.233970259742364295E+01    0.379382031740377323E-02    0.108188078802798213E+04
    0.210511330643155858E+02    0.169327644743580805E+02    0.128959352911378344E+01    0.199103840775420053E+02    0.253078361331279655E+01    0.188790899581300931E+01    0.203516791056473911E-02    0.108188623471566734E+04
    0.178185267756916481E+02    0.167976230742907262E+02    0.128453182447889902E+01    0.190533793387842749E+02    0.242677748027343476E+01    0.219645436396895777E+01    0.127853091133306451E-02    0.108190193719019408E+04
    0.178547097132342003E+02    0.174692815975564884E+02    0.129844737316367631E+01    0.201258272434094110E+02    0.604175958963836823E+01    0.235366812839464323E+01    0.295101596572028280E-02    0.108190958082839688E+04
    0.197286023783869631E+02    0.170393869527723290E+02    0.128752138596634724E+01    0.222262982616462565E+02    0.289857596404529350E+01    0.210211730925149443E+01    0.198234540917835433E-02    0.108192585262019725E+04
    0.182734305060005937E+02    0.175741798387561019E+02    0.129496388207525537E+01    0.213454527279570279E+02    0.260701395381002055E+01    0.210426733885707895E+01    0.277549440876539988E-02    0.108192663290695441E+04
    0.180233270185832914E+02    0.170556647800871204E+02    0.128968025616319260E+01    0.174281755836896757E+02    0.271623766475678519E+01    0.186388029589799697E+01    0.169150126578365700E-02    0.108193002577211109E+04
    0.173204050075538554E+02    0.175858449419112191E+02    0.129437084232416755E+01    0.223783350888152022E+02    0.400925816034250371E+01    0.221536899182061875E+01    0.256823886722457040E-02    0.108193679809664127E+04
    0.203194825044935747E+02    0.166317881266007248E+02    0.127858421637918585E+01    0.182660800704030173E+02    0.281391485276489650E+01    0.217639572986256091E+01    0.100558250406318495E-02    0.108194080171262021E+04
    0.192759035408954560E+02    0.171880276974174677E+02    0.129149165808003819E+01    0.301828754254783433E+02    0.223244581856563995E+01    0.224350517158685792E+01    0.243184793442846603E-02    0.108194489125220593E+04
    0.139602658546290961E+02    0.178193457251731147E+02    0.130407877590072729E+01    0.232697597938056759E+02    0.222975155174938200E+01    0.197850354339209455E+01    0.273830818428583145E-02    0.108194980679538207E+04
    0.146148422987392852E+02    0.173841938062180859E+02    0.130269232778091504E+01    0.243207232768351957E+02    0.261660657756012371E+01    0.223530957006705311E+01    0.253243913104495011E-02    0.108195707202568065E+04
    0.184186525952011699E+02    0.167320381826418760E+02    0.128470375965300576E+01    0.222521030768119914E+02    0.326206493196175273E+01    0.216717124694339880E+01    0.128291592246015940E-02    0.108196302245757556E+04
    0.189714968196809863E+02    0.176499097357972516E+02    0.130081128253639910E+01    0.210126823880112426E+02    0.340954836734154521E+01    0.228958446117671066E+01    0.345440750657499684E-02    0.108197147187771179E+04
    0.189494005876427210E+02    0.168285426003939946E+02    0.128193828743662452E+01    0.170740683559847923E+02    0.375988943345853333E+01    0.224357438159374922E+01    0.125789918835456094E-02    0.108198109934349986E+04
    0.208710491268815943E+02    0.164845281603236415E+02    0.127642588703917004E+01    0.186230562012466017E+02    0.359233598353837369E+01    0.210988662387226045E+01    0.667749660307415116E-03    0.108199067728537193E+04
    0.182136134843922122E+02    0.179403613071713011E+02    0.130064691932008336E+01    0.233583523805012376E+02    0.327755790481824505E+01    0.223652522659805042E+01    0.346551842028253176E-02    0.108208877409522302E+04
    0.170577794747983091E+02    0.178353528840977340E+02    0.129926729473029856E+01    0.216558706211582503E+02    0.420062823357467696E+01    0.231303009141577398E+01    0.309974477444041607E-02    0.108209027510677765E+04
    0.179367677066249200E+02    0.179738945379780297E+02    0.130483792209644101E+01    0.212965035671550105E+02    0.439438125355238185E+01    0.235677792972852318E+01    0.381688964553439369E-02    0.108210433666698555E+04
    0.180492945255974604E+02    0.174019749119099671E+02    0.129600461358420915E+01    0.232630488041036187E+02    0.337562022715397081E+01    0.238292807226363434E+01    0.276010179389557520E-02    0.108212138035951602E+04
    0.202683854431342745E+02    0.169541874099091778E+02    0.128540559258679465E+01    0.204349060036238015E+02    0.101141705700252515E+01    0.165625669070930903E+01    0.165789321219911301E-02    0.108214178058669313E+04
    0.206054713551397022E+02    0.169617455816065643E+02    0.128472291787425008E+01    0.215324837582607742E+02    0.149154225645368443E+01    0.164483195020533546E+01    0.150652028049291786E-02    0.108214641582724153E+04
    0.196216202784306546E+02    0.172221077535712723E+02    0.129084195058266360E+01    0.232480250367683041E+02    0.268485131531233767E+01    0.222485667532443943E+01    0.241703559694045333E-02    0.108215226323216257E+04
    0.197541159490870264E+02    0.167423446119934667E+02    0.128353824998328347E+01    0.194392951720559211E+02    0.258379132916980447E+01    0.209904262937405450E+01    0.136714189066194924E-02    0.108216993988411718E+04
    0.202393265608935842E+02    0.169932606093461942E+02    0.128782142708009673E+01    0.165380548948492532E+02    0.361630603781737658E+01    0.199537283827448331E+01    0.183128652885328203E-02    0.108219710548095054E+04
    0.138554881890170662E+02    0.176638793874653786E+02    0.130492012321140760E+01    0.229550916558990536E+02    0.249989156224933540E+01    0.204397355476776488E+01    0.266589664604960364E-02    0.108219978642629530E+04
    0.193096495701357682E+02    0.172036796860697869E+02    0.129274215843053919E+01    0.195790306995351528E+02    0.638515555768074172E+00    0.167214514625270616E+01    0.240386853888902019E-02    0.108220262011732507E+04
    0.164770255647113046E+02    0.171881673105664277E+02    0.129552836388097625E+01    0.194672920433013985E+02    0.260007174659646711E+01    0.197770448203926552E+01    0.208839576092639811E-02    0.108222730922780329E+04
    0.184061435481114870E+02    0.172976690539031708E+02    0.129459931584282129E+01    0.277081159830137800E+02    0.199163232939291679E+01    0.225509505443403402E+01    0.259858696759396324E-02    0.108224447933765873E+04
    0.161163006090441883E+02    0.173744225738909073E+02    0.130487517627987271E+01    0.213770385986664273E+02    0.193010866478751630E+01    0.190378780513914436E+01    0.283091354104059167E-02    0.108226153619107208E+04
    0.200789321326607073E+02    0.169757327332087478E+02    0.128643856270655954E+01    0.199606023807893251E+02    0.172535675244262277E+01    0.177224923704883341E+01    0.168138901918440942E-02    0.108226660297173885E+04
    0.183225117443325338E+02    0.169960120372649151E+02    0.129245867397055703E+01    0.175515255406175186E+02    0.265111692137915522E+01    0.197205692955477385E+01    0.195928856005656016E-02    0.108227544415310990E+04
    0.140823231478285411E+02    0.175764339659069861E+02    0.130508683957513383E+01    0.210863446392370228E+02    0.189981973707154750E+01    0.185239466870044422E+01    0.257233924303329475E-02    0.108227872711025157E+04
    0.181926287787118035E+02    0.176480097735262831E+02    0.130107053249892912E+01    0.210758322841956485E+02    0.349380418488124667E+01    0.226105475083523100E+01    0.330941764662229243E-02    0.108228337163873312E+04
    0.181164020182840275E+02    0.170445536566171683E+02    0.128840789554808732E+01    0.200434519411803009E+02    0.314325670944958180E+01    0.191903833494405940E+01    0.158308320261918434E-02    0.108228590025186486E+04
    0.145203226998999959E+02    0.175917366823695147E+02    0.130857322369009998E+01    0.207646942272133295E+02    0.229533294144113631E+01    0.187958646281635233E+01    0.291576232136059321E-02    0.108230075792163143E+04
    0.170612316396435340E+02    0.172668999242685430E+02    0.129406118611023713E+01    0.183066931372832435E+02    0.209574138750541517E+01    0.202766836765965452E+01    0.221278746665398707E-02    0.108230548155336237E+04
    0.169440407528367238E+02    0.171687022490266159E+02    0.129285223749177658E+01    0.215278168496504989E+02    0.269697739470441977E+01    0.196151656234130800E+01    0.193313417473578442E-02    0.108231849157522333E+04
    0.197293027520651343E+02    0.171800547892151982E+02    0.129150112436082676E+01    0.215681174206464448E+02    0.195661221041879241E+01    0.204121399699210393E+01    0.237983829242915945E-02    0.108233074867824780E+04
    0.180092524761464361E+02    0.174906979000644931E+02    0.130334597043139855E+01    0.223800481544090246E+02    0.378903022606981210E+01    0.225596146770949746E+01    0.328310837468775985E-02    0.108238929465906244E+04
    0.205366939855300004E+02    0.172053155777154245E+02    0.129314831784501250E+01    0.206406862177295274E+02    0.305749038281056240E+01    0.212235986673617605E+01    0.260181631182909712E-02    0.108241510608968633E+04
    0.153258434034531934E+02    0.175899443170172098E+02    0.130729846610607536E+01    0.228472177937071663E+02    0.317510889807754149E+01    0.213173754714151809E+01    0.311762071110416317E-02    0.108242810276014529E+04
    0.173335331669435568E+02    0.176758240480744675E+02    0.130166064207377441E+01    0.212641974962891354E+02    0.396269220803350741E+01    0.221122545136542970E+01    0.318508929337513180E-02    0.108243728858080885E+04
    0.184357569603264331E+02    0.171095384676952378E+02    0.129682145535697502E+01    0.202374050326722745E+02    0.275524633970374921E+01    0.193583660784753819E+01    0.233129739786946955E-02    0.108246996224937448E+04
    0.193242785870263880E+02    0.173405196007207785E+02    0.129116357527933001E+01    0.260795071339907523E+02    0.235588341508645271E+01    0.236711749411738781E+01    0.248744644507603585E-02    0.108247252962382800E+04
    0.173096868785975495E+02    0.173733363116603030E+02    0.130787711411281871E+01    0.270669096663449622E+02    0.455964752461140144E+01    0.220458497160101619E+01    0.324423982657079391E-02    0.108248040559028141E+04
    0.195028682019578561E+02    0.178119483837561745E+02    0.130788647302201455E+01    0.238903739987755621E+02    0.548364241868967550E+01    0.231795087596125393E+01    0.407900671403044202E-02    0.108250849146776295E+04
    0.180005219207140534E+02    0.173578826082680742E+02    0.129870039970353690E+01    0.173968957588577133E+02    0.243597165168459728E+01    0.179541790231326193E+01    0.251617739742832081E-02    0.108251140763853027E+04
    0.150963135476706221E+02    0.180891036066909265E+02    0.130857748037963284E+01    0.218316025286131143E+02    0.303570184292595391E+01    0.208693259061697178E+01    0.351337032885973288E-02    0.108252289361418798E+04
    0.181363666530568928E+02    0.172341172834460892E+02    0.129143194195894706E+01    0.235208925747871618E+02    0.204467693100472214E+01    0.221994375963474733E+01    0.221315096231133879E-02    0.108253087889737640E+04
    0.191168225763954673E+02    0.171760381967031464E+02    0.128981078026329232E+01    0.214972879892775524E+02    0.268125616341647977E+01    0.236083777812775386E+01    0.220783804970547948E-02    0.108253832430784723E+04
    0.210117305495821292E+02    0.171107354456665064E+02    0.128848866653061100E+01    0.228436264389251136E+02    0.267210118215316594E+01    0.211684836144414668E+01    0.222872708391602670E-02    0.108254725793330454E+04
    0.183634967143440306E+02    0.170436138081178434E+02    0.128896766499630711E+01    0.206258400765489327E+02    0.386833686045806724E+01    0.201593552924063291E+01    0.168277434844998908E-02    0.108255311173870905E+04
    0.171311936901396464E+02    0.176254161299649930E+02    0.130218327141093249E+01    0.230894998923534516E+02    0.549314403860038958E+01    0.230119351872576949E+01    0.314955409503531181E-02    0.108257968912668412E+04
    0.173008157103773179E+02    0.184571639929298641E+02    0.130966932572485950E+01    0.215921470860348492E+02    0.557773140087219854E+01    0.222786420412757247E+01    0.417837765723105825E-02    0.108258815564654537E+04
    0.169208126880629308E+02    0.179466319615178804E+02    0.130579545428018551E+01    0.216756235906664152E+02    0.352999361028536329E+01    0.226715297708122288E+01    0.363219566532391180E-02    0.108261295109618618E+04
    0.182062700875278871E+02    0.174600091413107492E+02    0.129157647507026363E+01    0.271937778999478610E+02    0.229135999232802900E+01    0.220739474440798000E+01    0.237295585103319828E-02    0.108263067245591037E+04
    0.198966695766648662E+02    0.171219390718878124E+02    0.128977752796927647E+01    0.228996703067271596E+02    0.305521357732271781E+01    0.191513839240579098E+01    0.198891351913527137E-02    0.108264038624790169E+04
    0.164418811749856317E+02    0.176715878307188277E+02    0.130520349075128039E+01    0.208697666429563853E+02    0.389334003737960455E+01    0.211262302286760262E+01    0.320713833419916661E-02    0.108264681253384560E+04
    0.192913946422981475E+02    0.172717283771317369E+02    0.129031877135466955E+01    0.210739981305480768E+02    0.316902638098742173E+01    0.233028884061761055E+01    0.232295218647171620E-02    0.108266261451014543E+04
    0.150358438450826331E+02    0.173492269536937833E+02    0.130575262371910150E+01    0.238242021597856706E+02    0.270583378542315511E+01    0.211139660387142980E+01    0.265568735119792176E-02    0.108266699350378894E+04
    0.179198116456307943E+02    0.178450333592428763E+02    0.130407750038013148E+01    0.213483075627447363E+02    0.395395711345475842E+01    0.222914301881706312E+01    0.357013806259026678E-02    0.108267352184974743E+04
    0.178748733968691624E+02    0.171205227874389756E+02    0.128727087588102806E+01    0.205906088066711206E+02    0.324742046572868315E+01    0.188040213909652487E+01    0.138932492972226873E-02    0.108270207147369047E+04
    0.175316568634725840E+02    0.173167987738778351E+02    0.129068848353489196E+01    0.255184507526072508E+02    0.280477586360839126E+01    0.228629017369218612E+01    0.209042619541172092E-02    0.108271367174592797E+04
    0.180851646894434523E+02    0.178765572385998119E+02    0.130519260193269537E+01    0.255077264525776002E+02    0.348345510614125065E+01    0.226729787556557660E+01    0.372950125177179403E-02    0.108272858784202731E+04
    0.158068447679337361E+02    0.176996814297094573E+02    0.130420110047150928E+01    0.207180027571632763E+02    0.312480148759050325E+01    0.218751316468629176E+01    0.308518943791147304E-02    0.108272913928461094E+04
    0.169965203264712095E+02    0.172481330529853878E+02    0.129255678237947547E+01    0.201230721805994577E+02    0.314264696361624640E+01    0.188652014669980761E+01    0.179811180759870126E-02    0.108272990222023304E+04
    0.173256220127426488E+02    0.173388696236498880E+02    0.129122224938701136E+01    0.275127075481479366E+02    0.192073304726380356E+01    0.220708259282360197E+01    0.210746000114064858E-02    0.108273068360910293E+04
    0.153329099574007977E+02    0.177066279873298669E+02    0.130744562465766356E+01    0.232383760782054054E+02    0.308996047258767703E+01    0.224155546125852068E+01    0.323756329935176446E-02    0.108280281419789685E+04
    0.179129000299214987E+02    0.169387833022432837E+02    0.128924703281191744E+01    0.198333319261349388E+02    0.446103001114204467E+01    0.205926736406373889E+01    0.149877829072969648E-02    0.108280931564447656E+04
    0.186650943811254137E+02    0.172803618423201613E+02    0.129623626101678169E+01    0.175227450477821201E+02    0.233615255156455781E+01    0.189592411511537806E+01    0.247005547512124668E-02    0.108280962453026359E+04
    0.193363476229791438E+02    0.170032808762902157E+02    0.128836751707181518E+01    0.207885707346355844E+02    0.277133816496145613E+01    0.213493095607413963E+01    0.186940635175125713E-02    0.108282004695031924E+04
    0.183847755728831999E+02    0.177585323118760172E+02    0.130111433279906463E+01    0.261560030745680336E+02    0.362510041965394558E+01    0.230966940000388155E+01    0.337545306756287244E-02    0.108282673655288181E+04
    0.214398519608053739E+02    0.168376024543035143E+02    0.128607910572037643E+01    0.216363515947561034E+02    0.139763806367659238E+01    0.177229160135170893E+01    0.166765119516093518E-02    0.108284323541256163E+04
    0.186967963842367801E+02    0.173412911482655545E+02    0.129159186861436348E+01    0.223406619411493566E+02    0.233929685599370885E+01    0.220258349651665508E+01    0.234822181886107373E-02    0.108285336796177580E+04
    0.187456324670603820E+02    0.173884112749593385E+02    0.129322856935818042E+01    0.232166408090673428E+02    0.245476511903199857E+01    0.208587007044131001E+01    0.247700169067099907E-02    0.108286733421806412E+04
    0.153286047257753957E+02    0.179845796053804747E+02    0.130686572598326767E+01    0.218598387752119159E+02    0.318696584436733499E+01    0.202826726365667387E+01    0.327981960269191353E-02    0.108287239024779319E+04
    0.185654313050828321E+02    0.177760278584171729E+02    0.130445065485401535E+01    0.239724396782747107E+02    0.544971470859405915E+01    0.229669712341354648E+01    0.362299588244768822E-02    0.108291863238406199E+04
    0.179494943393280124E+02    0.176142593157849205E+02    0.130527813919462599E+01    0.226643469858223199E+02    0.400396622113817635E+01    0.218759777887979290E+01    0.342465787038859215E-02    0.108293475753639859E+04
    0.177023759874027498E+02    0.177061272061815842E+02    0.130832685093987333E+01    0.241465647315362162E+02    0.518597593097020493E+01    0.232344558785483635E+01    0.371578826859003675E-02    0.108294153052679076E+04
    0.154089949153403651E+02    0.174485347242324877E+02    0.130456456327059667E+01    0.239222736733391699E+02    0.354047771595827054E+01    0.221553352815158044E+01    0.277331771046651632E-02    0.108295489811345055E+04
    0.169538798150758652E+02    0.174736012715521802E+02    0.130705481858544137E+01    0.231300659955973771E+02    0.393601374422106876E+01    0.226685217292044738E+01    0.325112708780200821E-02    0.108296128441232804E+04
    0.162073536854669698E+02    0.176821162344794800E+02    0.130486763342673218E+01    0.200982485114705938E+02    0.280356659527927921E+01    0.225807322690119783E+01    0.319888476081742201E-02    0.108296327991173234E+04
    0.207841493018670675E+02    0.168811711516083918E+02    0.128591491757478327E+01    0.234898769276965282E+02    0.163679402627147308E+01    0.185527570013349030E+01    0.164960083481902053E-02    0.108297466448404703E+04
    0.199562157290418867E+02    0.170287938770938254E+02    0.128902360350980594E+01    0.210054638425714515E+02    0.173763904665419822E+01    0.172658362688379641E+01    0.176844884228644084E-02    0.108297820109705663E+04
    0.158388721046519745E+02    0.179337910190199352E+02    0.130649108303735950E+01    0.264414473977253728E+02    0.458083216166035712E+01    0.233621762805964384E+01    0.344010787016418851E-02    0.108299334629659006E+04
    0.161758491761103009E+02    0.176544322300264511E+02    0.131153072142485616E+01    0.242073131427802437E+02    0.444398617485985614E+01    0.216772478521017575E+01    0.352819821315203397E-02    0.108300125339135775E+04
    0.165910425810255795E+02    0.179033676648630404E+02    0.131272895934470579E+01    0.220432635667801797E+02    0.536068846971632063E+01    0.207856723288355116E+01    0.380564557564894157E-02    0.108300350612098873E+04
    0.176471026328654972E+02    0.176110221067011103E+02    0.130218469575720808E+01    0.207986648330960335E+02    0.326569850515036020E+01    0.214094651208057662E+01    0.314473959226441169E-02    0.108301967814849695E+04
    0.193547096055811956E+02    0.171815336686162965E+02    0.129017179607236310E+01    0.214228321695665151E+02    0.289729525324173487E+01    0.218319193172605530E+01    0.216620947098666861E-02    0.108302079502082688E+04
    0.175062251081734210E+02    0.176858624067920438E+02    0.130525550704991455E+01    0.197483720796486182E+02    0.316098915378035894E+01    0.217367819623072922E+01    0.341636623699070885E-02    0.108307048225183962E+04
    0.158314313937569793E+02    0.177553226257284784E+02    0.130522563393430047E+01    0.186589317599440392E+02    0.267781096618776893E+01    0.209114374764646715E+01    0.313874153460524941E-02    0.108307453460404804E+04
    0.163863868709954623E+02    0.175468630518535598E+02    0.130714447772028275E+01    0.219802065879349584E+02    0.471320758014421237E+01    0.220070169771990010E+01    0.318425401626576399E-02    0.108307970233287369E+04
    0.168247924058472584E+02    0.178163881958488979E+02    0.130659311269571510E+01    0.196664431113739369E+02    0.476891225176933631E+01    0.217750690989046980E+01    0.345100352316374259E-02    0.108308850626509729E+04
    0.169472806106039684E+02    0.174788255032430726E+02    0.130420157332178688E+01    0.210608855023459363E+02    0.309753507946097351E+01    0.218529860092912909E+01    0.305017440761079506E-02    0.108312054519186745E+04
    0.191676083704976925E+02    0.173670600389462599E+02    0.129112896300979751E+01    0.231563477447208861E+02    0.205905761558751976E+01    0.197265375462452308E+01    0.227935807293444537E-02    0.108313335980551074E+04
    0.166139161836521687E+02    0.179020232077294210E+02    0.130999023069525466E+01    0.223041535789769085E+02    0.447388088896281388E+01    0.206379639198550580E+01    0.364631572187201769E-02    0.108313444842242916E+04
    0.153563041011508066E+02    0.176354423717362678E+02    0.130368205779463042E+01    0.223944991086501233E+02    0.286997261022301542E+01    0.220290527530417446E+01    0.286082727680825322E-02    0.108314343755243726E+04
    0.172413270961367999E+02    0.179480363636182325E+02    0.130898940733500280E+01    0.221452670961430584E+02    0.540764204307176222E+01    0.208782091464331598E+01    0.367712916177143079E-02    0.108315889350755492E+04
    0.159345188298753069E+02    0.175670292068282272E+02    0.130561529911285579E+01    0.226646076167129493E+02    0.313701026045867692E+01    0.207922527841538285E+01    0.299155358077624056E-02    0.108319098957906613E+04
    0.183261679091863954E+02    0.171756118027332363E+02    0.129238286973877758E+01    0.233540020333477791E+02    0.184930104147489072E+01    0.190955907429528438E+01    0.206112216696718864E-02    0.108326872011155820E+04
    0.187852302524517825E+02    0.172321009139614567E+02    0.129073971585047720E+01    0.252449054282174217E+02    0.272261173024964087E+01    0.202565438369235506E+01    0.200399497712921981E-02    0.108380239317905966E+04
    0.180140831664083052E+02    0.172225145795266315E+02    0.129273537482000789E+01    0.237089617339464453E+02    0.180175334384861219E+01    0.195979984122604645E+01    0.205881435629762244E-02    0.108373471710319814E+04
    0.190370864758016580E+02    0.171063528454121254E+02    0.128918228498332921E+01    0.231943077605072219E+02    0.305163760204192780E+01    0.222099179056732554E+01    0.192712548112944360E-02    0.108354465577159272E+04
    0.177978610032418523E+02    0.171519155918328536E+02    0.129328013162386801E+01    0.250826628969136891E+02    0.191368617976412647E+01    0.188364768115909853E+01    0.191715595505731473E-02    0.108391978913625462E+04
    0.165231675609937518E+02    0.171441773887015501E+02    0.129214283774239935E+01    0.287076864118074866E+02    0.283833759881509451E+01    0.217320744369962071E+01    0.178016087354193608E-02    0.108331904998861773E+04
    0.160397070287406720E+02    0.176484481242768254E+02    0.130881490287964652E+01    0.240609864972230838E+02    0.422451123289413211E+01    0.223995997429995874E+01    0.332578299314278958E-02    0.108343337051194658E+04
    0.178583100619442838E+02    0.179057933829077953E+02    0.131093046562387516E+01    0.257097302673315582E+02    0.533165636535709453E+01    0.233055162190913601E+01    0.402451676250187296E-02    0.108359323598513538E+04
    0.175778762752568412E+02    0.182006153315945269E+02    0.131026650529770627E+01    0.218415606769437609E+02    0.609682531094525082E+01    0.220693948344251645E+01    0.405197331703965880E-02    0.108340622643478605E+04
    0.171180355237323916E+02    0.178959881997364008E+02    0.130771395545969549E+01    0.212797283955865346E+02    0.520332311768977362E+01    0.232197692551753399E+01    0.369428252312570260E-02    0.108331834075819620E+04
    0.156748759697823505E+02    0.179955667866260853E+02    0.130829172510170344E+01    0.231976806888699443E+02    0.434096784108624156E+01    0.220749628738994952E+01    0.347816217019120133E-02    0.108350434557746439E+04
    0.171833299120663483E+02    0.177443117315099528E+02    0.130834542807937604E+01    0.273320888906897608E+02    0.490627986177084008E+01    0.215290826188174345E+01    0.351886815598601022E-02    0.108351446434584386E+04
    0.161594902316811542E+02    0.179292439801845696E+02    0.130648258262838302E+01    0.247909741861911890E+02    0.384167192428280524E+01    0.223037812077648256E+01    0.339351456918562944E-02    0.108369118633399535E+04
    0.156661885652035320E+02    0.179079944620133880E+02    0.130664571381034866E+01    0.196150163450374748E+02    0.355764735151533884E+01    0.213971977921664358E+01    0.327158265739030396E-02    0.108347010556351961E+04
    0.168576911869032635E+02    0.179310565387434018E+02    0.130882356677168765E+01    0.207991860390587178E+02    0.371253309187824154E+01    0.208151249805166838E+01    0.365839341463702894E-02    0.108333928850779603E+04
    0.169224948756124078E+02    0.177035133960285052E+02    0.130318301982616314E+01    0.209469082393231325E+02    0.317304794358779763E+01    0.221976205629928458E+01    0.317413232674873536E-02    0.108328374167695529E+04
    0.160100757220338465E+02    0.182042645804228336E+02    0.131261989948554358E+01    0.213022712102820435E+02    0.537856711628821138E+01    0.217742889831399067E+01    0.394863698811398489E-02    0.108359418192573821E+04
    0.161363176160662647E+02    0.179826028405031266E+02    0.130554038618252966E+01    0.217545654543009412E+02    0.499572292014433561E+01    0.223100504905844410E+01    0.334621580627769699E-02    0.108334876549705723E+04
    0.156304374932510672E+02    0.180356552342501857E+02    0.130779909728628874E+01    0.200575501624238228E+02    0.327166127900048043E+01    0.212595439691999522E+01    0.345771744184703023E-02    0.108330539798191717E+04
    0.166981624901512369E+02    0.177978654606982190E+02    0.130684722980898438E+01    0.204485679634975952E+02    0.277013905156097806E+01    0.215141818901812343E+01    0.343444645053159192E-02    0.108353227834251106E+04
    0.173893942730530071E+02    0.175386072739168135E+02    0.130363706473243290E+01    0.214028724454894892E+02    0.391740965198051594E+01    0.209443418639403101E+01    0.306076868207438846E-02    0.108320206353192566E+04
    0.164651597340574192E+02    0.174597372193824292E+02    0.129865362568174136E+01    0.207564480066459858E+02    0.236568072100592453E+01    0.212617984505621882E+01    0.254331301953203415E-02    0.108320580334831857E+04
    0.167856636951568703E+02    0.176486652126144463E+02    0.130609390608071707E+01    0.206541521232284779E+02    0.340844160352691095E+01    0.216128662171579178E+01    0.326372324368084943E-02    0.108343019571564491E+04
    0.174037913986127961E+02    0.177866024577350679E+02    0.130876939997827524E+01    0.206959746507746836E+02    0.362600309630415962E+01    0.221030274990352060E+01    0.368760835848902513E-02    0.108347810015166283E+04
    0.158602678224312630E+02    0.179343636368718045E+02    0.130837971232226646E+01    0.222483763114385908E+02    0.522168826968302824E+01    0.224526034197794111E+01    0.343618075217505536E-02    0.108388526459856371E+04
