    0.375484194996640597E+00    0.966947626235662057E+02    0.370024784803310765E-03    0.560962604517816349E-01    0.370400895839504596E+01    0.130904057551261610E+00    0.139619352208608244E+00    0.813213967590082243E+00    0.712940888137616042E+02    0.539636901066737895E+00    0.257469744840947357E+01   -0.161016314199410233E+06
    0.687587330718268497E+00    0.929440296674912219E+02    0.530560865741024689E-05    0.683521828310733187E-01    0.700544426108203577E+01    0.143128334386963846E+00    0.145250981060183942E+00    0.806609206592469041E+00    0.734546699497735176E+02    0.539407317866651637E+00    0.257766730547765510E+01   -0.161015299016948033E+06
    0.770157332764351832E+00    0.270041225066677413E+02    0.886633565259139700E-05    0.144425500333568801E+01    0.584820389461185464E+01    0.139592812302647751E+00    0.136263718623948482E+00    0.808218319718539968E+00    0.719635334381509892E+02    0.535486783352990714E+00    0.258053985266113139E+01   -0.161014422687704326E+06
    0.904457077222300176E+00    0.331802406446090714E+02    0.117663082658407909E-05    0.814564651536184181E+00    0.216132287363285958E+01    0.150894431309557348E+00    0.150429212476921842E+00    0.807778698414908680E+00    0.727329578976497970E+02    0.539137949055654819E+00    0.257390329204000601E+01   -0.161013510591140366E+06
    0.227766336621333665E+00    0.155512870851116162E+03    0.974038499716393693E-05    0.200497596112384802E+01    0.608465208093399834E+01    0.140349103851067858E+00    0.141817520340777548E+00    0.809985630478777585E+00    0.720092116471083585E+02    0.538720929368409873E+00    0.258124628310404836E+01   -0.161013474490285822E+06
    0.225477574797965430E+00    0.620958533256497631E+02    0.192460736140092470E-03    0.718406539658630328E+00    0.270146857239098104E+01    0.135073656356056448E+00    0.142295818018128906E+00    0.812505730488670697E+00    0.720360809914754867E+02    0.540647516210090773E+00    0.256792340047621037E+01   -0.161013408030518302E+06
    0.449126110680656332E+00    0.103826069943394998E+03    0.175420431376536981E-05    0.316429133298919751E+01    0.433180482634662667E+01    0.134140566096366737E+00    0.143712892588521296E+00    0.808978648608599471E+00    0.717868861007311665E+02    0.540680947282921043E+00    0.256001285577791737E+01   -0.161013138947102067E+06
    0.243664979592466024E+00    0.388489189035330327E+02    0.461786000575194447E-04    0.259815523430738660E+01    0.443395883155440540E+01    0.141148588301264422E+00    0.147114639635572558E+00    0.811408062360440274E+00    0.716848817462982737E+02    0.538191420671351173E+00    0.257839274007940045E+01   -0.161012550113363948E+06
    0.712168420262995872E+00    0.336249598946366532E+02    0.270163519295051609E-05    0.100210881090160631E+01    0.280962991241612414E+01    0.140814792960043539E+00    0.142667886606710148E+00    0.802401808900514268E+00    0.726811940670647232E+02    0.538642188953708301E+00    0.257130520890564052E+01   -0.161012240735999396E+06
    0.992557107854271203E+00    0.285044507247876489E+02    0.283210784343542208E-05    0.296290594942451424E+01    0.392694052496928947E+01    0.149470034014648367E+00    0.150899090855891010E+00    0.808703025024695377E+00    0.721981200799554443E+02    0.538312796455125975E+00    0.257695523409289962E+01   -0.161012154106168164E+06
    0.694612575709533386E+00    0.379302099587886445E+02    0.117247899585172417E-05    0.216580458192743341E+01    0.175283763399368220E+01    0.149348683633855006E+00    0.145151118518148742E+00    0.807178100469018167E+00    0.714063194250253730E+02    0.538672081794191127E+00    0.257091875762023125E+01   -0.161011957687093440E+06
    0.293659037870121487E+00    0.688931098650516134E+02    0.349437289395139438E-05    0.571626167666868523E-01    0.471365505973004506E+01    0.145759443495617425E+00    0.145313309484557507E+00    0.813258641133180804E+00    0.713871609407277106E+02    0.539212217192843735E+00    0.257490880366518393E+01   -0.161011872260781325E+06
    0.608269012952294741E+00    0.103864844830462090E+03    0.531534391698658270E-05    0.107030938225458977E+00    0.603259583258761012E+01    0.141243430459970731E+00    0.147660855479953751E+00    0.811689443465203997E+00    0.711697880913615109E+02    0.537264373323236621E+00    0.257623486158873538E+01   -0.161011557345817419E+06
    0.600928589062328489E+00    0.524026449048098186E+02    0.149545234829178766E-05    0.163086636535490714E+01    0.305308564971147778E+01    0.140564965645932016E+00    0.143828783192403581E+00    0.811919553937989535E+00    0.720175408341730474E+02    0.540242247740553960E+00    0.256033263441176961E+01   -0.161011481803768460E+06
    0.275893593951793914E+00    0.388359675483046516E+02    0.599165336586425723E-05    0.169808920528258711E+01    0.120113436222531100E+01    0.139956868722288214E+00    0.147577851204109295E+00    0.806178502878091008E+00    0.721924284708565693E+02    0.541466307663480362E+00    0.256473078489905726E+01   -0.161011430585207505E+06
    0.547057082849727427E+00    0.105330370592619360E+03    0.128851387483816024E-05    0.132170274499625706E+01    0.628839749658718539E+01    0.132152439341165218E+00    0.136628775249655582E+00    0.808110800557207520E+00    0.717228995982391950E+02    0.538689400803561536E+00    0.257117176742009423E+01   -0.161011419924401649E+06
    0.408420611287145408E+00    0.732159490530646622E+02    0.327629600302183156E-04    0.108500720912406479E+01    0.239750568175266743E+01    0.140643859549135775E+00    0.146796539907740803E+00    0.812223214133243943E+00    0.717492902826718080E+02    0.541152714790553269E+00    0.256395593398341415E+01   -0.161011385576527711E+06
    0.712925874416705296E+00    0.790236885120141466E+02    0.172277050479559368E-05    0.952911508751172337E-01    0.588072926357580705E+01    0.140825323097559546E+00    0.146936421637408332E+00    0.804371087575975308E+00    0.713522831746633273E+02    0.538552970669612940E+00    0.257271932688265537E+01   -0.161011376330165163E+06
    0.231463195521894927E+00    0.676460870403388697E+02    0.161493150559819481E-05    0.271615237486693850E+01    0.561491741611568163E+01    0.140428236484664126E+00    0.143757022863384182E+00    0.812645565318223406E+00    0.721407370813139295E+02    0.540090195885366331E+00    0.257478372923071630E+01   -0.161011348818508937E+06
    0.878609826165999142E+00    0.174770363980555743E+03    0.470790799906242311E-05    0.481771178756613072E+00    0.697815440919272412E+01    0.141650529357822241E+00    0.143084064336265832E+00    0.805738334756827879E+00    0.716601824561123948E+02    0.536941108474371820E+00    0.258562218989209081E+01   -0.161011329651746782E+06
    0.713296678510092486E+00    0.972028115210546559E+02    0.128775461894855143E-05    0.163603835208291493E+01    0.155252026398828580E+01    0.145692031399744043E+00    0.143746982028034986E+00    0.812117110586480839E+00    0.716294331997949314E+02    0.540827714177510077E+00    0.256979953142044870E+01   -0.161011325333493500E+06
    0.763392578522390952E+00    0.126905843575502402E+03    0.867460610501026047E-05    0.287841752461853106E+01    0.456132274127804926E+01    0.141776221585704271E+00    0.143738307135572146E+00    0.804862632438870795E+00    0.715856665919545634E+02    0.537482812693201528E+00    0.257871076864910176E+01   -0.161011287022257078E+06
    0.373824953530224435E+00    0.654464301989392538E+02    0.470333363636594887E-04    0.237939535607528141E+01    0.120963550167021294E+01    0.144009878891871473E+00    0.149056156330737738E+00    0.809848830189114244E+00    0.712820381945708164E+02    0.539097657596307678E+00    0.257143762622370442E+01   -0.161011282570008712E+06
    0.446554245757999235E+00    0.475568312511254803E+02    0.176764668785182702E-05    0.203102600739116879E+01    0.720289099248021536E+01    0.141355362108387533E+00    0.143812030591792511E+00    0.809593948354409454E+00    0.730477481075599968E+02    0.537856357353288628E+00    0.258143356181162398E+01   -0.161011190191124188E+06
    0.232523036770685310E+00    0.481551647876840239E+01    0.958115313322842698E-05    0.147391317494182306E+01    0.270383912821115491E+01    0.141925061388086332E+00    0.146157831113595704E+00    0.814751804934820578E+00    0.718483706807938631E+02    0.539673397208480177E+00    0.256602197728703896E+01   -0.161011180158399482E+06
    0.446554810499031118E+00    0.606749119450953032E+02    0.113975904245932749E-05    0.203447633766018221E+01    0.680761379242734854E+01    0.140790128151232929E+00    0.147247038102080785E+00    0.811441713689398325E+00    0.711594049405759534E+02    0.538629849041144082E+00    0.257614205176200173E+01   -0.161011145760367188E+06
    0.668465705948948274E+00    0.258743400767894300E+02    0.117356446102287173E-04    0.100769998945895534E+01    0.436472062774967107E+01    0.142526579976919837E+00    0.150366820693761311E+00    0.807510350862867154E+00    0.719979510021398426E+02    0.539505661177701490E+00    0.257390037117579951E+01   -0.161011050632227765E+06
    0.526925297600500220E+00    0.497262408125350959E+02    0.810513723500745578E-05    0.776545686587057138E+00    0.310589799518829057E+01    0.149942152883493551E+00    0.148196180696865382E+00    0.810780460431507866E+00    0.721598989498551759E+02    0.538264408525637061E+00    0.257449065082488859E+01   -0.161011049930927431E+06
    0.691702863763132392E+00    0.379775117970411884E+02    0.376031378956502028E-05    0.316693343014736417E+01    0.656600505824869174E+01    0.140292547078908758E+00    0.141242344144349080E+00    0.804629468766878908E+00    0.728239022647176171E+02    0.537837335447476805E+00    0.257538389919463118E+01   -0.161010974509450170E+06
    0.558715750888900242E+00    0.268265186292107742E+02    0.401706842718105411E-05    0.276493689988887770E+01    0.643159784670525969E+01    0.136563754258982650E+00    0.146696454340047272E+00    0.811733880322571766E+00    0.721238194844359839E+02    0.537210972091801131E+00    0.257915094752350083E+01   -0.161010882648101018E+06
    0.763999908553084195E+00    0.696591158514812747E+02    0.498602025989285669E-05    0.379460711670171946E+01    0.168479907411921648E+01    0.142866642935595783E+00    0.139402021048093849E+00    0.805584437777632445E+00    0.721304720193682840E+02    0.538380566644380498E+00    0.256911973070369282E+01   -0.161010868097552302E+06
    0.664411094345776387E+00    0.306666451285771196E+02    0.292887048629338035E-05    0.232517027080510497E+01    0.361800866940365395E+01    0.133218702828910934E+00    0.143363525651739626E+00    0.811621707616656085E+00    0.720621994109632169E+02    0.538021246122738273E+00    0.257757676248484469E+01   -0.161010775040236884E+06
    0.382777259781436063E+00    0.882505068007941986E+02    0.376492526483774979E-05    0.328417326748767291E+01    0.913908885100069623E+00    0.143584064881222856E+00    0.142025969915049594E+00    0.811287579246061874E+00    0.723107854864374957E+02    0.542131485861922280E+00    0.256242857889979803E+01   -0.161010741074665857E+06
    0.827971600919519490E+00    0.885944069192358654E+02    0.420104853291906925E-05    0.160266513712403436E+01    0.578116294964956623E+01    0.135277944137957074E+00    0.144070521291681158E+00    0.806834881257791903E+00    0.714462474036124036E+02    0.539007034384746286E+00    0.257413671045215864E+01   -0.161010628620701173E+06
    0.663543563692296834E+00    0.115261886493429969E+03    0.137363513219827380E-04    0.348701489470530213E+01    0.140157944841114324E+01    0.142896113815507791E+00    0.140409210799895295E+00    0.808435277501145855E+00    0.728335180173767753E+02    0.540848350642782472E+00    0.256798566626666158E+01   -0.161010525191897759E+06
    0.909726634415174873E+00    0.708894938497240901E+02    0.396917751324925141E-05    0.898900613490356409E-01    0.406909668806071600E+01    0.136792083160185235E+00    0.142091296087906521E+00    0.806027256081090826E+00    0.713638725164220347E+02    0.537176737365646528E+00    0.257757821556032107E+01   -0.161010489402612089E+06
    0.835252003480546845E+00    0.423155588910137439E+02    0.402115485471347023E-04    0.144619710284067837E+01    0.357919534995614619E+01    0.144805991873775630E+00    0.143078535272696733E+00    0.807862026349819962E+00    0.723629967595264390E+02    0.538074676864054857E+00    0.257682175099334465E+01   -0.161010473893226415E+06
    0.527453253674540212E+00    0.836716722367708172E+02    0.152781614738782995E-05    0.120074443966990629E+01    0.756549664109182096E+01    0.141855193007577068E+00    0.146344107361868953E+00    0.809532285437196464E+00    0.711473913280768784E+02    0.538541331903664933E+00    0.257031847557310744E+01   -0.161010457661267050E+06
    0.258840441993676562E+00    0.696221736565143203E+02    0.730780719434714734E-05    0.272058464060009353E+01    0.263507784378918242E+01    0.138479111694234158E+00    0.143897740857668932E+00    0.811088652392198961E+00    0.725766180814245558E+02    0.537453175190879651E+00    0.257234098052516469E+01   -0.161010412082210882E+06
    0.357846179961663236E+00    0.260188769519112206E+02    0.334418448111390859E-05    0.269831908525143938E+01    0.206913396665485472E+01    0.146735879410306719E+00    0.144081700656302159E+00    0.804182641572687373E+00    0.725887752215102182E+02    0.539386836196135699E+00    0.257303424918206058E+01   -0.161010378412932419E+06
    0.250023427001949350E+00    0.644607857376594637E+02    0.192530656691594406E-05    0.138371281692716508E+01    0.460850813005397608E+01    0.138778916292217031E+00    0.146879206410230945E+00    0.808290524889139883E+00    0.721623200259916899E+02    0.541244707809353187E+00    0.256758628553606494E+01   -0.161010299100331991E+06
    0.599039054467337850E+00    0.981482354125635084E+02    0.231421363230279068E-05    0.243113664808760355E+01    0.185745659623364778E+01    0.140251004236481125E+00    0.146335263804764554E+00    0.808559063237168862E+00    0.717337895259657898E+02    0.537549401380939429E+00    0.258282874155122855E+01   -0.161010161953436211E+06
    0.349136160016735642E+00    0.617322949378570627E+02    0.802105536365774324E-05    0.719582414108112522E+00    0.362412309711584246E+01    0.140411904172139668E+00    0.139801338675985098E+00    0.812794839905698119E+00    0.714689486824480156E+02    0.537966995410286919E+00    0.257284874657941875E+01   -0.161010144408102176E+06
    0.220848612545934159E+00    0.273911898183561462E+02    0.228361013849697559E-05    0.371836022364670227E+00    0.678203672251939338E+01    0.140859225227277562E+00    0.142778499736322950E+00    0.806568291894316447E+00    0.717315877708386864E+02    0.539600565048561798E+00    0.256440878716730136E+01   -0.161010117131329520E+06
    0.220848612545934159E+00    0.273911898183561462E+02    0.228361013849697559E-05    0.371836022364670227E+00    0.678203672251939338E+01    0.140859225227277562E+00    0.142778499736322950E+00    0.806568291894316447E+00    0.717315877708386864E+02    0.539600565048561798E+00    0.256440878716730136E+01   -0.161010117131329520E+06
    0.452278168793544044E+00    0.245445017047476561E+02    0.254648357916204546E-04    0.493032392781077855E+00    0.697714318062034078E+01    0.135704005627855201E+00    0.142303575177670311E+00    0.809081875596011191E+00    0.724092125939968980E+02    0.536585292629281674E+00    0.257731187501033432E+01   -0.161010111578481301E+06
    0.452278168793544044E+00    0.245445017047476561E+02    0.254648357916204546E-04    0.493032392781077855E+00    0.697714318062034078E+01    0.135704005627855201E+00    0.142303575177670311E+00    0.809081875596011191E+00    0.724092125939968980E+02    0.536585292629281674E+00    0.257731187501033432E+01   -0.161010111578481301E+06
    0.510840409650724192E+00    0.942470442850905812E+02    0.246646709738220658E-04    0.121819671443753097E+01    0.348769539582492705E+01    0.145263985724280925E+00    0.141667820379968973E+00    0.809303857400808901E+00    0.724069823785595901E+02    0.537319801281540110E+00    0.257865280924470763E+01   -0.161010082013884996E+06
    0.467988344926588362E+00    0.234213805487038655E+02    0.219659508059199748E-05    0.295517251915856871E+01    0.429439247475326447E+01    0.148336515691248172E+00    0.146846020965362783E+00    0.808552526952328598E+00    0.718428688444931538E+02    0.537815974969578003E+00    0.257429915577477297E+01   -0.161009976991661271E+06
    0.814973712151520369E+00    0.128888869172578836E+03    0.212686923755906379E-05    0.800764885154979678E+00    0.394975908816870813E+01    0.144647454841353384E+00    0.143080021995772744E+00    0.810147858208392524E+00    0.719728137775686321E+02    0.539346159731447061E+00    0.257731816841817274E+01   -0.161009953611757926E+06
    0.651311977909516004E+00    0.201883486759362896E+02    0.643856225097282044E-05    0.362372303363625070E+01    0.393025710771873982E+01    0.139724427871286888E+00    0.140584679702588061E+00    0.812043632789982261E+00    0.726090602627887307E+02    0.539977973985624971E+00    0.256995547565582161E+01   -0.161009945118292642E+06
    0.870774579445070973E+00    0.125541168656470834E+02    0.519845547017289627E-05    0.826658329468967890E+00    0.637561620413516916E+01    0.139896164639023407E+00    0.139789528714011180E+00    0.805667982158006835E+00    0.722329297874153724E+02    0.537402314110723700E+00    0.258249591083060315E+01   -0.161009917316445295E+06
    0.870774579445070973E+00    0.125541168656470834E+02    0.519845547017289627E-05    0.826658329468967890E+00    0.637561620413516916E+01    0.139896164639023407E+00    0.139789528714011180E+00    0.805667982158006835E+00    0.722329297874153724E+02    0.537402314110723700E+00    0.258249591083060315E+01   -0.161009917316445295E+06
    0.573306537609768574E+00    0.101972723372010904E+03    0.585789861572854152E-05    0.205866528772060775E+01    0.547175924423329185E+01    0.136748584869646000E+00    0.139307298273660590E+00    0.808033348837348786E+00    0.722910366637834869E+02    0.536980938023329024E+00    0.257981255332059156E+01   -0.161009882202070410E+06
    0.815856693244909614E+00    0.121855096404154949E+03    0.255314036775240980E-05    0.359757846084049193E+01    0.307381146700717611E+01    0.144261950254703480E+00    0.144347525258243931E+00    0.807185815416009644E+00    0.726713714858245083E+02    0.536846973286643991E+00    0.258366871579579893E+01   -0.161009798034367152E+06
    0.664370301940524266E+00    0.129283609589732180E+03    0.475496195309035189E-05    0.330598176778029584E+01    0.586259881374609471E+01    0.136845929224295948E+00    0.141813456017117839E+00    0.809617844408959675E+00    0.719353088706895392E+02    0.539888376423990457E+00    0.256541883380251212E+01   -0.161009795269025635E+06
    0.210152394026507122E+00    0.675749036867156292E+02    0.102147132811862956E-05    0.320339526702688948E+01    0.703137395789598862E+01    0.139920964450427232E+00    0.145728212979719662E+00    0.811981135332058068E+00    0.715266705865111732E+02    0.539386700278412179E+00    0.256633761791571668E+01   -0.161009778065218386E+06
    0.345581868193505670E+00    0.122649431246109160E+03    0.452170476360469498E-05    0.164118213559197712E+01    0.712207231690342546E+01    0.140168210223894557E+00    0.140005642617572146E+00    0.811415803439850647E+00    0.725291442183900159E+02    0.538417921135562194E+00    0.257755067082555644E+01   -0.161009722770951776E+06
    0.345581868193505670E+00    0.122649431246109160E+03    0.452170476360469498E-05    0.164118213559197712E+01    0.712207231690342546E+01    0.140168210223894557E+00    0.140005642617572146E+00    0.811415803439850647E+00    0.725291442183900159E+02    0.538417921135562194E+00    0.257755067082555644E+01   -0.161009722770951776E+06
    0.233275606154697085E+00    0.630275507495918461E+02    0.185520438814620982E-05    0.304506625659995134E+01    0.351013524991397574E+01    0.140526263519633210E+00    0.141519488568063706E+00    0.812015460569937453E+00    0.718183087308917862E+02    0.538006560936070577E+00    0.257991864394964399E+01   -0.161009719184515270E+06
    0.233275606154697085E+00    0.630275507495918461E+02    0.185520438814620982E-05    0.304506625659995134E+01    0.351013524991397574E+01    0.140526263519633210E+00    0.141519488568063706E+00    0.812015460569937453E+00    0.718183087308917862E+02    0.538006560936070577E+00    0.257991864394964399E+01   -0.161009719184515270E+06
    0.725922000429534808E+00    0.530573316901090664E+02    0.625972640222151884E-05    0.168087701333110862E+01    0.412282293318394810E+01    0.142320844895790694E+00    0.143133544862524970E+00    0.808446975500312526E+00    0.720504504771924132E+02    0.541234139463146469E+00    0.256150420128201795E+01   -0.161009713787463261E+06
    0.725922000429534808E+00    0.530573316901090664E+02    0.625972640222151884E-05    0.168087701333110862E+01    0.412282293318394810E+01    0.142320844895790694E+00    0.143133544862524970E+00    0.808446975500312526E+00    0.720504504771924132E+02    0.541234139463146469E+00    0.256150420128201795E+01   -0.161009713787463261E+06
    0.953547030219496383E+00    0.712123716337798527E+02    0.195236820900613692E-04    0.390191009174603742E+01    0.174213850904519330E+01    0.142143973025153691E+00    0.141197621440404708E+00    0.812033488173445672E+00    0.722167247411363178E+02    0.537779617689708722E+00    0.257887624904488577E+01   -0.161009636045368534E+06
    0.334636728414085205E+00    0.195929739798371472E+02    0.458603200148011876E-05    0.139537255468445132E+01    0.225285635007657081E+01    0.138753996677200953E+00    0.143579681901441353E+00    0.804311170014394561E+00    0.718878199037388583E+02    0.538789866995292854E+00    0.257058805889044883E+01   -0.161009630939207011E+06
    0.518231232275534803E+00    0.176459910548141124E+03    0.108257980860219684E-05    0.323677184922221617E+01    0.592487311098627867E+01    0.135638848730197159E+00    0.144434637252947140E+00    0.805842039134825328E+00    0.721821663711381660E+02    0.538961350411256812E+00    0.257196005881649548E+01   -0.161009595160946919E+06
    0.298198492359403766E+00    0.388679503380957954E+02    0.534681021221810461E-05    0.922508219131594309E+00    0.305034192461226450E+01    0.141933303277353595E+00    0.147361776090189883E+00    0.808614842031516678E+00    0.712317068926136017E+02    0.538645860398774379E+00    0.257324657662593781E+01   -0.161009575146691350E+06
    0.401827278705133129E+00    0.893260374319025914E+02    0.526358626695294662E-05    0.328982898835026827E+01    0.114749812495244785E+01    0.139085810037349045E+00    0.142703948606662884E+00    0.811165685159231487E+00    0.712113543038333745E+02    0.539167621603851122E+00    0.256781104645251990E+01   -0.161009529345556512E+06
    0.240851761868945191E+00    0.361325539404893163E+02    0.313275116424279287E-05    0.173736086154022251E+01    0.923407516778918525E+00    0.145139656251129623E+00    0.142959868304456811E+00    0.809863280992656698E+00    0.717244076593917583E+02    0.538711624357389618E+00    0.256804313491678871E+01   -0.161009525773463305E+06
    0.810162330323498159E+00    0.123303715347892037E+03    0.483854183963052049E-05    0.326853396053400047E+01    0.159967320780614819E+01    0.143573531661891046E+00    0.143064404028509479E+00    0.809696788950650337E+00    0.715477082551706900E+02    0.539526940769220920E+00    0.257532409491252023E+01   -0.161009517525572184E+06
    0.822105422683792941E+00    0.174930315704746079E+03    0.282418180433194888E-05    0.254500372664881569E+01    0.251209576179688643E+01    0.143199721895710619E+00    0.139972622068564645E+00    0.804969798264099090E+00    0.719247762169754878E+02    0.539891450866129663E+00    0.256828692313628659E+01   -0.161009513395395683E+06
    0.751269380179261148E+00    0.777679490819768944E+02    0.237610519238747034E-05    0.316819226946257704E+01    0.426927448956920852E+01    0.141325492390870722E+00    0.145945505410022935E+00    0.813779922333951244E+00    0.721008506033457763E+02    0.539817846561849279E+00    0.256987424585297264E+01   -0.161009493785524595E+06
    0.751269380179261148E+00    0.777679490819768944E+02    0.237610519238747034E-05    0.316819226946257704E+01    0.426927448956920852E+01    0.141325492390870722E+00    0.145945505410022935E+00    0.813779922333951244E+00    0.721008506033457763E+02    0.539817846561849279E+00    0.256987424585297264E+01   -0.161009493785524595E+06
    0.829819211617544905E+00    0.216158548711907557E+02    0.519825220559386074E-05    0.226457587511750802E+01    0.561281912108407077E+01    0.142045621725324145E+00    0.143309781394074548E+00    0.809050877574186478E+00    0.721478944942021627E+02    0.537375297130774365E+00    0.257276413232516088E+01   -0.161009452960105817E+06
    0.829819211617544905E+00    0.216158548711907557E+02    0.519825220559386074E-05    0.226457587511750802E+01    0.561281912108407077E+01    0.142045621725324145E+00    0.143309781394074548E+00    0.809050877574186478E+00    0.721478944942021627E+02    0.537375297130774365E+00    0.257276413232516088E+01   -0.161009452960105817E+06
    0.367179026966007349E+00    0.123527800882591421E+03    0.121150367282502740E-05    0.272662331123370594E+01    0.648998873322512981E+01    0.142805531662681645E+00    0.141382238003525035E+00    0.810200174227851289E+00    0.717992973452141143E+02    0.536391675345522678E+00    0.258002050154410911E+01   -0.161009448787227651E+06
    0.846009674468221951E+00    0.126863946568716983E+03    0.485387509887292114E-05    0.177860870213139122E+01    0.492555958812352657E+01    0.138939942177673831E+00    0.140212929349617821E+00    0.811267112811772551E+00    0.725146205751514543E+02    0.537797142574331866E+00    0.257229644581240580E+01   -0.161009422580392595E+06
    0.846009674468221951E+00    0.126863946568716983E+03    0.485387509887292114E-05    0.177860870213139122E+01    0.492555958812352657E+01    0.138939942177673831E+00    0.140212929349617821E+00    0.811267112811772551E+00    0.725146205751514543E+02    0.537797142574331866E+00    0.257229644581240580E+01   -0.161009422580392595E+06
    0.250129483160645538E+00    0.813482918819518552E+01    0.101455934664394336E-05    0.247722372909201161E+01    0.292285103684903014E+01    0.140772065483036973E+00    0.142699433914019735E+00    0.810307992542967481E+00    0.711411474590049551E+02    0.539479670989144733E+00    0.257240609256111075E+01   -0.161009407061301841E+06
    0.784649091948750987E+00    0.900352229796209542E+02    0.104568083394614554E-04    0.143273241277506513E+01    0.145108586046605437E+01    0.140979183542762537E+00    0.139374922673304896E+00    0.808789984445083432E+00    0.723019007202931050E+02    0.541357198525409755E+00    0.256513907266365049E+01   -0.161009388124890305E+06
    0.459483414698725723E+00    0.200531179579815415E+02    0.136312841673568364E-04    0.103606653607370292E+01    0.412502515806428161E+01    0.145087378418497559E+00    0.145882141972929064E+00    0.810982250984397579E+00    0.719137258374273216E+02    0.536883194188960911E+00    0.257940339651412076E+01   -0.161009256765012571E+06
    0.858033338205110185E+00    0.123865818979736062E+03    0.203354070266562320E-05    0.282915930223115364E+01    0.670581365856348643E+01    0.146344798084412642E+00    0.142794389703275654E+00    0.808541741100382128E+00    0.719014026848419547E+02    0.537438696866138432E+00    0.257575367494447560E+01   -0.161009145001563593E+06
    0.858033338205110185E+00    0.123865818979736062E+03    0.203354070266562320E-05    0.282915930223115364E+01    0.670581365856348643E+01    0.146344798084412642E+00    0.142794389703275654E+00    0.808541741100382128E+00    0.719014026848419547E+02    0.537438696866138432E+00    0.257575367494447560E+01   -0.161009145001563593E+06
    0.245140400760120669E+00    0.731035177852151037E+02    0.338149397202525798E-05    0.214866987723015601E+01    0.273049500013744773E+01    0.140675617634360484E+00    0.144277736332684953E+00    0.809368625761795579E+00    0.717678071893589333E+02    0.541527099322427929E+00    0.256233926663963585E+01   -0.161009143688837648E+06
    0.245140400760120669E+00    0.731035177852151037E+02    0.338149397202525798E-05    0.214866987723015601E+01    0.273049500013744773E+01    0.140675617634360484E+00    0.144277736332684953E+00    0.809368625761795579E+00    0.717678071893589333E+02    0.541527099322427929E+00    0.256233926663963585E+01   -0.161009143688837648E+06
    0.451335238110539827E+00    0.118825044395388716E+03    0.148497628459959146E-05    0.373484041173725467E+01    0.661194842788466985E+01    0.142442938611544112E+00    0.139164092007195567E+00    0.805549014734111335E+00    0.720315328419220577E+02    0.539221359826085322E+00    0.257228274871161444E+01   -0.161009142175849178E+06
    0.919600644462236660E+00    0.157072564039646323E+03    0.202628074339131070E-05    0.121701158278620603E+01    0.245513117483360332E+01    0.139880655397427278E+00    0.144765972049466535E+00    0.805635446140540834E+00    0.718694978580232089E+02    0.538839510601027749E+00    0.256932426955762239E+01   -0.161009064481080015E+06
    0.919600644462236660E+00    0.157072564039646323E+03    0.202628074339131070E-05    0.121701158278620603E+01    0.245513117483360332E+01    0.139880655397427278E+00    0.144765972049466535E+00    0.805635446140540834E+00    0.718694978580232089E+02    0.538839510601027749E+00    0.256932426955762239E+01   -0.161009064481080015E+06
    0.880859097446265116E+00    0.103415768002109417E+03    0.108038051782997965E-05    0.325161166605192964E+01    0.527599424121468008E+01    0.141471502525735371E+00    0.142863049064443332E+00    0.806848117670856846E+00    0.722595708878655500E+02    0.540511525181312291E+00    0.257172671380409312E+01   -0.161009037984066090E+06
    0.880859097446265116E+00    0.103415768002109417E+03    0.108038051782997965E-05    0.325161166605192964E+01    0.527599424121468008E+01    0.141471502525735371E+00    0.142863049064443332E+00    0.806848117670856846E+00    0.722595708878655500E+02    0.540511525181312291E+00    0.257172671380409312E+01   -0.161009037984066090E+06
    0.775091036216085438E+00    0.137593999500957352E+03    0.582388551798322836E-05    0.178101927345778943E+01    0.641378824606612064E+01    0.141710940767573707E+00    0.141338234920724504E+00    0.812040306212979290E+00    0.720022398489344937E+02    0.537524898582286581E+00    0.257522161444999043E+01   -0.161009023245302640E+06
    0.607999912634565209E+00    0.257212849953653055E+02    0.373180693001204627E-04    0.755059431795273128E+00    0.434641774243450385E+01    0.136703282419251615E+00    0.139346649223172775E+00    0.808984175806464645E+00    0.722916772840429047E+02    0.537637706785644931E+00    0.257693451287444075E+01   -0.161008992657815048E+06
    0.607999912634565209E+00    0.257212849953653055E+02    0.373180693001204627E-04    0.755059431795273128E+00    0.434641774243450385E+01    0.136703282419251615E+00    0.139346649223172775E+00    0.808984175806464645E+00    0.722916772840429047E+02    0.537637706785644931E+00    0.257693451287444075E+01   -0.161008992657815048E+06
    0.251151906314341200E+00    0.138506242499436127E+03    0.118978698368877726E-05    0.313637408015879338E+01    0.399185068484967065E+01    0.141808123395549157E+00    0.142102041271113033E+00    0.812659166274815492E+00    0.719617404190545642E+02    0.538254569442199626E+00    0.257765830734781254E+01   -0.161008986917797971E+06
    0.251151906314341200E+00    0.138506242499436127E+03    0.118978698368877726E-05    0.313637408015879338E+01    0.399185068484967065E+01    0.141808123395549157E+00    0.142102041271113033E+00    0.812659166274815492E+00    0.719617404190545642E+02    0.538254569442199626E+00    0.257765830734781254E+01   -0.161008986917797971E+06
    0.377307929222112759E+00    0.524959587857035288E+02    0.398902293149412399E-05    0.189061161623707208E+01    0.496901851383877347E+01    0.138176067817785436E+00    0.138155646672222049E+00    0.811340333355139665E+00    0.723830035793486957E+02    0.540144220785284901E+00    0.256739889797617549E+01   -0.161008909755461937E+06
    0.377307929222112759E+00    0.524959587857035288E+02    0.398902293149412399E-05    0.189061161623707208E+01    0.496901851383877347E+01    0.138176067817785436E+00    0.138155646672222049E+00    0.811340333355139665E+00    0.723830035793486957E+02    0.540144220785284901E+00    0.256739889797617549E+01   -0.161008909755461937E+06
    0.700786274026687472E+00    0.107790834419294100E+03    0.141242874730697873E-05    0.310601279290195897E+01    0.489239726768064376E+01    0.142950692981844069E+00    0.145139350846877568E+00    0.807301344486040628E+00    0.716973051261728216E+02    0.540601801988528807E+00    0.256904889977611006E+01   -0.161008863105259341E+06
    0.700786274026687472E+00    0.107790834419294100E+03    0.141242874730697873E-05    0.310601279290195897E+01    0.489239726768064376E+01    0.142950692981844069E+00    0.145139350846877568E+00    0.807301344486040628E+00    0.716973051261728216E+02    0.540601801988528807E+00    0.256904889977611006E+01   -0.161008863105259341E+06
    0.420970743489030408E+00    0.143824539302327480E+03    0.469809419467545697E-05    0.293261579460088972E+01    0.188419511576158238E+01    0.144951376258489251E+00    0.143509527596030528E+00    0.807320045363910666E+00    0.725000474536252995E+02    0.540223342550035013E+00    0.257081689525138346E+01   -0.161008849471754977E+06
    0.420970743489030408E+00    0.143824539302327480E+03    0.469809419467545697E-05    0.293261579460088972E+01    0.188419511576158238E+01    0.144951376258489251E+00    0.143509527596030528E+00    0.807320045363910666E+00    0.725000474536252995E+02    0.540223342550035013E+00    0.257081689525138346E+01   -0.161008849471754977E+06
    0.614867715032427986E+00    0.192949236718947787E+02    0.505013752074040747E-05    0.221760828657759201E+00    0.499683619773842480E+01    0.138076056827128868E+00    0.140884123088285573E+00    0.810809067397389338E+00    0.717350946716096445E+02    0.536999119438755335E+00    0.258030742390814849E+01   -0.161008801626411994E+06
    0.874608841506115953E+00    0.366649383067539105E+02    0.396498907548597797E-05    0.913330563334983747E+00    0.379990702123883040E+01    0.145130613418579774E+00    0.145435347947382276E+00    0.808975842930528044E+00    0.721930220712628028E+02    0.540638542595458960E+00    0.256964926252440984E+01   -0.161008782081614569E+06
    0.874608841506115953E+00    0.366649383067539105E+02    0.396498907548597797E-05    0.913330563334983747E+00    0.379990702123883040E+01    0.145130613418579774E+00    0.145435347947382276E+00    0.808975842930528044E+00    0.721930220712628028E+02    0.540638542595458960E+00    0.256964926252440984E+01   -0.161008782081614569E+06
    0.645655161539996691E+00    0.574343710728459058E+02    0.221672271602868786E-05    0.126238597862109869E+01    0.132625168988638276E+01    0.141051357328641491E+00    0.143783405492878047E+00    0.804521211462689623E+00    0.721818300158427633E+02    0.540005879572701630E+00    0.257104399166506914E+01   -0.161008781302694115E+06
    0.645655161539996691E+00    0.574343710728459058E+02    0.221672271602868786E-05    0.126238597862109869E+01    0.132625168988638276E+01    0.141051357328641491E+00    0.143783405492878047E+00    0.804521211462689623E+00    0.721818300158427633E+02    0.540005879572701630E+00    0.257104399166506914E+01   -0.161008781302694115E+06
    0.553704279922779152E+00    0.805992184864100523E+02    0.127562781696270619E-04    0.207247369476248045E+01    0.388209058707616617E+01    0.140378301891253859E+00    0.142906761412574523E+00    0.809163588267730827E+00    0.717041018565971768E+02    0.538194160895579032E+00    0.257692805743188424E+01   -0.161008767225746938E+06
    0.553704279922779152E+00    0.805992184864100523E+02    0.127562781696270619E-04    0.207247369476248045E+01    0.388209058707616617E+01    0.140378301891253859E+00    0.142906761412574523E+00    0.809163588267730827E+00    0.717041018565971768E+02    0.538194160895579032E+00    0.257692805743188424E+01   -0.161008767225746938E+06
    0.804303512108126339E+00    0.173359412402112611E+03    0.315483072997639757E-05    0.110503062243722927E+01    0.245518521976899695E+01    0.138472763263762899E+00    0.144700494896003312E+00    0.812097351382723653E+00    0.718900113553091131E+02    0.538102994092845788E+00    0.257801162111596760E+01   -0.161008699864377442E+06
    0.804303512108126339E+00    0.173359412402112611E+03    0.315483072997639757E-05    0.110503062243722927E+01    0.245518521976899695E+01    0.138472763263762899E+00    0.144700494896003312E+00    0.812097351382723653E+00    0.718900113553091131E+02    0.538102994092845788E+00    0.257801162111596760E+01   -0.161008699864377442E+06
    0.770110027865632985E+00    0.169751889137892192E+03    0.474841778578284878E-05    0.339180802094008094E+01    0.212999778660054684E+01    0.135877045069555308E+00    0.140841220885315394E+00    0.811287971092048421E+00    0.720515803534422474E+02    0.537876852259692839E+00    0.257720835585409214E+01   -0.161008680444184371E+06
    0.357142348694378498E+00    0.813883209015455691E+02    0.208113628119729904E-05    0.249329675354354441E+01    0.499586602426177606E+01    0.140336492757194203E+00    0.141032513558664696E+00    0.807154511331695801E+00    0.728362241203769116E+02    0.538446396334632871E+00    0.257575041838846497E+01   -0.161008675677372055E+06
    0.546605493212551585E+00    0.713641822914326980E+02    0.688609554562266605E-05    0.152837597269341374E+00    0.422059219661840501E+01    0.138797996916698030E+00    0.141063280165832500E+00    0.812686994409770991E+00    0.720492402057173962E+02    0.539056274954345382E+00    0.257517618603621701E+01   -0.161008672713775042E+06
    0.546605493212551585E+00    0.713641822914326980E+02    0.688609554562266605E-05    0.152837597269341374E+00    0.422059219661840501E+01    0.138797996916698030E+00    0.141063280165832500E+00    0.812686994409770991E+00    0.720492402057173962E+02    0.539056274954345382E+00    0.257517618603621701E+01   -0.161008672713775042E+06
    0.951172805937038346E+00    0.117279524704838053E+03    0.421241755432228380E-05    0.139212785098158709E+01    0.549856729465772798E+01    0.144543359903424568E+00    0.146471611358301335E+00    0.807191754097938530E+00    0.716909273481780360E+02    0.538166351550915079E+00    0.257350745516546375E+01   -0.161008667819562106E+06
    0.376265411567011099E+00    0.109493038599185510E+03    0.983822244406084300E-05    0.342410038438824316E+01    0.221832748601100249E+01    0.141510514550613559E+00    0.142637714729785009E+00    0.808206084773107847E+00    0.718575483703249063E+02    0.536746581575387016E+00    0.257984964424689656E+01   -0.161008646220212191E+06
    0.826588954953087818E+00    0.633715726227654930E+01    0.775339929317418644E-05    0.295959221290253893E+01    0.310925754160971213E+01    0.144539898513751680E+00    0.144473940208418306E+00    0.807464170138213921E+00    0.725356848926201536E+02    0.537911360562160712E+00    0.257526462358079655E+01   -0.161008624875060545E+06
    0.826588954953087818E+00    0.633715726227654930E+01    0.775339929317418644E-05    0.295959221290253893E+01    0.310925754160971213E+01    0.144539898513751680E+00    0.144473940208418306E+00    0.807464170138213921E+00    0.725356848926201536E+02    0.537911360562160712E+00    0.257526462358079655E+01   -0.161008624875060545E+06
    0.331469960006953113E+00    0.859994540978076003E+02    0.123796747639269508E-05    0.286657726096456988E+01    0.111293434301109961E+01    0.143787990926552006E+00    0.141124096900604123E+00    0.810587793201529072E+00    0.714702526655151757E+02    0.539322864933391988E+00    0.256961101522188073E+01   -0.161008620261378208E+06
    0.331469960006953113E+00    0.859994540978076003E+02    0.123796747639269508E-05    0.286657726096456988E+01    0.111293434301109961E+01    0.143787990926552006E+00    0.141124096900604123E+00    0.810587793201529072E+00    0.714702526655151757E+02    0.539322864933391988E+00    0.256961101522188073E+01   -0.161008620261378208E+06
    0.230191220167457578E+00    0.517766825163928175E+02    0.285589321846014418E-04    0.196747553510547912E+01    0.894200887582084603E+00    0.140190123116298443E+00    0.139780567036507958E+00    0.807958717013724570E+00    0.724344970266191410E+02    0.538428016269818399E+00    0.257850060994557362E+01   -0.161008617748431949E+06
    0.348628304347014917E+00    0.150090222312542750E+03    0.184183420040858525E-05    0.212716434402150378E+01    0.433883338706773269E+01    0.138167065196445060E+00    0.139326494026407177E+00    0.810277466665416002E+00    0.714690931374794474E+02    0.539598546997702933E+00    0.256865408782158866E+01   -0.161008598621714016E+06
    0.900231606393321337E+00    0.132222631172689006E+03    0.283726712988775915E-05    0.877344074788304118E+00    0.641273076199282333E+01    0.142919579578303008E+00    0.141152616583079121E+00    0.805340564438576711E+00    0.722626135496128512E+02    0.538412514837596223E+00    0.257828699925579841E+01   -0.161008580419718899E+06
    0.900231606393321337E+00    0.132222631172689006E+03    0.283726712988775915E-05    0.877344074788304118E+00    0.641273076199282333E+01    0.142919579578303008E+00    0.141152616583079121E+00    0.805340564438576711E+00    0.722626135496128512E+02    0.538412514837596223E+00    0.257828699925579841E+01   -0.161008580419718899E+06
    0.754100293268168853E+00    0.496441085244789022E+02    0.310168885268341212E-05    0.911905631941672068E+00    0.682288700156198047E+01    0.140560619288239846E+00    0.140654294057826756E+00    0.806572919392458232E+00    0.721687615690351549E+02    0.538738536082634667E+00    0.256880421644171042E+01   -0.161008569468817179E+06
    0.754100293268168853E+00    0.496441085244789022E+02    0.310168885268341212E-05    0.911905631941672068E+00    0.682288700156198047E+01    0.140560619288239846E+00    0.140654294057826756E+00    0.806572919392458232E+00    0.721687615690351549E+02    0.538738536082634667E+00    0.256880421644171042E+01   -0.161008569468817179E+06
    0.947855983849761996E+00    0.170034724890413962E+02    0.840267770943414627E-05    0.386591911966745194E-01    0.703645517815044652E+01    0.146114479279290388E+00    0.143226270517571724E+00    0.804967268942580416E+00    0.723748345105455115E+02    0.538412965689086920E+00    0.257528117080629837E+01   -0.161008563522072771E+06
    0.778791122556875326E+00    0.178819529020541040E+03    0.166247936344116797E-05    0.268638339556840755E+01    0.391500038179057341E+01    0.146588562218736201E+00    0.144702202259231166E+00    0.807506080512744306E+00    0.722896922220517979E+02    0.539937872924560636E+00    0.256986686663810504E+01   -0.161008538401650236E+06
    0.778791122556875326E+00    0.178819529020541040E+03    0.166247936344116797E-05    0.268638339556840755E+01    0.391500038179057341E+01    0.146588562218736201E+00    0.144702202259231166E+00    0.807506080512744306E+00    0.722896922220517979E+02    0.539937872924560636E+00    0.256986686663810504E+01   -0.161008538401650236E+06
    0.330361842205669443E+00    0.384839796188552441E+02    0.940000374391896417E-05    0.250969342523819128E+01    0.194698445315121482E+01    0.145104184072843118E+00    0.145638132448611790E+00    0.809403328243354370E+00    0.726979962611248141E+02    0.537894702795060575E+00    0.257488339465969363E+01   -0.161008536027363152E+06
    0.442692972691615227E+00    0.156178823976872167E+03    0.225136639618452425E-05    0.230940399371416527E+01    0.444515735837241799E+01    0.143845900251883985E+00    0.146332815232237512E+00    0.805529227558552607E+00    0.723587640431703534E+02    0.538734930979935966E+00    0.257474415553931024E+01   -0.161008512820745033E+06
    0.442692972691615227E+00    0.156178823976872167E+03    0.225136639618452425E-05    0.230940399371416527E+01    0.444515735837241799E+01    0.143845900251883985E+00    0.146332815232237512E+00    0.805529227558552607E+00    0.723587640431703534E+02    0.538734930979935966E+00    0.257474415553931024E+01   -0.161008512820745033E+06
    0.480285372464955285E+00    0.273163769516471113E+02    0.215866598961084962E-05    0.143448104672763188E+01    0.559165409127127688E+01    0.139058880684714559E+00    0.141306679474890173E+00    0.806691648301884445E+00    0.720793448311595739E+02    0.538516522156323174E+00    0.257874693516038356E+01   -0.161008501193297358E+06
    0.480285372464955285E+00    0.273163769516471113E+02    0.215866598961084962E-05    0.143448104672763188E+01    0.559165409127127688E+01    0.139058880684714559E+00    0.141306679474890173E+00    0.806691648301884445E+00    0.720793448311595739E+02    0.538516522156323174E+00    0.257874693516038356E+01   -0.161008501193297358E+06
    0.607744966557738686E+00    0.324068131368629508E+02    0.751542577866421803E-05    0.244513511174148812E+01    0.307472569751872893E+01    0.141925514666456809E+00    0.143277904960618374E+00    0.810355912181442095E+00    0.725557934482020670E+02    0.537057749222941694E+00    0.257890191136189362E+01   -0.161008470553873660E+06
    0.565311568761643790E+00    0.157451885460190027E+03    0.345186138318134100E-05    0.222655856552320763E+01    0.417847777498169126E+01    0.138879911981035720E+00    0.146389322764427343E+00    0.807888684978199434E+00    0.723155708925606149E+02    0.538699948701411802E+00    0.257539889470220773E+01   -0.161008420758972410E+06
    0.667800373399221048E+00    0.982433861783203071E+02    0.156859130508804803E-05    0.596604472085155102E+00    0.515842127808553474E+01    0.134886473412414221E+00    0.141171678398107486E+00    0.808110686104281717E+00    0.719160743553234596E+02    0.538328469472098781E+00    0.257181501003996660E+01   -0.161008404031297570E+06
    0.667800373399221048E+00    0.982433861783203071E+02    0.156859130508804803E-05    0.596604472085155102E+00    0.515842127808553474E+01    0.134886473412414221E+00    0.141171678398107486E+00    0.808110686104281717E+00    0.719160743553234596E+02    0.538328469472098781E+00    0.257181501003996660E+01   -0.161008404031297570E+06
    0.960746428203396174E+00    0.147231950457088601E+03    0.589420736333977706E-05    0.263428828889637812E+01    0.115691566902636334E+01    0.140438781474196472E+00    0.148282440473000376E+00    0.809553872030038812E+00    0.720090191303467009E+02    0.537775443028992384E+00    0.257769731145231962E+01   -0.161008393714226288E+06
    0.960746428203396174E+00    0.147231950457088601E+03    0.589420736333977706E-05    0.263428828889637812E+01    0.115691566902636334E+01    0.140438781474196472E+00    0.148282440473000376E+00    0.809553872030038812E+00    0.720090191303467009E+02    0.537775443028992384E+00    0.257769731145231962E+01   -0.161008393714226288E+06
    0.505358421670179858E+00    0.116427421413940777E+03    0.397691827267122299E-05    0.898223658059618457E+00    0.333411271319685021E+01    0.138735598639567553E+00    0.144336982504860156E+00    0.808960785676344329E+00    0.722101341390507940E+02    0.541011966906006947E+00    0.256705505663220679E+01   -0.161008391533264803E+06
    0.211477344103852327E+00    0.106069727739481692E+03    0.590559421357595013E-05    0.134191333951467495E+01    0.654973602467541749E+01    0.139134639631417006E+00    0.139143887560345486E+00    0.811110992832196231E+00    0.723500623544594390E+02    0.539281825689770122E+00    0.256949549250563303E+01   -0.161008319212934875E+06
    0.211477344103852327E+00    0.106069727739481692E+03    0.590559421357595013E-05    0.134191333951467495E+01    0.654973602467541749E+01    0.139134639631417006E+00    0.139143887560345486E+00    0.811110992832196231E+00    0.723500623544594390E+02    0.539281825689770122E+00    0.256949549250563303E+01   -0.161008319212934875E+06
    0.341093338294583992E+00    0.707863955941573977E+02    0.118140867281117620E-04    0.751162158718758910E+00    0.637507104558110349E+01    0.142280138906556608E+00    0.144003329705623601E+00    0.805316831296919666E+00    0.725122403298801572E+02    0.537877181020549378E+00    0.257682465229486635E+01   -0.161008271113614290E+06
    0.341093338294583992E+00    0.707863955941573977E+02    0.118140867281117620E-04    0.751162158718758910E+00    0.637507104558110349E+01    0.142280138906556608E+00    0.144003329705623601E+00    0.805316831296919666E+00    0.725122403298801572E+02    0.537877181020549378E+00    0.257682465229486635E+01   -0.161008271113614290E+06
    0.382088119760132294E+00    0.200400487421372340E+02    0.142940908713294760E-05    0.245091517311955531E+01    0.304770042164372068E+01    0.139315357567582176E+00    0.145890748327268199E+00    0.812483816908259993E+00    0.723188948562153087E+02    0.538615166328148653E+00    0.257444131502840445E+01   -0.161008236638814327E+06
    0.382088119760132294E+00    0.200400487421372340E+02    0.142940908713294760E-05    0.245091517311955531E+01    0.304770042164372068E+01    0.139315357567582176E+00    0.145890748327268199E+00    0.812483816908259993E+00    0.723188948562153087E+02    0.538615166328148653E+00    0.257444131502840445E+01   -0.161008236638814327E+06
    0.250660753100696798E+00    0.973829166770859729E+02    0.377595084727577575E-05    0.245978907532802138E+01    0.104125375811134324E+01    0.137658915453904351E+00    0.139519648872853896E+00    0.812390587853733415E+00    0.717452245834046352E+02    0.539196505683812055E+00    0.257112701993583759E+01   -0.161008229309116257E+06
    0.265437128471017358E+00    0.284039199617322211E+02    0.170070313865153883E-05    0.593814968646053098E+00    0.735017952644394157E+01    0.145430669738696144E+00    0.143497053627712479E+00    0.811546589351572312E+00    0.718583176943488979E+02    0.538248402043503993E+00    0.257573900165445746E+01   -0.161008188212983427E+06
    0.745403107092645456E+00    0.251758605236136539E+02    0.223159952073372144E-05    0.305960631105751313E+01    0.237882574454323148E+01    0.140781190790230076E+00    0.146184120968152143E+00    0.808016231616028868E+00    0.716987008929865368E+02    0.537808575117129761E+00    0.257409556403926176E+01   -0.161008157164937787E+06
    0.745403107092645456E+00    0.251758605236136539E+02    0.223159952073372144E-05    0.305960631105751313E+01    0.237882574454323148E+01    0.140781190790230076E+00    0.146184120968152143E+00    0.808016231616028868E+00    0.716987008929865368E+02    0.537808575117129761E+00    0.257409556403926176E+01   -0.161008157164937787E+06
    0.399166177475280826E+00    0.476872052246508815E+02    0.372669639347915317E-05    0.254823829652715350E+01    0.273607128684713752E+01    0.141199299792279603E+00    0.141732976138232297E+00    0.807856900430254710E+00    0.723921982913163049E+02    0.537529667240920550E+00    0.257360275151667883E+01   -0.161008145031101332E+06
    0.226786275366745560E+00    0.106998975111041297E+02    0.242833607149167064E-05    0.271622686946048596E-01    0.646832677513083798E+01    0.138327321583382651E+00    0.143257232342112600E+00    0.811385097038095138E+00    0.717158493711159792E+02    0.539779340399036967E+00    0.256553896790537816E+01   -0.161008143451271957E+06
    0.764807198603765448E+00    0.160634494677057177E+03    0.126381095899159862E-05    0.282262401023157139E+01    0.345990881093557334E+01    0.140310904560838473E+00    0.143570777640948555E+00    0.807457422158938343E+00    0.720009902153399253E+02    0.537195224668804872E+00    0.258198282636284260E+01   -0.161008125544822600E+06
    0.764807198603765448E+00    0.160634494677057177E+03    0.126381095899159862E-05    0.282262401023157139E+01    0.345990881093557334E+01    0.140310904560838473E+00    0.143570777640948555E+00    0.807457422158938343E+00    0.720009902153399253E+02    0.537195224668804872E+00    0.258198282636284260E+01   -0.161008125544822600E+06
    0.581318544145783989E+00    0.519245531137833325E+02    0.118550601698859948E-04    0.826095454657431727E-01    0.404894655156094885E+01    0.142489021136054217E+00    0.141548490829880941E+00    0.805127142199866030E+00    0.719269123534435977E+02    0.538570956010022583E+00    0.257200844597518330E+01   -0.161008110006075061E+06
    0.581318544145783989E+00    0.519245531137833325E+02    0.118550601698859948E-04    0.826095454657431727E-01    0.404894655156094885E+01    0.142489021136054217E+00    0.141548490829880941E+00    0.805127142199866030E+00    0.719269123534435977E+02    0.538570956010022583E+00    0.257200844597518330E+01   -0.161008110006075061E+06
    0.846915533825460143E+00    0.154636648492677608E+03    0.741364485858536534E-05    0.758506856079898428E+00    0.546657412077820481E+01    0.137388346369705650E+00    0.140430771406306221E+00    0.810226038406421267E+00    0.724544844937510817E+02    0.540246478552474541E+00    0.256883072507032351E+01   -0.161008107558360120E+06
    0.553866892550549661E+00    0.162049872924898068E+03    0.161712366880259298E-05    0.509116467589175281E+00    0.433334129520423872E+01    0.136777842749560202E+00    0.143508629419165146E+00    0.807564422034119600E+00    0.724315781935520562E+02    0.539645644032635485E+00    0.257197465096414568E+01   -0.161008106425122387E+06
    0.630823213728044063E+00    0.129262342746521995E+03    0.106490780472409173E-04    0.291843974402733553E+01    0.175891888706269794E+01    0.141371370309666899E+00    0.142674078295878137E+00    0.805495651446097805E+00    0.723124205015557351E+02    0.538755611005945378E+00    0.257551231437533090E+01   -0.161008084583979653E+06
    0.630823213728044063E+00    0.129262342746521995E+03    0.106490780472409173E-04    0.291843974402733553E+01    0.175891888706269794E+01    0.141371370309666899E+00    0.142674078295878137E+00    0.805495651446097805E+00    0.723124205015557351E+02    0.538755611005945378E+00    0.257551231437533090E+01   -0.161008084583979653E+06
    0.629045777265956341E+00    0.252093321837009192E+02    0.166433874209946380E-04    0.167952887482193614E+00    0.820716771589306560E+00    0.141179788487056923E+00    0.140833517156272681E+00    0.805919100550500866E+00    0.720457119642241395E+02    0.539965876763198294E+00    0.257207774019355506E+01   -0.161008083269511990E+06
    0.671309917448057680E+00    0.380168453955053423E+02    0.222414717347362899E-05    0.235835857566552098E+01    0.465891807797877622E+01    0.139597221360489743E+00    0.142334371984938535E+00    0.809748890222532269E+00    0.725802913959194598E+02    0.538861852766204019E+00    0.256910305821422336E+01   -0.161008048980736261E+06
    0.671309917448057680E+00    0.380168453955053423E+02    0.222414717347362899E-05    0.235835857566552098E+01    0.465891807797877622E+01    0.139597221360489743E+00    0.142334371984938535E+00    0.809748890222532269E+00    0.725802913959194598E+02    0.538861852766204019E+00    0.256910305821422336E+01   -0.161008048980736261E+06
    0.577745634813812359E+00    0.103567394420449119E+03    0.273604667137328841E-05    0.285050574287812573E-01    0.426610420274052249E+01    0.139777376615110416E+00    0.139324680292113146E+00    0.811866669453622958E+00    0.719572984200054435E+02    0.540195988694240459E+00    0.256660748758131918E+01   -0.161008023498208757E+06
    0.767493179864995323E+00    0.110186957753164009E+03    0.171619778044612337E-04    0.172727166624218720E+01    0.853119549570448554E+00    0.145358453434311835E+00    0.143270789411326233E+00    0.809900149587267082E+00    0.720275743916372306E+02    0.538731578386445698E+00    0.257684533360162593E+01   -0.161008008139949845E+06
    0.767493179864995323E+00    0.110186957753164009E+03    0.171619778044612337E-04    0.172727166624218720E+01    0.853119549570448554E+00    0.145358453434311835E+00    0.143270789411326233E+00    0.809900149587267082E+00    0.720275743916372306E+02    0.538731578386445698E+00    0.257684533360162593E+01   -0.161008008139949845E+06
    0.222835699710357965E+00    0.244185013049329989E+02    0.151364561144486950E-05    0.213884741964279668E+01    0.675618844524440032E+01    0.142724453368477500E+00    0.140342191135915700E+00    0.811849914841078268E+00    0.720070928482887922E+02    0.539611851291292077E+00    0.256905966652963613E+01   -0.161007989651429845E+06
    0.222835699710357965E+00    0.244185013049329989E+02    0.151364561144486950E-05    0.213884741964279668E+01    0.675618844524440032E+01    0.142724453368477500E+00    0.140342191135915700E+00    0.811849914841078268E+00    0.720070928482887922E+02    0.539611851291292077E+00    0.256905966652963613E+01   -0.161007989651429845E+06
    0.557938600856460187E+00    0.119309890228747278E+03    0.167925468995379326E-04    0.702043326698103209E+00    0.637820471658822452E+01    0.141704752204523970E+00    0.145314539421270567E+00    0.811383371985157975E+00    0.720964666580939451E+02    0.537771791494156104E+00    0.257496543803609690E+01   -0.161007965110981517E+06
    0.843129835437958830E+00    0.383617795484264903E+02    0.757140378666546637E-05    0.244592599723381904E+00    0.176858836690562060E+01    0.142439306282686695E+00    0.142068490667350167E+00    0.805707627284831585E+00    0.720910980162233983E+02    0.540251296332162068E+00    0.256940769235403099E+01   -0.161007959649280499E+06
    0.843129835437958830E+00    0.383617795484264903E+02    0.757140378666546637E-05    0.244592599723381904E+00    0.176858836690562060E+01    0.142439306282686695E+00    0.142068490667350167E+00    0.805707627284831585E+00    0.720910980162233983E+02    0.540251296332162068E+00    0.256940769235403099E+01   -0.161007959649280499E+06
    0.987982697349387262E+00    0.126493109970280642E+03    0.371708124178427457E-05    0.226179800595794234E+01    0.165215569958633268E+01    0.139026334386497558E+00    0.140609801888747887E+00    0.811879750709896486E+00    0.721476890271042777E+02    0.537714239232391922E+00    0.257427266082056727E+01   -0.161007952095107757E+06
    0.987982697349387262E+00    0.126493109970280642E+03    0.371708124178427457E-05    0.226179800595794234E+01    0.165215569958633268E+01    0.139026334386497558E+00    0.140609801888747887E+00    0.811879750709896486E+00    0.721476890271042777E+02    0.537714239232391922E+00    0.257427266082056727E+01   -0.161007952095107757E+06
    0.572620071418221244E+00    0.145634876233552063E+03    0.299692951720538292E-05    0.784277316861873075E+00    0.760012894950201723E+01    0.142425957831123134E+00    0.141719897994446370E+00    0.811481256898784142E+00    0.720035511565077826E+02    0.540350117263224461E+00    0.256560064455372849E+01   -0.161007950082549622E+06
    0.424214564827329221E+00    0.904864058028810234E+02    0.136013874902382035E-04    0.235223785565298993E+01    0.146550828948657275E+01    0.138876350515159119E+00    0.143011194356088334E+00    0.809991843233836439E+00    0.720483269582429529E+02    0.537853962067343483E+00    0.257222976951425730E+01   -0.161007944896054600E+06
    0.936735923924317815E+00    0.155048141526523892E+03    0.744254606094966211E-05    0.187730295364640942E+01    0.104683220185541304E+01    0.136684931082932143E+00    0.139534370793359230E+00    0.810685785155029093E+00    0.721758370512210661E+02    0.538398221992024029E+00    0.257588241236720839E+01   -0.161007932921545260E+06
    0.834354287166636288E+00    0.146623513871907562E+03    0.133297865513463012E-05    0.121597057061289027E+01    0.491513988449489325E+01    0.138841532215279284E+00    0.140425238873973290E+00    0.812895362448319059E+00    0.720443659249701511E+02    0.538822024213711170E+00    0.257250232916367327E+01   -0.161007928213959909E+06
    0.379679737225656511E+00    0.641065126959841791E+02    0.615735604975778938E-05    0.385612000960474266E+00    0.646854247397610216E+01    0.143028786451954104E+00    0.144420863001789357E+00    0.806479567353918680E+00    0.726960831620885699E+02    0.537874468548016682E+00    0.257722031282647945E+01   -0.161007912795054290E+06
    0.574517319067635368E+00    0.675876794652482999E+02    0.313200932970363165E-05    0.380608343952936412E+01    0.215045572819725272E+01    0.141095028192692096E+00    0.142951091753325571E+00    0.807349395132839875E+00    0.725914366517810237E+02    0.539597807818763209E+00    0.257312578348732890E+01   -0.161007892676535062E+06
    0.873616030349478212E+00    0.248361872565698647E+02    0.157913639656597444E-05    0.112798447023762427E+01    0.265300040702396078E+01    0.140462630067060168E+00    0.143128825912600621E+00    0.811599529234234174E+00    0.721016037116208963E+02    0.538999515500158566E+00    0.256770587769630287E+01   -0.161007865133079205E+06
    0.468988355032486481E+00    0.363417584793783917E+02    0.774385924463097734E-05    0.341506374403126189E+01    0.887462866296924280E+00    0.135978737338262157E+00    0.140812928401029630E+00    0.812085617812239979E+00    0.720671206546916494E+02    0.538668391295796800E+00    0.257164222148787847E+01   -0.161007864079291321E+06
    0.874883309768479611E+00    0.625623728590469739E+02    0.549078633146317591E-05    0.133015464573680076E+01    0.671467840825006146E+01    0.141277282855910791E+00    0.142520470984304676E+00    0.811471290461634132E+00    0.721607760015902358E+02    0.540278427299517361E+00    0.256892457105520977E+01   -0.161007842192098207E+06
    0.791688454363108196E+00    0.484396076895081436E+02    0.175737261936866790E-04    0.110703412975260873E+01    0.203818800969346947E+01    0.139026379350956408E+00    0.141905863398992749E+00    0.809386355008269165E+00    0.723715439589836080E+02    0.539823316219909977E+00    0.257167465073852064E+01   -0.161007828616695944E+06
    0.791688454363108196E+00    0.484396076895081436E+02    0.175737261936866790E-04    0.110703412975260873E+01    0.203818800969346947E+01    0.139026379350956408E+00    0.141905863398992749E+00    0.809386355008269165E+00    0.723715439589836080E+02    0.539823316219909977E+00    0.257167465073852064E+01   -0.161007828616695944E+06
    0.690828476026725369E+00    0.690055840997542163E+02    0.976807136023691511E-05    0.265095717693570387E+01    0.116645643671529342E+01    0.140884423599370950E+00    0.142943853690228162E+00    0.807854601095715719E+00    0.724615109353325124E+02    0.536980117191243722E+00    0.258160725317751050E+01   -0.161007825988581346E+06
    0.690828476026725369E+00    0.690055840997542163E+02    0.976807136023691511E-05    0.265095717693570387E+01    0.116645643671529342E+01    0.140884423599370950E+00    0.142943853690228162E+00    0.807854601095715719E+00    0.724615109353325124E+02    0.536980117191243722E+00    0.258160725317751050E+01   -0.161007825988581346E+06
    0.946753545319883427E+00    0.164813787550201397E+03    0.304102802344951053E-05    0.280082632553143140E+01    0.569728900516548986E+01    0.140990257741012093E+00    0.142694811014099920E+00    0.811493989343977651E+00    0.721668229790160325E+02    0.538837039664361805E+00    0.257472991575749877E+01   -0.161007823866948020E+06
    0.448480575979747720E+00    0.878880763894928236E+02    0.309367474012964049E-05    0.162982834288766676E+01    0.466305288549557684E+01    0.141938946065743948E+00    0.145238935547663622E+00    0.807103648616925629E+00    0.721600049861462480E+02    0.537622029877605878E+00    0.257477738520841060E+01   -0.161007817578466114E+06
    0.303972851329923521E+00    0.137210951430330482E+03    0.130190398520832620E-05    0.313132416930191759E+01    0.688653012526658959E+01    0.140061420334448017E+00    0.141600250613154732E+00    0.808862841169859514E+00    0.722125344986741453E+02    0.537624058960991857E+00    0.257974066455337825E+01   -0.161007808622904791E+06
    0.831725552119679579E+00    0.975590881310874920E+02    0.422958547622521458E-05    0.144233765163629379E+01    0.248531144261172843E+01    0.137290963852836595E+00    0.143538343219704850E+00    0.809218516220082895E+00    0.720295623267047915E+02    0.538800216159901812E+00    0.256941367165074830E+01   -0.161007783219350269E+06
    0.814064490387506279E+00    0.437805777490553965E+02    0.350212335565758303E-05    0.392787020518221230E+00    0.258324529182096985E+01    0.138067211095087600E+00    0.139663707625839989E+00    0.811242021306352035E+00    0.718842474937047768E+02    0.537980106462789598E+00    0.257400137764326953E+01   -0.161007759786105307E+06
    0.647778766524950589E+00    0.118799685808183639E+03    0.170305949032520015E-05    0.295882506077733209E+01    0.237575326258648545E+01    0.141803247990321291E+00    0.139920258037671580E+00    0.809252755213080599E+00    0.717751604422901721E+02    0.538710706379821991E+00    0.257051760655490558E+01   -0.161007737811850180E+06
    0.377401096847633677E+00    0.938725023359293829E+02    0.496885737134957011E-05    0.207161751692979479E+01    0.373223468788156953E+01    0.140097274872428540E+00    0.142086153331104359E+00    0.809537301506695339E+00    0.720620597946820283E+02    0.538424332545683448E+00    0.257045129451496157E+01   -0.161007736240608792E+06
    0.360773114109504800E+00    0.127335739661837039E+03    0.146986842752196778E-05    0.362456487187654552E+01    0.425261273036685239E+01    0.142354385847344306E+00    0.141073027969170928E+00    0.808408625623411536E+00    0.722264244243310145E+02    0.537365838381094307E+00    0.257619941249534756E+01   -0.161007732375526830E+06
    0.506375967084092826E+00    0.482339966388584500E+02    0.136775483541307872E-05    0.101966210055552664E+01    0.281877196432092614E+01    0.136490297218960832E+00    0.144159532973568733E+00    0.809446147586987186E+00    0.719308731766785456E+02    0.537948238053836292E+00    0.257410021802719813E+01   -0.161007725129192433E+06
    0.856825244853125723E+00    0.101773705545133268E+03    0.329626891453080738E-05    0.999496201768699466E+00    0.560373680168216204E+01    0.136634844136900857E+00    0.143276914970932923E+00    0.808212617647308118E+00    0.717858635945284931E+02    0.538128152196177933E+00    0.257554969470549455E+01   -0.161007721689066995E+06
    0.389587789963847742E+00    0.385844077972776489E+02    0.354359369713569780E-05    0.162365207307529480E+01    0.176337782257286335E+01    0.140028811251570545E+00    0.141780035473082461E+00    0.807968515367327278E+00    0.720709750047398501E+02    0.536951790995247924E+00    0.257680294569854595E+01   -0.161007710358530283E+06
    0.837345413146142636E+00    0.119812018093139187E+03    0.150587446162971887E-05    0.316164786159106859E+01    0.366505223615694575E+01    0.140439281682683048E+00    0.141884956642921972E+00    0.805508052936032337E+00    0.720052210632698433E+02    0.538159140983528017E+00    0.257672901100654261E+01   -0.161007701625032001E+06
    0.283564688273655163E+00    0.529779279062597723E+02    0.283787648355482638E-05    0.258056744432085150E+01    0.772516783677879015E+01    0.140876102840362949E+00    0.139516732356710027E+00    0.808616971527120754E+00    0.723833490691912118E+02    0.538524765809661687E+00    0.257557130754007435E+01   -0.161007673822864221E+06
    0.595433064498654074E+00    0.102263425664926885E+03    0.168346693392218242E-05    0.193802457965265695E+01    0.575680579304404549E+01    0.143685630680439186E+00    0.142839184411834713E+00    0.809882180870328483E+00    0.720471289057885969E+02    0.540414738471637346E+00    0.256701394395839033E+01   -0.161007660625328339E+06
    0.625929647826789060E+00    0.230174354312997380E+02    0.252564883389900225E-05    0.145654030239230692E+01    0.437681606727147887E+01    0.138112548458317691E+00    0.140744898632874232E+00    0.808420225173998253E+00    0.716878123693888938E+02    0.538887854465283644E+00    0.256988034544484956E+01   -0.161007619644177583E+06
    0.247162566845376713E+00    0.410815529035879266E+02    0.355614502528347005E-05    0.346930046191266594E+01    0.112832468301871147E+01    0.142122859092300047E+00    0.144932639276733805E+00    0.808057030800282128E+00    0.719191988031375757E+02    0.537438104154183360E+00    0.257464400579964803E+01   -0.161007618640809320E+06
    0.821937103073352437E+00    0.673552267748180356E+02    0.110412396385062769E-05    0.138893489480757704E+01    0.111055415751952635E+01    0.136913780822149445E+00    0.141590176372340032E+00    0.807580086207326353E+00    0.718287212215741704E+02    0.538115332338533037E+00    0.257684065172746113E+01   -0.161007597778785595E+06
    0.995841905666175142E+00    0.670211588568220549E+02    0.120976075104465011E-04    0.419005255191089221E+00    0.235006743973549792E+01    0.141432781310345618E+00    0.139466562955570667E+00    0.808796447233113058E+00    0.719696341571765572E+02    0.539480727483403699E+00    0.257273732248487486E+01   -0.161007550403541361E+06
    0.465677493025468847E+00    0.111289627856973425E+03    0.243371205662063946E-05    0.199469096769900922E+01    0.731044447387580831E+01    0.141453328587956950E+00    0.142539167880902817E+00    0.808355324603969860E+00    0.725925034986524622E+02    0.537979704310567297E+00    0.257471228015320941E+01   -0.161007545802166947E+06
    0.410337077024329866E+00    0.493984481361753751E+02    0.691615756342530230E-05    0.831854960461027915E+00    0.604873596715801831E+01    0.139227679187950926E+00    0.138626098861319214E+00    0.808317900619821117E+00    0.719708302655947136E+02    0.538938269832346051E+00    0.257371877257172477E+01   -0.161007544842534669E+06
    0.362032884983541470E+00    0.926263741792268149E+02    0.210054503894821161E-05    0.238221970321709930E+01    0.274912729128615840E+01    0.138739806887609674E+00    0.142638841428719021E+00    0.812307128411186463E+00    0.721613527447655372E+02    0.539791625331011327E+00    0.256836157061704418E+01   -0.161007530488730466E+06
    0.458325046370600619E+00    0.461875865731265804E+02    0.395212816280896487E-05    0.278026370650778132E+01    0.118134664246922227E+01    0.138890159345911118E+00    0.143511745333532614E+00    0.808566915248428053E+00    0.720185807551471413E+02    0.537105833317287229E+00    0.257657320682069946E+01   -0.161007491375608632E+06
    0.369980194225498993E+00    0.829954644015186886E+02    0.282694596158808963E-05    0.349554594256306217E+01    0.579916623361971428E+01    0.141297156888443631E+00    0.142384546765515041E+00    0.808520816633549133E+00    0.719916430236938822E+02    0.537847082514205765E+00    0.257493637652591190E+01   -0.161007481038801576E+06
    0.863632157134887057E+00    0.146022090479807531E+03    0.399860380170069853E-05    0.270381312988252720E+01    0.354991938991880662E+01    0.143400900438945378E+00    0.141824059144476267E+00    0.808744440981453261E+00    0.723635392497785119E+02    0.538656175705484297E+00    0.257505594236622093E+01   -0.161007473392804823E+06
    0.700534398716172291E+00    0.171679443810479029E+02    0.245257190892208323E-05    0.135549906264019193E+01    0.328352919138358779E+01    0.140993685069819269E+00    0.141363065717757835E+00    0.808460354469265896E+00    0.725966674114914099E+02    0.537642284187724195E+00    0.257795743805493638E+01   -0.161007449333197874E+06
    0.619156217675015608E+00    0.576566874836505647E+02    0.715002924576323623E-05    0.219841290814439844E+00    0.673775182039331977E+01    0.142677678149349479E+00    0.143732325475968259E+00    0.805107421312266869E+00    0.720781968140431388E+02    0.538679384333227484E+00    0.257433141230223494E+01   -0.161007438272937899E+06
    0.986790691733249181E+00    0.103348652435018451E+03    0.277490268267799178E-04    0.645126816016677651E+00    0.393633531447280749E+01    0.141787732319821752E+00    0.144186946238115288E+00    0.808973786271985906E+00    0.718405977586062647E+02    0.539576771356617080E+00    0.257192629576733678E+01   -0.161007429428442760E+06
    0.864335068456704381E+00    0.125994376494493352E+03    0.465583403905036446E-05    0.262730258672063566E+00    0.559920808942255732E+01    0.143247944961221341E+00    0.145621054351671664E+00    0.810424508602354043E+00    0.723400409762481615E+02    0.539564733344888969E+00    0.256850813665215538E+01   -0.161007427078461245E+06
    0.488982296956133322E+00    0.695872410563478638E+02    0.173322315818880229E-05    0.143582256116993756E+01    0.441572405755862096E+01    0.140643022358319186E+00    0.145223697563522630E+00    0.809413514971070391E+00    0.720738841905710359E+02    0.537410896001446647E+00    0.257991280918539667E+01   -0.161007423067086202E+06
    0.635877997160974484E+00    0.150016291220498516E+03    0.385177960704730716E-05    0.188716201540569428E+01    0.495136087495327359E+01    0.139753065371945234E+00    0.141422196706536163E+00    0.811034910971162981E+00    0.723876183288935096E+02    0.539159079429342381E+00    0.257068449670744315E+01   -0.161007412323281605E+06
    0.307227884368607151E+00    0.612419084866020498E+02    0.780443178946398113E-05    0.282749527016679769E+01    0.260881862846246193E+01    0.142228469878410868E+00    0.145546901869021084E+00    0.808479172640786725E+00    0.719427813908477560E+02    0.537955033960359597E+00    0.257485790756433142E+01   -0.161007370665799855E+06
    0.540864788392733997E+00    0.210285506539274074E+02    0.557228880399916529E-05    0.233052006933110389E+01    0.251389333411948313E+01    0.139435259436354680E+00    0.140659847726886750E+00    0.807071089821592702E+00    0.718520303930474000E+02    0.538454192051535552E+00    0.257457469510202808E+01   -0.161007302126205206E+06
    0.603819985134489645E+00    0.959034626323111610E+02    0.389688029391191937E-05    0.170901639380510773E+01    0.306880610464439574E+01    0.143578255720606035E+00    0.145509350576381646E+00    0.810728727404086857E+00    0.721507541211086902E+02    0.538835018244632091E+00    0.257386029523320259E+01   -0.161007290242001007E+06
    0.765094235513248622E+00    0.163781964024116718E+03    0.181902884126133421E-05    0.209542874183126449E+01    0.189449540667275951E+01    0.141349986260117577E+00    0.141749365401829752E+00    0.810823071614963808E+00    0.719469514461504502E+02    0.537702206317985487E+00    0.257450502296412598E+01   -0.161007268524452840E+06
    0.362379626682699740E+00    0.100899494857276935E+03    0.483135429675521059E-05    0.381297532447330334E+00    0.637534081725555080E+01    0.141118672918674110E+00    0.146637570261657496E+00    0.808552611637229690E+00    0.720223380980233827E+02    0.539126179296130381E+00    0.257035319840720655E+01   -0.161007231238370325E+06
    0.438350397831896110E+00    0.645826924837089678E+02    0.329069146893840543E-05    0.251380543128116063E+01    0.715258273036848458E+01    0.142314358398107660E+00    0.144013619919565267E+00    0.809696356553036400E+00    0.719924610335078654E+02    0.539748521336476217E+00    0.257037101257224254E+01   -0.161007207166256005E+06
    0.551479281250574771E+00    0.271222626629044790E+02    0.100319240513702751E-04    0.182974936235817576E+01    0.359342684972691373E+01    0.140326646463562604E+00    0.142854544314539700E+00    0.808393974064102183E+00    0.722154267659768578E+02    0.539771623827032365E+00    0.256996306927270712E+01   -0.161007206311942748E+06
    0.355265650494496488E+00    0.153555911892853231E+03    0.344227067532236220E-05    0.297103746511449107E+00    0.331325658051794125E+01    0.136921857222056770E+00    0.139707821642034630E+00    0.808895146035250034E+00    0.719970424933255089E+02    0.538959348580938191E+00    0.257360160198398980E+01   -0.161007201922763197E+06
    0.436682978404732081E+00    0.141132934717670679E+03    0.555344533378885371E-05    0.357083781825150215E+00    0.532862355305647029E+01    0.140450973042988675E+00    0.140151173236030102E+00    0.810836812210099511E+00    0.722308771459410082E+02    0.539025919448424040E+00    0.257373927288029059E+01   -0.161007196926886158E+06
    0.779474525227354054E+00    0.737136184757440134E+02    0.839114264638470280E-05    0.160719910044200232E+01    0.211953152089974228E+01    0.140002935836922304E+00    0.143661972554617962E+00    0.808388792204635553E+00    0.718452679456335943E+02    0.538436690573020349E+00    0.257640710199961198E+01   -0.161007186646439746E+06
    0.427473520939932794E+00    0.902166539998908661E+02    0.664496951935146868E-05    0.295512101885928247E+00    0.594691491161265073E+01    0.139431302706661903E+00    0.141156817850689842E+00    0.810433204184825451E+00    0.721596018887600934E+02    0.539688351515525078E+00    0.256676112179881466E+01   -0.161007130173531972E+06
    0.588281277907205746E+00    0.138058601521492381E+02    0.493047668880980393E-05    0.709725641649373795E+00    0.491460368697932903E+01    0.140492970904042364E+00    0.140917434089290444E+00    0.809078390156366067E+00    0.717296726063994896E+02    0.539697056599068081E+00    0.256808148180430029E+01   -0.161007123577019811E+06
    0.574558915054008024E+00    0.299316441080458517E+02    0.184696052138785988E-05    0.148648398889303457E+01    0.299050384324414775E+01    0.138569712097149134E+00    0.142812180839264641E+00    0.810264529447462856E+00    0.716196126347559385E+02    0.539398210771157349E+00    0.257067137168432680E+01   -0.161007058787059301E+06
    0.729561407321278166E+00    0.120651475057241857E+02    0.149157619325063681E-05    0.284816852265898257E+00    0.276651034206513469E+01    0.140723873738505645E+00    0.145571619350016251E+00    0.809609793209979722E+00    0.719583034489220950E+02    0.539413138583512253E+00    0.256846674371803774E+01   -0.161007037510196446E+06
    0.997772705298793028E+00    0.120134910515399994E+03    0.115231179382276379E-04    0.156225484306093620E+00    0.566824162992404368E+01    0.141787297855245298E+00    0.143980749802529673E+00    0.808535952539467972E+00    0.718113972431606271E+02    0.538186339070684028E+00    0.257218898527577533E+01   -0.161007032777330111E+06
    0.962666010792978755E+00    0.121775761317486825E+03    0.114659256447909730E-04    0.845769231066558325E+00    0.756279750839422693E+01    0.140902969015978680E+00    0.141406637953329167E+00    0.809133655884980652E+00    0.722477125683358992E+02    0.539050804011317108E+00    0.257005717892202945E+01   -0.161007028341775818E+06
    0.320355091628303612E+00    0.178317804585529757E+03    0.581609878050181569E-05    0.103006332875959883E+01    0.534843397474943139E+01    0.139778077623298969E+00    0.144086246476777369E+00    0.807635424596945262E+00    0.723389544428872000E+02    0.538173733789656272E+00    0.257414475187546721E+01   -0.161007025806000776E+06
    0.591140341058696395E+00    0.232751473976479737E+02    0.417572934491147546E-05    0.120373878511986843E+01    0.221584762934904678E+01    0.138805437415732286E+00    0.141807380543465589E+00    0.810581600084461451E+00    0.719346626008133825E+02    0.539604314689934639E+00    0.256757594341357454E+01   -0.161007016377877997E+06
    0.829396712385562118E+00    0.102930428997727191E+03    0.567204258719312994E-05    0.756377654630560947E+00    0.374600765009165393E+01    0.138407015198840966E+00    0.142542067577172388E+00    0.808110234581115749E+00    0.720678800632058199E+02    0.539255552695580453E+00    0.256905114014043479E+01   -0.161007011378037249E+06
    0.341124161794075786E+00    0.154623344236162581E+03    0.213320801115851090E-05    0.970036436620950404E+00    0.710674179442739096E+01    0.141366498707675092E+00    0.143155489435405375E+00    0.810423746238422060E+00    0.723819338803705534E+02    0.539951310340715307E+00    0.256994106920498844E+01   -0.161007011189064215E+06
    0.979715578060456727E+00    0.124123973988000131E+03    0.171805324353459936E-04    0.127826388183445383E+00    0.331001161808758493E+01    0.139684656874050767E+00    0.140210433952582120E+00    0.810077111722471876E+00    0.723346554742248458E+02    0.539043636876726628E+00    0.256960471057927631E+01   -0.161007010393244302E+06
    0.983811173012879570E+00    0.168086269590157485E+03    0.180792202192108843E-05    0.205236048992790465E+01    0.110533293650470088E+01    0.138592726457872600E+00    0.142253757138479875E+00    0.809303603653108272E+00    0.724427505278514019E+02    0.538708339676198800E+00    0.257078212526485972E+01   -0.161006955512498331E+06
    0.543552777258954789E+00    0.128004856381856733E+02    0.358559774494100140E-05    0.138403446386934292E+01    0.339246105194570280E+01    0.142318645705730662E+00    0.140680578136569756E+00    0.808497577673522150E+00    0.722177608361780159E+02    0.538087601167407392E+00    0.257466567999328255E+01   -0.161006935965352663E+06
    0.427737829313011630E+00    0.129018071516446838E+03    0.319265973163841221E-05    0.122110112444106500E+01    0.196783774451265248E+01    0.141160459612391209E+00    0.141731631053680640E+00    0.809738046743875950E+00    0.721615808991730177E+02    0.539729313684141454E+00    0.257203635331154912E+01   -0.161006934206783131E+06
    0.679967317060957588E+00    0.891131918527618154E+02    0.153146819842651687E-04    0.227309907835055891E+00    0.112174396919986807E+01    0.139560791958092484E+00    0.140773316432489054E+00    0.809851976922267403E+00    0.718007461464746655E+02    0.538467410901918186E+00    0.257518628609975009E+01   -0.161006884671369597E+06
    0.617416631641750535E+00    0.125064865085618095E+03    0.128452754082494523E-04    0.196397171654579261E-01    0.490534794364165627E+01    0.137392076520038597E+00    0.141349779699530165E+00    0.809558277575632035E+00    0.717284651271957330E+02    0.538973575224699686E+00    0.257215028245188293E+01   -0.161006870087628224E+06
    0.302786001233663893E+00    0.528306011070656893E+02    0.293135790250619957E-05    0.151192221403989535E+01    0.577620339374772751E+01    0.140050569622542698E+00    0.142125800742958747E+00    0.806818633011968878E+00    0.719720660332527160E+02    0.538970325079665025E+00    0.257410953178150859E+01   -0.161006855361879338E+06
    0.662617703055621066E+00    0.257691412517185441E+02    0.136913433088042109E-04    0.196311201205928954E+01    0.111482806956620162E+01    0.137772568403778300E+00    0.140178490014433471E+00    0.809567164328155897E+00    0.720251401376844456E+02    0.538709134598012396E+00    0.257203754347610047E+01   -0.161006803100386605E+06
    0.393306946340391539E+00    0.147942741671932822E+03    0.105770501305505219E-05    0.151047113770627628E+01    0.482283989827339887E+01    0.141246050038254772E+00    0.142637837660029326E+00    0.808782023124335225E+00    0.725586001702289423E+02    0.539164159254506337E+00    0.257121771141647981E+01   -0.161006802846615261E+06
    0.602420294185062488E+00    0.154511308833641351E+03    0.316062088511843439E-05    0.378600678672782298E+00    0.412753984939832641E+01    0.142306690127062041E+00    0.141064223678482370E+00    0.809480550705165669E+00    0.720341249555563223E+02    0.538017882693587191E+00    0.257661201003257112E+01   -0.161006793224733701E+06
    0.678525761072522382E+00    0.191880809873035396E+01    0.231346902764453060E-05    0.472736262591706424E+00    0.735264867188364235E+01    0.139560551642550934E+00    0.143899912228499155E+00    0.807962361013531360E+00    0.720778586880945653E+02    0.538903287271875975E+00    0.257028365738217612E+01   -0.161006745558277500E+06
    0.903838144027953705E+00    0.501939425669429937E+02    0.189498703061976895E-05    0.998966783262202229E+00    0.147504821450888057E+01    0.140290191773329187E+00    0.142844026732165869E+00    0.810383272281124611E+00    0.717077713859312951E+02    0.539461786052764625E+00    0.256952239015753570E+01   -0.161006717813323077E+06
    0.843849930414681593E+00    0.656310657730109597E+02    0.341772737564872750E-05    0.230982596884189428E+01    0.147801767659028238E+01    0.140886017881525383E+00    0.141521263951940229E+00    0.807224835006722818E+00    0.720795478112594594E+02    0.537920161272959052E+00    0.257533642072930524E+01   -0.161006694155619363E+06
    0.636849061437121389E+00    0.227469534167236986E+02    0.105533594364141689E-05    0.134105960975042293E+00    0.612016525012004298E+01    0.140281180585659665E+00    0.145554847271635673E+00    0.809515939063430334E+00    0.718229154046336475E+02    0.538700946577368778E+00    0.257370432435537788E+01   -0.161006663757648756E+06
    0.690475473291679798E+00    0.143295515508478559E+03    0.116929250454684266E-05    0.103136353827762117E+01    0.654887916012260352E+01    0.139406268454830812E+00    0.144406167755276899E+00    0.809872717802881947E+00    0.720772636212717543E+02    0.538807855523160795E+00    0.257389447239792668E+01   -0.161006445494763117E+06
    0.554648694581843626E+00    0.168687816079966382E+03    0.269463417218274553E-05    0.812452304367760392E+00    0.201441386490443630E+01    0.141229015122659091E+00    0.142658108110741505E+00    0.808320134234189691E+00    0.718480737452309768E+02    0.539224848256878442E+00    0.257203600531370880E+01   -0.161006312399999850E+06
    0.628776400943165115E+00    0.555396847053190399E+02    0.448740109582279580E-05    0.100129339647625770E+00    0.550057680497872514E+01    0.142801768273628310E+00    0.142571475262336989E+00    0.808747261022617847E+00    0.721151751977470212E+02    0.539183472745003556E+00    0.257232324397053569E+01   -0.161006185090556653E+06
    0.314876301184364105E+00    0.127740513561599542E+03    0.211062091942739666E-05    0.214986750276573124E+01    0.140263737909490205E+01    0.139918417156824543E+00    0.142362365290510967E+00    0.810731154865329540E+00    0.719501226387864534E+02    0.539099985975093343E+00    0.257110456673880572E+01   -0.161006365882718383E+06
    0.971051817146161067E+00    0.123963552188038975E+03    0.119219490061066409E-05    0.386965945280722645E+00    0.565782535626933036E+01    0.140195183797174133E+00    0.144491514879454469E+00    0.808406771127968105E+00    0.721160957990255156E+02    0.538096331368536851E+00    0.257488040873600577E+01   -0.161006339701349818E+06
    0.861817879685865984E+00    0.126546862334878440E+03    0.266165014803632360E-05    0.814312034430237031E+00    0.771209217202126407E+01    0.139848905379465260E+00    0.140642465876180539E+00    0.809373723616434892E+00    0.721126367837277229E+02    0.538380124739224475E+00    0.257321045147964789E+01   -0.161006511573855911E+06
    0.836321779496437712E+00    0.542825130101392261E+02    0.807234744151387649E-05    0.789102527369271778E+00    0.188328082622831516E+01    0.138704010874154182E+00    0.143176847824600523E+00    0.809386236031486517E+00    0.719501613838952210E+02    0.538630438067163042E+00    0.257203381294058353E+01   -0.161006617124121898E+06
    0.698972552351541765E+00    0.118817715555567432E+03    0.167119224822610679E-05    0.256500354139795217E+00    0.557752815245813949E+01    0.140426529002662143E+00    0.142159580338246772E+00    0.808461356288760813E+00    0.721862663278621710E+02    0.538896045634696730E+00    0.257474292685954698E+01   -0.161006303815332329E+06
    0.620038097561862900E+00    0.174715107632612416E+03    0.223834855091752976E-05    0.386255113703260322E+00    0.362635853204548297E+01    0.139885248456505823E+00    0.142953090578205461E+00    0.808729687499395222E+00    0.719321003304576152E+02    0.537883626868869369E+00    0.257591766714573733E+01   -0.161006362533973879E+06
    0.869355872916744987E+00    0.119235695688176605E+03    0.993633257681650044E-05    0.229725502861804737E+00    0.879798352151153096E+00    0.140639041506666035E+00    0.143085738141811192E+00    0.811044987594915723E+00    0.722164858647740004E+02    0.539605899892792062E+00    0.257111854696201325E+01   -0.161006636229752068E+06
    0.581449973960798006E+00    0.546660337656587245E+02    0.484707040881687598E-05    0.102324206746964919E+01    0.194144238643136102E+01    0.139280996363833398E+00    0.141264596629063321E+00    0.807801168145193982E+00    0.718923738245503046E+02    0.539314152746653508E+00    0.257113951327174961E+01   -0.161006648375847959E+06
    0.601967995840521852E+00    0.131039563090400378E+03    0.103576885892347882E-04    0.274419858537867656E+01    0.979550757516640669E+00    0.139365229127969226E+00    0.140043754624813582E+00    0.808137771218103262E+00    0.721378966008273181E+02    0.538928213193588634E+00    0.257112795254669457E+01   -0.161006637869239756E+06
    0.444355059959263610E+00    0.103672428022384622E+03    0.198134254982040738E-05    0.739943041741066176E+00    0.735620956459134145E+01    0.141174216827491150E+00    0.143375095809852943E+00    0.809587272994295448E+00    0.718859486775245813E+02    0.539696959498944917E+00    0.257115739217203565E+01   -0.161006509884799103E+06
    0.391054468390255927E+00    0.971449395867374506E+02    0.125486014213612379E-05    0.849257748126191370E+00    0.306994513008632364E+01    0.141527386099839531E+00    0.142022954071425123E+00    0.807937697904400398E+00    0.718891858201823482E+02    0.539285917285601046E+00    0.257296029341340349E+01   -0.161006535452399054E+06
    0.434560646525936678E+00    0.577700546232497558E+02    0.671426758596177867E-05    0.213282180146194822E+00    0.698335458192267744E+01    0.138500235314523490E+00    0.144050057935613179E+00    0.809103134097761911E+00    0.719923092240150595E+02    0.539470167575020199E+00    0.257060967158405873E+01   -0.161006513837236998E+06
    0.288877491526063679E+00    0.115046166979054959E+03    0.117948621907971383E-05    0.174389309724329289E+01    0.987521003173383871E+00    0.140044047085867346E+00    0.142925452527371155E+00    0.807306844814111413E+00    0.720500603996159157E+02    0.538639457345285622E+00    0.257300266869473626E+01   -0.161006301618135796E+06
    0.441076585854466685E+00    0.121282281014645690E+03    0.121820555545187341E-05    0.549619797012621758E+00    0.170975905630004443E+01    0.141527007524080595E+00    0.143191991804225704E+00    0.810639551747543541E+00    0.724101159658264777E+02    0.539225990732719596E+00    0.257193985814688020E+01   -0.161006600980504678E+06
    0.742523180128587201E+00    0.503792901339485155E+02    0.168656435219298094E-05    0.742978498084087002E+00    0.257120172091083399E+01    0.142035866436707292E+00    0.144363620571398260E+00    0.808219273792106563E+00    0.723296229524220706E+02    0.537956152812649524E+00    0.257513286602545932E+01   -0.161006514322565868E+06
    0.844961102655095386E+00    0.474227378236622670E+02    0.554208207012696963E-05    0.408249180105005438E+00    0.127809775521880775E+01    0.141016360755441023E+00    0.143247889039905069E+00    0.809280280039359257E+00    0.722846940788820547E+02    0.538286481773769254E+00    0.257582521308118029E+01   -0.161006256409468973E+06
    0.465769954681335141E+00    0.791977136115686164E+02    0.196990933601810487E-05    0.121509943959781452E+01    0.258598779651171640E+01    0.140809831080537740E+00    0.143693442049688341E+00    0.808732455291687247E+00    0.717227952022906976E+02    0.538525162973354843E+00    0.257321000224962804E+01   -0.161006560141564492E+06
