    0.344452801585336039E-84   -0.672028128067234684E+04    0.230569374561309814E+02    0.324690234661102295E+02    0.179923187836335763E+01
    0.330993486415643100E-75   -0.676174809558858215E+04    0.251972150802612305E+02    0.400770348310470581E+02    0.673531535908222900E+00
    0.280367337753133490E-74   -0.676612126970900863E+04    0.231559094786643982E+02    0.336494219303131104E+02    0.157963555352665019E+01
    0.466960676176556257E-72   -0.677645189885105265E+04    0.205674208097892759E+02    0.375602524283630217E+02    0.570480403674852532E+00
    0.575549828704669428E-70   -0.678618040074064265E+04    0.404379232055335223E+02    0.301789274238209728E+02    0.761111308638313999E+00
    0.157989360358800314E-67   -0.679751031506564141E+04    0.300245011526161463E+02    0.392344479586400752E+02    0.815975025783321817E+00
    0.485378185773997389E-59   -0.683669647787415306E+04    0.282024560888840270E+02    0.221771951449654949E+02    0.132533046088976447E+01
    0.113264399920900882E-58   -0.683849124117281644E+04    0.322355059614076467E+02    0.255173325663994675E+02    0.106018459235857443E+01
    0.410803730212409699E-55   -0.685498353303173099E+04    0.401565830884115655E+02    0.271688825278772512E+02    0.166461692374818115E+01
    0.267886374826832121E-48   -0.688646461904906209E+04    0.254871372761816026E+02    0.397784778822109502E+02    0.807916808037115963E+00
    0.330513916352433737E-47   -0.689158996093363021E+04    0.284229871630668640E+02    0.334844899177551270E+02    0.103708687689935575E+01
    0.124475558400753100E-46   -0.689434205234600631E+04    0.306780786781821391E+02    0.338129717729283499E+02    0.851917967611189764E+00
    0.777014262374548407E-45   -0.690270992118664981E+04    0.249500140002731925E+02    0.307125613822628196E+02    0.147479967097540898E+01
    0.137295948376224345E-43   -0.690855362175296159E+04    0.280253783440734807E+02    0.344969229114886105E+02    0.806641639239879860E+00
    0.511082399850928777E-42   -0.691588757599154451E+04    0.385119554400444031E+02    0.289882895350456238E+02    0.131706337709703769E+01
    0.707393700326284335E-42   -0.691663768907550821E+04    0.205838513374328613E+02    0.306374129652976990E+02    0.136899490589587702E+01
    0.744179261618102354E-42   -0.691683907823051959E+04    0.273725849390029907E+02    0.226774153113365173E+02    0.639015094516885873E+00
    0.835548328366836408E-42   -0.691717069071284550E+04    0.322027122766074143E+02    0.307156696980508244E+02    0.137919639226289359E+01
    0.892343952587506973E-42   -0.691740221764348280E+04    0.344052740106547645E+02    0.275342989355584109E+02    0.817854735422458567E+00
    0.975708381121910801E-41   -0.692228601202268055E+04    0.316253367835913899E+02    0.259740760443435512E+02    0.118101683406272429E+01
    0.388352951324669907E-40   -0.692514868389377989E+04    0.253152383532827727E+02    0.350768145900403852E+02    0.962853623373339129E+00
    0.756837463371593481E-40   -0.692658315174251038E+04    0.202571897819304851E+02    0.383552096055735490E+02    0.615945954432668308E+00
    0.300106717471394892E-39   -0.692943830116340268E+04    0.280681847213123667E+02    0.352328960378003799E+02    0.101276911954249793E+01
    0.357557256733611501E-39   -0.692988861590680244E+04    0.343900972261371365E+02    0.320584129368586304E+02    0.994307469180262027E+00
    0.148226430083299600E-37   -0.693743784733797656E+04    0.347602437458477240E+02    0.271297353250306479E+02    0.133126948740818540E+01
    0.149225018722623910E-37   -0.693755127598180843E+04    0.261141467868174004E+02    0.353761981225813784E+02    0.934592363104710500E+00
    0.188560255905361875E-37   -0.693811920049433411E+04    0.311446254319323614E+02    0.248480204835607097E+02    0.771236026589180113E+00
    0.250805998394389977E-37   -0.693878972471379893E+04    0.351836272802444157E+02    0.270656784590262625E+02    0.945438718043849158E+00
    0.684574021674278610E-37   -0.694089795882007638E+04    0.331932121224322358E+02    0.294857428431143731E+02    0.118545142230665701E+01
    0.800679262686802758E-36   -0.694591645634028282E+04    0.277731646533997072E+02    0.333518341041878656E+02    0.132415816905003014E+01
    0.310563895118365913E-35   -0.694872748495790984E+04    0.341935905795687631E+02    0.271735035772802860E+02    0.129472195350300057E+01
    0.692743287302121710E-35   -0.695043202462227964E+04    0.381469850422541299E+02    0.289245187613132941E+02    0.117641875691401543E+01
    0.170996386256921155E-34   -0.695233916066728943E+04    0.264406083201329238E+02    0.344364095760089981E+02    0.969644660157593985E+00
    0.259515920708011957E-34   -0.695327351192513197E+04    0.415010382131725919E+02    0.261481225444858829E+02    0.106722718047242426E+01
    0.449767928032876343E-34   -0.695447333928924218E+04    0.272618852190333456E+02    0.302881107682467814E+02    0.973435235811126010E+00
    0.490485401121036928E-34   -0.695474666685133707E+04    0.419137421756073962E+02    0.239128694543509432E+02    0.105641939982884225E+01
    0.115492024710046695E-33   -0.695655944896161691E+04    0.231666803770789045E+02    0.213966870307257508E+02    0.130179324664889817E+01
    0.293750604895142134E-33   -0.695852650825606725E+04    0.298330934056713843E+02    0.288550478468222167E+02    0.112806430896430210E+01
    0.194099635902963216E-32   -0.696240295942141074E+04    0.381331547847779149E+02    0.239118293218748086E+02    0.118977540488669442E+01
    0.903780608258423976E-32   -0.696557938947462571E+04    0.254007937156563202E+02    0.342025730534760015E+02    0.977270370663302468E+00
    0.664230178786375219E-30   -0.697427381405309279E+04    0.273837811063855554E+02    0.230290794605133478E+02    0.112555075631487389E+01
    0.291983083457658173E-29   -0.697733511848512444E+04    0.259615739255469329E+02    0.334361954977017177E+02    0.969218663839335526E+00
    0.353206086438997425E-29   -0.697781583015238175E+04    0.296278380710111229E+02    0.229299275209775502E+02    0.104697535202775516E+01
    0.107671487173596753E-28   -0.698014506654878551E+04    0.405337736609791719E+02    0.262620225742027351E+02    0.123459317497419008E+01
    0.152296470150927077E-28   -0.698093855510203139E+04    0.257717623286106488E+02    0.338537488892671021E+02    0.986850613844852620E+00
    0.164240053925433814E-28   -0.698118955513874789E+04    0.391844131035608143E+02    0.239001533171798748E+02    0.108604975375412693E+01
    0.668077155655163806E-28   -0.698409570427534982E+04    0.218969694658529193E+02    0.387579108066828226E+02    0.937081919076056757E+00
    0.126241844520769595E-27   -0.698546846605907558E+04    0.277860081309250511E+02    0.286397773851239066E+02    0.122266622150528148E+01
    0.708661882598088039E-27   -0.698901882416146600E+04    0.281885042580229594E+02    0.302691045465909063E+02    0.100846625511876020E+01
    0.142719413945815807E-25   -0.699512416861962902E+04    0.435725387014643104E+02    0.257976624317049570E+02    0.983418979680242167E+00
    0.117578420867459596E-24   -0.699944178872581688E+04    0.366952676355551830E+02    0.289116763112346753E+02    0.118145428105597539E+01
    0.242978099711699927E-24   -0.700099352030988484E+04    0.227524487589918110E+02    0.290219210855964178E+02    0.105071951135161523E+01
    0.282819025625232250E-24   -0.700139719209593659E+04    0.305656945065459524E+02    0.314108109698177032E+02    0.103554458823474738E+01
    0.299130618849527237E-24   -0.700160933834128900E+04    0.228457166548166697E+02    0.299803417612410854E+02    0.100876797365943771E+01
    0.509634913708834237E-24   -0.700277496690841053E+04    0.226620710689585749E+02    0.360536066590489312E+02    0.930950278360964223E+00
    0.569885794158901834E-24   -0.700309844963987052E+04    0.270312848867242863E+02    0.288253127908712266E+02    0.104480717955695557E+01
    0.569991283863944067E-24   -0.700319881981910294E+04    0.362171793474676065E+02    0.258162721811492162E+02    0.116984734628600417E+01
    0.145261909129472608E-23   -0.700516982463247132E+04    0.254037634251963595E+02    0.288239141481342287E+02    0.998663233058271538E+00
    0.143381833218673657E-23   -0.700524377033475685E+04    0.252804319630279828E+02    0.288686885855892399E+02    0.107962769744509046E+01
    0.240159307536130873E-23   -0.700637535283567559E+04    0.250761618180344001E+02    0.285389055359217778E+02    0.103035684685688667E+01
    0.759584153133271640E-23   -0.700877829009980087E+04    0.254528783349258703E+02    0.245060523838915323E+02    0.121663631839063213E+01
    0.238929530991344567E-22   -0.701117025537068184E+04    0.375102531436209716E+02    0.268435114085566404E+02    0.124884654730733136E+01
    0.134318422101617804E-21   -0.701472351476936183E+04    0.405192666727335435E+02    0.273931738207239839E+02    0.123798099428423303E+01
    0.141043755237805032E-21   -0.701492122856472542E+04    0.407661141786326340E+02    0.272368106290315666E+02    0.123652379944548985E+01
    0.797017514232060638E-21   -0.701848484154606922E+04    0.223090009453904905E+02    0.301596747564890890E+02    0.100530727193000580E+01
    0.766278528952789393E-21   -0.701850617967551625E+04    0.227225821546474442E+02    0.300654381238126263E+02    0.100638639035862387E+01
    0.312855985690334652E-20   -0.702141974437464887E+04    0.227969729618314716E+02    0.320199217171128510E+02    0.972989168239014157E+00
    0.405723268866890188E-20   -0.702203960107142120E+04    0.245437040663387549E+02    0.302654055555228076E+02    0.994556149550310353E+00
    0.700311639273873011E-20   -0.702323130929443414E+04    0.375185427849815269E+02    0.262177729213928465E+02    0.116824009941405049E+01
    0.845619180639585674E-20   -0.702370839665891435E+04    0.318032286415423471E+02    0.273673304022008068E+02    0.117855968301746805E+01
    0.107535772487298572E-16   -0.703810458628759079E+04    0.247187798901976841E+02    0.283767540766900872E+02    0.101984022426667909E+01
    0.123860528074951644E-16   -0.703848725148648464E+04    0.249404533720508823E+02    0.289661533638724720E+02    0.102696401466112341E+01
    0.121173158576805773E-16   -0.703854338033895874E+04    0.249740075439805693E+02    0.281373341089415163E+02    0.102814365506924599E+01
    0.126327779403320289E-16   -0.703872669907440013E+04    0.240377584313883865E+02    0.283790175295225637E+02    0.108938645790228938E+01
    0.124629969327353919E-16   -0.703879963737197522E+04    0.240096431782532704E+02    0.280929588390780225E+02    0.103420628373631684E+01
    0.125816539505715649E-16   -0.703891858878898256E+04    0.248341254217996976E+02    0.282150414444698825E+02    0.103756732148894870E+01
    0.134287684145624502E-16   -0.703914890795905922E+04    0.242079992116295628E+02    0.288125063499602199E+02    0.107525944753843539E+01
    0.130044527158746799E-16   -0.703918469298534910E+04    0.247344289676368909E+02    0.288094430154232697E+02    0.104804886664047747E+01
    0.364485059022493742E-15   -0.704595108047505073E+04    0.277534968594645122E+02    0.269480450226588246E+02    0.117091813502036479E+01
    0.890961386009544875E-15   -0.704783871153194559E+04    0.229059530383694501E+02    0.286753123727588317E+02    0.107360250205358376E+01
    0.180296538176145445E-14   -0.704934848539983523E+04    0.228783168392694982E+02    0.287202554285583709E+02    0.105076324657507203E+01
    0.230961961383706512E-14   -0.704994378559574943E+04    0.226757807686171198E+02    0.282119832947002642E+02    0.103575531628985740E+01
    0.278877798926952929E-14   -0.705042082691888390E+04    0.216194091690469214E+02    0.305131203036426477E+02    0.981884088028304514E+00
    0.290996817970977744E-14   -0.705060590420510198E+04    0.218981314572585930E+02    0.303984320389968303E+02    0.991446394351556015E+00
    0.283534377918421660E-14   -0.705065394629712409E+04    0.213756352839509631E+02    0.304668178332493369E+02    0.998334604485210608E+00
    0.458712426725721818E-13   -0.705632129671132043E+04    0.265532739836147016E+02    0.283560768007960462E+02    0.951119727494225353E+00
    0.837277798298634110E-13   -0.705762476155254717E+04    0.262437233429074439E+02    0.283262957066936529E+02    0.959528012806504460E+00
    0.803017209595531531E-13   -0.705764120201716742E+04    0.269034583737944679E+02    0.282328385136147624E+02    0.959639356881506034E+00
    0.777851434778864833E-13   -0.705767752082263360E+04    0.263642705349322988E+02    0.282642079363106049E+02    0.959885840319238848E+00
    0.936608867533126809E-13   -0.705814898125547370E+04    0.269295053834240292E+02    0.284173576065396034E+02    0.963152372121915845E+00
    0.158379997389306741E-12   -0.705929961429706691E+04    0.269391123692424905E+02    0.285152856760858633E+02    0.971724584972145866E+00
    0.211836619988671793E-12   -0.705998125054672983E+04    0.266749863184845957E+02    0.282474443902895729E+02    0.977299568820966025E+00
    0.209143237871726058E-12   -0.706005565864424807E+04    0.267732086390925019E+02    0.283733379367706888E+02    0.977935227047993960E+00
    0.140946092711195211E-11   -0.706397154509061329E+04    0.391383101666159519E+02    0.246987443791860315E+02    0.112128600975094073E+01
    0.981423651258226450E-08   -0.708176830910217177E+04    0.344630303923178758E+02    0.264151927049254027E+02    0.123441184062255060E+01
    0.110959252625976554E-07   -0.708211379692332503E+04    0.347178195956077360E+02    0.266126950709168923E+02    0.123131645477236629E+01
    0.109807266757443626E-07   -0.708219292425970525E+04    0.348284658243266847E+02    0.263537296743065781E+02    0.123059234432785325E+01
    0.107673483349602012E-07   -0.708225367753320006E+04    0.238170128604674467E+02    0.290557567894642581E+02    0.971650888197515550E+00
    0.105626890488822699E-07   -0.708231529680968288E+04    0.235186243369368029E+02    0.294077850463057473E+02    0.972818528239260960E+00
    0.118820443726271172E-07   -0.708265069779713394E+04    0.233619599374803144E+02    0.296503815206745003E+02    0.980114549960610093E+00
    0.118999089889067120E-07   -0.708275370253259280E+04    0.236784043745784274E+02    0.294972831027298739E+02    0.982827181301487829E+00
    0.113638611112150641E-07   -0.708276151751258931E+04    0.236148286003581873E+02    0.292211740940940885E+02    0.983046447648196042E+00
    0.108600142428914229E-07   -0.708277081628040833E+04    0.235669386954846800E+02    0.297293078657534551E+02    0.983310180446215321E+00
    0.112812624459615375E-07   -0.708294692734594992E+04    0.235256506089237085E+02    0.295933840914648592E+02    0.989088523490019855E+00
    0.111557095906844334E-07   -0.708302454390391085E+04    0.238928671075833101E+02    0.295227632033012242E+02    0.992418998502402450E+00
    0.107769544052744360E-07   -0.708305546103412235E+04    0.237722578974778216E+02    0.296459496799572122E+02    0.994008453152381399E+00
    0.103761686019254123E-07   -0.708307966442060660E+04    0.236383701567902165E+02    0.296182026082775778E+02    0.995423388693374100E+00
    0.991133485549220323E-08   -0.708308799910259950E+04    0.232831663418567096E+02    0.299191722633048229E+02    0.995958145169165476E+00
    0.957644737265574941E-08   -0.708311925439895458E+04    0.239862608806822628E+02    0.295009077706952283E+02    0.998299507731560620E+00
    0.927172421563915478E-08   -0.708315457975202207E+04    0.238043311572412435E+02    0.296651326328563734E+02    0.100261099171623291E+01
    0.882284886174418919E-08   -0.708315533066452463E+04    0.234810888622757687E+02    0.298803291761434835E+02    0.100276938894830758E+01
    0.840788045015811957E-08   -0.708315897985818083E+04    0.235022168251121073E+02    0.297800818556747444E+02    0.100370563972747218E+01
    0.801089368200107986E-08   -0.708316224567968493E+04    0.237807684036570883E+02    0.296809544892773474E+02    0.100562825164000480E+01
    0.440897776165039279E-01   -0.711430411805533458E+04    0.204560740707904536E+02    0.310555207652664507E+02    0.100510862939898704E+01
    0.435461729015989354E-01   -0.711437930578667329E+04    0.206376767859789467E+02    0.310366036185975886E+02    0.100225366473535504E+01
    0.414947881221367013E-01   -0.711438279780818993E+04    0.205633671371862441E+02    0.310036971106942900E+02    0.100210827792961554E+01
    0.398413479273920720E-01   -0.711440147267565317E+04    0.204627717799504296E+02    0.310231535040443660E+02    0.100130631253927938E+01
    0.381769085983585457E-01   -0.711441612383609208E+04    0.204559501264492773E+02    0.311720400120194370E+02    0.100064496077092424E+01
    0.368209439904093327E-01   -0.711444379577123891E+04    0.204083247515607695E+02    0.311612892204051235E+02    0.999301636757667033E+00
    0.351813685709431098E-01   -0.711445269542535243E+04    0.204815894246166259E+02    0.313662539300596492E+02    0.998838045511611261E+00
    0.337321248639055674E-01   -0.711446856343102900E+04    0.203655200705251680E+02    0.312497361947338810E+02    0.997964161383082859E+00
    0.327845211681451545E-01   -0.711451157512112241E+04    0.202714004606498399E+02    0.313209370063397401E+02    0.995150537502072718E+00
    0.312721344936398998E-01   -0.711451711700282704E+04    0.200666298528614639E+02    0.313969601706659347E+02    0.994715987359206966E+00
    0.298403368119975684E-01   -0.711452338426940150E+04    0.201842016193960205E+02    0.313719783120955995E+02    0.994193947508208220E+00
    0.284747124412675599E-01   -0.711452969496561491E+04    0.203470680162657374E+02    0.314572103622252683E+02    0.993628192111875808E+00
    0.271324353992338854E-01   -0.711453312192512385E+04    0.205885093311669607E+02    0.314499989104859097E+02    0.993300427165596966E+00
    0.258892442882042891E-01   -0.711453931735233891E+04    0.200594211113317478E+02    0.316679634080450896E+02    0.992661614461032293E+00
    0.246485280022034244E-01   -0.711454109650986811E+04    0.201512398002886037E+02    0.314347344962219104E+02    0.992464877420081715E+00
    0.234589423460856775E-01   -0.711454216566217110E+04    0.200708668711188487E+02    0.315514127601242684E+02    0.992343295063471187E+00
    0.223223497708944750E-01   -0.711454283896121888E+04    0.204258753336755170E+02    0.315400498289731566E+02    0.992265343739997863E+00
    0.212642430897162608E-01   -0.711454571601210682E+04    0.202020091318625994E+02    0.315932577861971176E+02    0.991918908176137704E+00
    0.202823140466560498E-01   -0.711455116069848373E+04    0.202418253413263081E+02    0.315600778153211188E+02    0.991189064061709812E+00
    0.192976024599546755E-01   -0.711455162387096971E+04    0.201480306844126673E+02    0.314469144901082132E+02    0.991121283344809423E+00
    0.183694906571732035E-01   -0.711455304448824791E+04    0.202555821068465320E+02    0.312530484608931367E+02    0.990906415620409708E+00
    0.174921136241925970E-01   -0.711455516240294764E+04    0.201147056860069178E+02    0.317270846794488719E+02    0.990563342270824210E+00
    0.166420652974286175E-01   -0.711455552923257346E+04    0.200113767374247900E+02    0.318340529098320317E+02    0.990500673556967470E+00
    0.158406183803825977E-01   -0.711455681699390698E+04    0.206375799097376458E+02    0.315651438761679444E+02    0.990271740211382090E+00
    0.150687154838114144E-01   -0.711455690368905471E+04    0.202616789911536728E+02    0.314617462248073920E+02    0.990255787989085090E+00
    0.143366845427086442E-01   -0.711455730535433213E+04    0.200781500681439127E+02    0.315870153165062320E+02    0.990180845735934900E+00
    0.136576191094627299E-01   -0.711456025722917911E+04    0.203423488462104949E+02    0.317253423499679208E+02    0.989568439036839331E+00
    0.129963904459599808E-01   -0.711456100546613561E+04    0.200164693151314239E+02    0.317187671968687006E+02    0.989390206051513954E+00
    0.123626806517502415E-01   -0.711456102676377486E+04    0.204786989223872631E+02    0.314007683560685251E+02    0.989384948847856660E+00
    0.117638311823438056E-01   -0.711456172148478072E+04    0.200272775489489376E+02    0.319513324385180724E+02    0.989207222457727631E+00
    0.111936378794971671E-01   -0.711456235328518324E+04    0.204298963274064391E+02    0.315737521270808017E+02    0.989033286366092779E+00
    0.106500169222385893E-01   -0.711456278510652101E+04    0.205848831429496677E+02    0.313830450272810779E+02    0.984733781919040485E+00
    0.101307551126348719E-01   -0.711456281385972125E+04    0.205704300679562735E+02    0.313966019992466343E+02    0.984742493208103031E+00
    0.963758637605836160E-02   -0.711456300354701852E+04    0.206515619169906586E+02    0.315757965794130655E+02    0.988838702622753751E+00
    0.916868296560455556E-02   -0.711456324944772859E+04    0.207452713029623332E+02    0.314898044057795801E+02    0.984879539150654848E+00
    0.872471197495636695E-02   -0.711456398105648168E+04    0.200752715713881926E+02    0.316150471478982951E+02    0.988504494470971662E+00
    0.829960511313117613E-02   -0.711456407801820660E+04    0.207591996186061749E+02    0.316209365155840771E+02    0.985171402612818992E+00
    0.789522240086883847E-02   -0.711456417777862407E+04    0.202839240329496064E+02    0.317191102093834942E+02    0.985210100388909660E+00
    0.751018928560853467E-02   -0.711456418348419447E+04    0.203062949619528403E+02    0.316905311851558622E+02    0.985212332698583437E+00
    0.714565740452133367E-02   -0.711456467177668583E+04    0.202714345442921982E+02    0.316428402905671931E+02    0.988221190573415731E+00
    0.679763725386524614E-02   -0.711456481232259921E+04    0.202524391155743828E+02    0.316758274921971292E+02    0.985482353388311028E+00
    0.646672139375141074E-02   -0.711456500062496070E+04    0.201402974159917640E+02    0.317087268454912916E+02    0.988063926623648281E+00
    0.615221842813813528E-02   -0.711456528761792106E+04    0.201855375470699663E+02    0.315577958609742666E+02    0.987908207800701210E+00
    0.585284105815370853E-02   -0.711456551653296719E+04    0.206578915117387183E+02    0.314894924218948553E+02    0.985872268128042517E+00
    0.556771347199474381E-02   -0.711456563106820067E+04    0.200507684590278288E+02    0.317675616673883212E+02    0.985952098133160315E+00
    0.529627011595194298E-02   -0.711456566778652996E+04    0.204212577956190557E+02    0.317729001943357829E+02    0.987658756974898577E+00
    0.503809074053974439E-02   -0.711456571652230923E+04    0.201525316029458743E+02    0.317250670347526977E+02    0.986016877793221447E+00
    0.479240452244800771E-02   -0.711456572669123489E+04    0.202930518397267754E+02    0.315301238883554440E+02    0.987613116630289833E+00
    0.455873735416815421E-02   -0.711456575352266282E+04    0.204180053612212333E+02    0.316597506113155802E+02    0.987591458627187557E+00
    0.433646175942592211E-02   -0.711456577964992630E+04    0.202457323493043404E+02    0.315638195064079348E+02    0.987569768427816630E+00
    0.433521061137034577E-02   -0.711456603579420698E+04    0.203555671881168720E+02    0.318795163779692743E+02    0.986329496183111720E+00
    0.433483225336865965E-02   -0.711456586123543821E+04    0.201394888045062359E+02    0.315728836346824124E+02    0.986140516326903249E+00
    0.433504989374429699E-02   -0.711456596164758776E+04    0.200554022501709355E+02    0.316754732044149030E+02    0.986241540858333376E+00
    0.433479966709207978E-02   -0.711456584620076228E+04    0.201318887002689841E+02    0.316014001486210248E+02    0.986126601590193386E+00
    0.433474825816670094E-02   -0.711456582248145151E+04    0.206294912112775073E+02    0.314475338917029816E+02    0.986105326881150268E+00
    0.433526139742515266E-02   -0.711456605922363724E+04    0.208559510690805823E+02    0.314899394532122940E+02    0.986360751826778070E+00
    0.433487842798809669E-02   -0.711456588253931841E+04    0.201455716747600384E+02    0.316699715084326314E+02    0.986160637124507966E+00
    0.433511250900877991E-02   -0.711456599053528862E+04    0.204350413877306316E+02    0.317522517817221797E+02    0.986274223807287687E+00
    0.433486233143624226E-02   -0.711456587511277485E+04    0.208827170055403499E+02    0.314600273820639345E+02    0.986153575098667523E+00
    0.433468219430442527E-02   -0.711456579200015858E+04    0.202668942841077424E+02    0.317536843413283520E+02    0.986078809629309716E+00
    0.433514986632381992E-02   -0.711456600776997584E+04    0.202051385076501759E+02    0.314174511451917517E+02    0.987343338375783364E+00
    0.433506598802178324E-02   -0.711456596907276071E+04    0.205378920681025470E+02    0.315397619374157614E+02    0.987388131347617493E+00
    0.433474710981173340E-02   -0.711456582195161445E+04    0.202556269146045302E+02    0.315703744218692108E+02    0.987533186684814268E+00
    0.433557659923149499E-02   -0.711456620463140825E+04    0.206759078194165724E+02    0.315002029645518213E+02    0.986657804099121405E+00
    0.433561368069955259E-02   -0.711456622173700362E+04    0.207833565430197353E+02    0.316425173751755153E+02    0.986753343757376222E+00
    0.433561948529926754E-02   -0.711456622441463878E+04    0.207077695574431466E+02    0.315453221944927940E+02    0.986789228553817122E+00
    0.433562112991337650E-02   -0.711456622517329106E+04    0.206866675505723485E+02    0.316334183072397863E+02    0.986815177486096262E+00
    0.433560400930456825E-02   -0.711456621727562560E+04    0.206670949892889340E+02    0.315035856419878328E+02    0.986719310697372953E+00
    0.433561323263175185E-02   -0.711456622153031185E+04    0.205776430708279285E+02    0.315293017892272331E+02    0.986886896530678959E+00
    0.433558671686577225E-02   -0.711456620929866403E+04    0.203925816235734345E+02    0.313988390243858611E+02    0.986960331366929178E+00
