    0.124092397494913165E+02   -0.496722150558588638E+01   -0.144522801190087602E+01    0.315303430716996971E-01   -0.999999998999999514E+91   -0.391195633965034517E+01    1
   -0.164133821731842211E+01   -0.624399764674655167E+01    0.121162413453487154E+02   -0.612962956826976837E-01   -0.999999998999999514E+91   -0.393195633965034208E+01    1
    0.127071539673181206E+02   -0.717428021593211440E+01    0.124003019855844236E+02    0.971446043276023852E-01   -0.999999998999999514E+91   -0.395195633965034165E+01    1
    0.901096135775683926E+01   -0.334608534224531518E+01    0.109972727967291508E+02   -0.205523108620538908E-01   -0.999999998999999514E+91   -0.397195633965034300E+01    1
   -0.383270711734058267E+01   -0.254571396300055497E+01    0.705525226055953070E+01    0.264885484459863752E-02   -0.999999998999999514E+91   -0.399195633965034391E+01    1
   -0.293958643254454834E+02    0.348518890230934097E+01    0.120571272660028228E+02    0.347669044716701695E-01   -0.999999998999999514E+91   -0.401195633965034215E+01    1
   -0.573327434750293996E+01    0.917718522777663281E+01    0.602743401114225197E+01    0.555340367195992571E-01   -0.999999998999999514E+91   -0.403195633965034173E+01    1
    0.169465685686166552E+02    0.113856577701230890E+02    0.171373629651257673E+02   -0.110856835622205399E+00   -0.999999998999999514E+91   -0.405195633965034396E+01    1
    0.921572910547190105E+01   -0.551054530211249372E+01    0.106477988925929914E+02   -0.788909804081881078E-01   -0.999999998999999514E+91   -0.407195633965034443E+01    1
    0.150443364094472862E+02    0.410083686822553517E+01    0.569661582550791135E+01   -0.165045082122132827E-02   -0.999999998999999514E+91   -0.409195633965034400E+01    1
   -0.419867304962169818E+01    0.215993730381713700E+01    0.552938528121383843E+01    0.633922437547587269E-02   -0.999999998999999514E+91   -0.411195633965034357E+01    1
    0.652724440074833101E+01    0.136553556548219639E+02    0.371191712359643411E+01   -0.241533132362738764E-02   -0.999999998999999514E+91   -0.413195633965034226E+01    1
    0.115303216025246158E+01    0.136785170710039328E+01    0.200430482121070508E+01   -0.144845589881319431E+00   -0.999999998999999514E+91   -0.415195633965034450E+01    1
   -0.286985173587080133E+01    0.468500952823231565E+01    0.141147767165518729E+02    0.177899509490404110E-01   -0.999999998999999514E+91   -0.417195633965034762E+01    1
    0.220510748193877362E+02    0.102957000023231409E+02    0.105411756603176521E+02   -0.264582892080314318E-02   -0.999999998999999514E+91   -0.419195633965034720E+01    1
   -0.516831385012577371E+01    0.111835396597583951E+02    0.857298394622452875E+01   -0.112694654193133091E-01   -0.999999998999999514E+91   -0.421195633965034677E+01    1
   -0.101884621692088722E+02    0.423866063503153168E+01    0.436954015077790636E+01   -0.551752798121675422E-01   -0.999999998999999514E+91   -0.423195633965034279E+01    1
    0.148219295971393414E+02   -0.116983104635322626E+02    0.311495037473539549E+01    0.239392194194432625E-01   -0.999999998999999514E+91   -0.425195633965034059E+01    1
    0.153890303639699120E+02   -0.795795025693821678E+01    0.127633047136169395E+02   -0.405583560005663146E-01   -0.999999998999999514E+91   -0.427195633965034727E+01    1
    0.269316566465535701E+00   -0.143799402072511242E+02    0.129769801338488264E+02    0.599330515091787020E-02   -0.999999998999999514E+91   -0.429195633965034329E+01    1
    0.354094442420749544E+02    0.202269192714460502E+02    0.594082453752706829E+01   -0.642054794001746809E-01   -0.999999998999999514E+91   -0.431195633965034109E+01    1
    0.351068810866541128E+02    0.224721461129449018E+02    0.521989576232249064E+01   -0.238584585472929600E+00   -0.999999998999999514E+91   -0.433195633965034244E+01    1
    0.115758670104471797E+02    0.561682161760370224E+01    0.640483895345326104E+01   -0.615970421844261040E-01   -0.999999998999999514E+91   -0.435195633965034201E+01    1
   -0.123259414703822827E+02   -0.249065560509761763E+01    0.580801037026059674E+01    0.186217826286594140E+00   -0.999999998999999514E+91   -0.437195633965034336E+01    1
    0.821397816433407968E+01    0.554432098770417348E+01    0.202697941437576379E+01   -0.150115317917874830E+00   -0.999999998999999514E+91   -0.439195633965034649E+01    1
    0.163144385921143247E+02   -0.852309877951611838E+00    0.114124392243665049E+02    0.553331039022354684E-01   -0.999999998999999514E+91   -0.441195633965034784E+01    1
    0.813279799407621695E+01    0.493296899578958747E+01    0.228293409806290359E+01   -0.211818891962441275E-01   -0.999999999899999928E+90   -0.443195633965034474E+01    1
    0.210078611181201325E+02   -0.879185504978448584E+01    0.135194208109661318E-01   -0.261888704542858619E-01   -0.999999999799999890E+90   -0.445195633965034343E+01    1
    0.666066285389061186E+01    0.747938818832013830E+01    0.119836164487018095E+02   -0.792819670132621952E-02   -0.999999999699999851E+90   -0.447195633965034745E+01    1
   -0.346175142037770378E+01   -0.123839366035816312E+01    0.244720925815152457E+01    0.130883733542938377E-01   -0.999999999599999813E+90   -0.449195633965034435E+01    1
    0.178439223797591922E+02    0.123935278968089229E+02    0.965989084270234777E+01   -0.569605536278050481E-01   -0.999999999499999774E+90   -0.451195633965034482E+01    1
   -0.459883205411115270E+00    0.424620337209383614E+01    0.799754197439142267E+01    0.856420564110826066E-01   -0.999999999399999736E+90   -0.453195633965034705E+01    1
    0.168411875065976808E+02    0.354119143843757112E+01    0.105244055469207005E+02   -0.963567699975598733E-02   -0.999999999299999697E+90   -0.455195633965034396E+01    1
   -0.252999809363719983E+02    0.112640982000122598E+02    0.183073400308350038E+02    0.781051264682064011E-01   -0.999999999199999659E+90   -0.457195633965034354E+01    1
    0.194682050451216000E+02   -0.685636503103815009E+01    0.722516220196710002E+01    0.886750203074808396E-01   -0.999999999099999621E+90   -0.459195633965034666E+01    1
    0.464888484909238286E-01   -0.835933552874575270E+00    0.353424363116379503E+01   -0.104020783031270589E+00   -0.999999998999999582E+90   -0.461195633965034801E+01    1
    0.128104923168873235E+02    0.565133431039869016E+00   -0.106174084537777418E+02    0.196062856035648131E+00   -0.154054469282363949E+06   -0.463195633965034759E+01    1
    0.123962384517546980E+02    0.527683258897660679E+01   -0.653704782466788448E+01    0.165555577632958174E-01   -0.101372115775291400E+06   -0.465195633965034716E+01    1
    0.140975468805434865E+02    0.116043266420644153E+01   -0.535401529770086260E+01    0.199216653703536799E-01   -0.806073770666541823E+05   -0.467195633965034407E+01    1
    0.211996479048868878E+02    0.317231647123217364E+01   -0.504200513867791944E+01    0.618386739997562260E-01   -0.802965398205752717E+05   -0.469195633965034364E+01    1
    0.360287538789157669E+01    0.122734944849420025E+02   -0.510887676683298064E+01    0.226280687768644406E+00   -0.762480394651000679E+05   -0.471195633965034677E+01    1
    0.301023327317892608E+02    0.105248192030249896E+02   -0.417170533097247098E+01    0.892711848286287940E-01   -0.715810710829526652E+05   -0.473195633965034634E+01    1
    0.236512617337024267E+02    0.165770301253011851E+02   -0.286227644090846578E+01    0.261439145799158071E-01   -0.529676360177712268E+05   -0.475195633965034325E+01    1
    0.106633837082907625E+02    0.212163591541617924E+01   -0.300765456912157081E+01    0.547617151288466650E-01   -0.476195280039305435E+05   -0.477195633965034460E+01    1
    0.231809626976823004E+02    0.949372503717063054E+01   -0.220074079353300345E+01    0.239817254178401662E+00   -0.415617296272686508E+05   -0.479195633965034506E+01    1
    0.504020714990846699E+02    0.977271997043597018E+00   -0.123472662059023452E+01    0.641796730117779601E-01   -0.212130842053562810E+05   -0.481195633965034641E+01    1
    0.324255913046720234E+01    0.106561559930306906E+02   -0.833944795811404127E+00    0.123730119389308058E+00   -0.200376202783934423E+05   -0.483195633965034776E+01    1
    0.574224602137403028E+01    0.141588753652211299E+02   -0.719424047079049167E+00    0.179370959384287480E-01   -0.198923264842142999E+05   -0.485195633965034734E+01    1
    0.544895315433016059E+01    0.154589143504010416E+02    0.271719799873926249E-01    0.145208749760562000E+00   -0.100152744436184039E+05   -0.487195633965034602E+01    1
    0.381111466719621745E+02    0.528393484813483916E+00   -0.542165606094564545E+00    0.140240040141999506E+00   -0.903288729279488143E+04   -0.489195633965034382E+01    1
    0.188562537352356827E+02    0.110886307228613052E+02    0.610063042820280010E+00    0.705881724600498500E-01   -0.121421259944858730E+04   -0.491195633965034428E+01    1
    0.190991506729176166E+02    0.119912255074541143E+02    0.894050372976912300E+01    0.266189063930689418E+00    0.579343357197581895E+03   -0.493195633965034563E+01    1
    0.290087964339428446E+02    0.239784794680534352E+01    0.482751364167768848E+01    0.227790358672477072E+00    0.930239854543567162E+03   -0.495195633965034610E+01    1
    0.103209822196719827E+02    0.563414552976915139E+01    0.117992885927683488E+02    0.226809841951983837E+00    0.939794651193713889E+03   -0.497195633965034567E+01    1
    0.135165812319998473E+02    0.194946364656547999E+02    0.966659410988085810E+01    0.214396002504487260E+00    0.106337814807818654E+04   -0.499195633965034435E+01    1
    0.960924085151371266E+01    0.405239624908404750E+01    0.160322683022881911E+02    0.208991651320257571E+00    0.111886361788868408E+04   -0.501195633965034304E+01    1
    0.132750317662723880E+02    0.174688466016707800E+01    0.139340850347201251E+01    0.185312320370253275E+00    0.131047082927356678E+04   -0.503195633965034617E+01    1
    0.178068029435992798E+02    0.186392417802256887E+02    0.491508446738256843E+01    0.166170160723418586E+00    0.160008075359164877E+04   -0.505195633965034840E+01    1
    0.172683992622695328E+02    0.890322889870331924E+00    0.117106622965701206E+02    0.157681672303048137E+00    0.170570626539709519E+04   -0.507195633965034709E+01    1
    0.154101161933932147E+02    0.117813674064908547E+02    0.906111338861916948E+01    0.153571793860019151E+00    0.175817536841696119E+04   -0.509195633965034755E+01    1
    0.819467616341257354E+01    0.612732218099209547E+01    0.138361639216095202E+02    0.148436441415672304E+00    0.182506326412276690E+04   -0.511195633965034979E+01    1
    0.935235155158100362E+01    0.319217743002678045E+01    0.173690959596687620E+02    0.141417922184387868E+00    0.191897174144496876E+04   -0.513195633965034936E+01    1
    0.771799507090823322E+01    0.169583020486276936E+02    0.535931858040190967E+01    0.139008070752275115E+00    0.195185759645882467E+04   -0.515195633965034716E+01    1
    0.118699554458710477E+02    0.102460438160879974E+02    0.136694125178216090E+02    0.138566018188298556E+00    0.195798768515963593E+04   -0.517195633965034318E+01    1
    0.323392571453895457E+02    0.123198212975690140E+02    0.507994369719667827E+01    0.137180917090982235E+00    0.197707567623500358E+04   -0.519195633965034276E+01    1
    0.123461164846240123E+02    0.361998101038666231E+01    0.400990591275620822E+01    0.131539727664773287E+00    0.205614322757706259E+04   -0.521195633965034766E+01    1
    0.185826091535157367E+02    0.460384675736891857E+01    0.124809799007181947E+02    0.130813579199137692E+00    0.206667621669104301E+04   -0.523195633965034546E+01    1
    0.118338433692740175E+01    0.153132663872880546E+02    0.274832587210973411E+01    0.124664438398336574E+00    0.211506615803634895E+04   -0.525195633965034858E+01    1
    0.116599112234286437E+02    0.133053286674166067E+02    0.364365539872177635E+01    0.124520646904155347E+00    0.215624042806294074E+04   -0.527195633965034727E+01    1
    0.870071622281153267E+01    0.148571829404080180E+02    0.606012679740714333E+01    0.122748949180765746E+00    0.218403621828749192E+04   -0.529195633965034684E+01    1
    0.101414468416610415E+02    0.125197640633489780E+02    0.941190406352978215E+01    0.116421646617367522E+00    0.227940435818677588E+04   -0.531195633965034553E+01    1
    0.779712899714481544E+01    0.901154762755811589E+01    0.250873146567735850E+01    0.981104052833927653E-01    0.255215539122451537E+04   -0.533195633965034510E+01    1
    0.974598169175222928E+01    0.402897988713481325E+01    0.352077333174613738E+01    0.974326697288195737E-01    0.258393306834232772E+04   -0.535195633965034645E+01    1
    0.650200290600898878E+01    0.663548157212338729E+01    0.360786495871734969E+01    0.966774869226609962E-01    0.259631107324308823E+04   -0.537195633965034780E+01    1
    0.772843233489956027E+01    0.116647059154128172E+02    0.238257857041565693E+02    0.962270653801559905E-01    0.260507051532911328E+04   -0.539195633965034649E+01    1
    0.184858001069305260E+02    0.802397221147245965E+01    0.235014557901278529E+02    0.896676159313541388E-01    0.271853703766950503E+04   -0.541195633965034428E+01    1
    0.880201945314952994E+00    0.533852497284320826E+01    0.104702023438245320E+02    0.883736936880024221E-01    0.274140102692721803E+04   -0.543195633965034563E+01    1
    0.308422026927509378E+02    0.173497565260022064E+02    0.442375736601924174E+01    0.866505185702486636E-01    0.277182104153077171E+04   -0.545195633965034521E+01    1
    0.289567095182016629E+02    0.181825985677185926E+02    0.142660978172770214E+02    0.863839041339333341E-01    0.277687924120056323E+04   -0.547195633965034389E+01    1
    0.400296547832587208E+02    0.491554433789622891E+01    0.890087108913410852E+01    0.851994847569673419E-01    0.279818279616905829E+04   -0.549195633965034791E+01    1
    0.840453381308883252E+00    0.135005196993144203E+02    0.595929554413965512E+01    0.850901409909548545E-01    0.280012886305826260E+04   -0.551195633965034570E+01    1
    0.507945766167039992E+01    0.236057804291947591E+02    0.882679776286690121E+01    0.849268995633695317E-01    0.280310534549680051E+04   -0.553195633965034705E+01    1
    0.186954108158754657E+02    0.228036521981667129E+02    0.125690523843099804E+02    0.843015271410320899E-01    0.281442702814001905E+04   -0.555195633965034929E+01    1
    0.210271191883639119E+02    0.683548314776610955E+01    0.542418901942455634E+01    0.809951775245690564E-01    0.287492866956988610E+04   -0.557195633965034887E+01    1
    0.386332488658217521E+01    0.253163472806973422E+01    0.542256555502160253E+01    0.801769610008099820E-01    0.289008079771796747E+04   -0.559195633965034755E+01    1
    0.369113068120577594E+02    0.154742446488648753E+02    0.797190208029906078E+01    0.729081611211235686E-01    0.302774918961600997E+04   -0.561195633965034801E+01    1
    0.170868704984379995E+02    0.540356767201072774E+01    0.402653073895863578E+01    0.728282700564375635E-01    0.302905196338869564E+04   -0.563195633965034670E+01    1
    0.129804509576851146E+02    0.272281244528259379E+02    0.154171518123120670E+02    0.717537043582787970E-01    0.305013465946925680E+04   -0.565195633965034716E+01    1
    0.358994914507396601E+02    0.103793000707807579E+02    0.155777664422217370E+02    0.619798448117035786E-01    0.324558180579003283E+04   -0.567195633965034851E+01    1
    0.522564827277267252E+01    0.187281170804087900E+02    0.638248702323167016E+01    0.616189998834066124E-01    0.325299720216103742E+04   -0.569195633965034720E+01    1
    0.444673546798260446E+02    0.801137718201921700E+01    0.221888440531166520E+01    0.597790234638147719E-01    0.326314151356477305E+04   -0.571195633965034943E+01    1
    0.854617897326524023E+01    0.159266599550603072E+02    0.176882353669425250E+02    0.609270589216470149E-01    0.326727732078524241E+04   -0.573195633965034812E+01    1
    0.122757682932339183E+02    0.146066025759820821E+02    0.118736014901911275E+02    0.609079266202173092E-01    0.326767276269376862E+04   -0.575195633965034769E+01    1
    0.229183645207363895E+00    0.197932896559318365E+02    0.444692823406540239E+01    0.582885216549850760E-01    0.332053867047200492E+04   -0.577195633965034816E+01    1
    0.162191043708297578E+02    0.179872281911395859E+02    0.128015220185446239E+02    0.579692987395191775E-01    0.332890677323678710E+04   -0.579195633965034773E+01    1
    0.206183072758603174E+02    0.113067863020448591E+02    0.121236680259438181E+02    0.577485583615135814E-01    0.333354629253686653E+04   -0.581195633965034908E+01    1
    0.427751318206182418E+02    0.153801076532423195E+02    0.102783430520738808E+02    0.571071143684360738E-01    0.334705971393624168E+04   -0.583195633965034954E+01    1
    0.135737061989812879E+02    0.178231619870206117E+02    0.210005433759445204E+01    0.492241569574212168E-01    0.341088169682598664E+04   -0.585195633965034823E+01    1
    0.168502818685459577E+01    0.171458616138985569E+02    0.858726264261315464E+01    0.523212495442806000E-01    0.344936034969305001E+04   -0.587195633965034691E+01    1
    0.834519256167414269E+01    0.112951961518611199E+00    0.182839671976861169E+02    0.495462910609591328E-01    0.350985469501478610E+04   -0.589195633965034649E+01    1
    0.296249352398452288E+02    0.455661006305572513E+01    0.778895788142425083E+01    0.485973771910752153E-01    0.353073528229602698E+04   -0.591195633965034695E+01    1
    0.125668726043959005E+02    0.264019556658940502E+01    0.120587848362917995E+02    0.480723379847490945E-01    0.354233058123122055E+04   -0.593195633965034741E+01    1
    0.224214234543152955E+02    0.136920375631968572E+01    0.665479991214928113E+01    0.479006619064405240E-01    0.354612824800538056E+04   -0.595195633965034698E+01    1
    0.187259757091000445E+02    0.121448898609800864E+02    0.139313922143330338E+01    0.244311116102510668E-01    0.357271859089753798E+04   -0.597195633965034833E+01    1
    0.991638302105143943E+01    0.116057193086847832E+02    0.410292797101806528E+01    0.463051638132129240E-01    0.358111788965574306E+04   -0.599195633965034702E+01    1
    0.417912575192646756E+02    0.623530426250721526E+00    0.150990602459378565E+01    0.447526772587816188E-01    0.359895132977983167E+04   -0.601195633965034926E+01    1
    0.186872870641082400E+02    0.156975706051940236E+02    0.638330808341873102E+01    0.421247586593698556E-01    0.367567773963020636E+04   -0.603195633965035061E+01    1
    0.134840240806307836E+02    0.119325452023016787E+02    0.123804434048377487E+01    0.245018709233603242E-02    0.371178114025147534E+04   -0.605195633965034840E+01    1
    0.195812662328449214E+02    0.156696042439893990E+01    0.103649849167446853E+02    0.394274779348296883E-01    0.373728119537024168E+04   -0.607195633965034798E+01    1
    0.336370711674941845E+02    0.115679830419262331E+02    0.331557717024994902E+01    0.387639706538329409E-01    0.375043204445630499E+04   -0.609195633965034844E+01    1
    0.106309735595236567E+02    0.160239184823512844E+02    0.397409828679483557E+01    0.385662715202008469E-01    0.375630469344875701E+04   -0.611195633965034713E+01    1
    0.277957500010961667E+02    0.117056587534766301E+02    0.125346353906935803E+02    0.385253086337720846E-01    0.375802470123453259E+04   -0.613195633965034759E+01    1
    0.133592409539836332E+02    0.630045229323049405E+01    0.311264318942672391E+01    0.379270433696743958E-01    0.376948718605832619E+04   -0.615195633965034894E+01    1
    0.454860705364461992E+01    0.849307403711775155E+00    0.369747984003972618E+01    0.376440768269154652E-01    0.377823744884544294E+04   -0.617195633965035029E+01    1
    0.288806105576272820E+02    0.697447146597471246E+01    0.699520570052454893E+01    0.364098553801576533E-01    0.380691238190641980E+04   -0.619195633965035164E+01    1
    0.561470810898017270E+01    0.764202812218718464E+01    0.440866460754594769E+01    0.362662797569057518E-01    0.381007478617759807E+04   -0.621195633965035210E+01    1
    0.200092919012963257E+02    0.191297636019722574E+02    0.145321778745342947E+02    0.356602474236611400E-01    0.382431218955698432E+04   -0.623195633965034990E+01    1
    0.802229458210758573E+01    0.940141521571506189E+01    0.210157698089648939E+02    0.353551737574125738E-01    0.383140379737412559E+04   -0.625195633965034769E+01    1
    0.172826931396196741E+02    0.779077464092880589E+01    0.127705732096810216E+02    0.351789547779751896E-01    0.383550273494859221E+04   -0.627195633965034904E+01    1
    0.131476835229957345E+00    0.691829392153155354E+01    0.114807428525398834E+02    0.347015920924391777E-01    0.384661575409009674E+04   -0.629195633965034951E+01    1
    0.584496814856035130E+01    0.526469278038862587E+01    0.122114468328840342E+01    0.991314418961391011E-02    0.385444632904892069E+04   -0.631195633965034819E+01    1
    0.376178183062672815E+02    0.198170249830097500E+01    0.177195878843982246E+01    0.331498966432954914E-01    0.385919295612487622E+04   -0.633195633965034865E+01    1
    0.117111090800275335E+02    0.151070718579952228E+02    0.617875748539595726E+01    0.337583309591253031E-01    0.386860803096049767E+04   -0.635195633965034823E+01    1
    0.111232907027886725E+02    0.167842158425416663E+02    0.965821602702262361E+01    0.333080376741997294E-01    0.387912938906653608E+04   -0.637195633965034602E+01    1
    0.920538509662260118E+01    0.695664971818324762E+01    0.972383665135012798E+01    0.325094124442688315E-01    0.389780457901239379E+04   -0.639195633965035004E+01    1
    0.178017559699800199E+01    0.111097820153956972E+01    0.116944579259841497E+01    0.219311979025974685E-01    0.390911218367737683E+04   -0.641195633965034961E+01    1
    0.187519058094497950E+02    0.536576870986447574E+00    0.977404285268145578E+01    0.319522422113174692E-01    0.391084881493846524E+04   -0.643195633965034830E+01    1
    0.154578193756864302E+02    0.673347611200013851E+01    0.748389417379026511E+01    0.308872957936523924E-01    0.393580927998189873E+04   -0.645195633965035142E+01    1
    0.261839843598419719E+01    0.969870872001615503E+01    0.364883266344489288E+01    0.294021060470297663E-01    0.396890376773570733E+04   -0.647195633965035011E+01    1
    0.112018257892294741E+02    0.781969696769660150E+01    0.121870108400563595E+02    0.292941315873199923E-01    0.397319715718797261E+04   -0.649195633965035057E+01    1
    0.359136464584884152E+01    0.418378706222681007E+01    0.183665191336767855E+02    0.291709233800288188E-01    0.397608979932615330E+04   -0.651195633965035370E+01    1
    0.819198484574485164E+01    0.620618594731900597E+01    0.703112939452573027E+01    0.291658302212909858E-01    0.397620907587223292E+04   -0.653195633965035416E+01    1
    0.192952468443688261E+02    0.141061464923550108E+02    0.285501291844630956E+01    0.281039693120396748E-01    0.399231179562139278E+04   -0.655195633965035018E+01    1
    0.299309905787822963E+02    0.240033913186851606E+02    0.723838443042129942E+01    0.271492298467853957E-01    0.402354537990917288E+04   -0.657195633965035064E+01    1
    0.760431684028795551E+01    0.496236989221055147E+01    0.108451814496132801E+02    0.268057150219056378E-01    0.403160304239007473E+04   -0.659195633965035022E+01    1
    0.165365366623970687E+02    0.221920029659768536E+01    0.100008641431774841E+02    0.259616505898038544E-01    0.405138470057427867E+04   -0.661195633965034890E+01    1
    0.477198739870153776E+01    0.203893214379308603E+02    0.394040045999599453E+01    0.258983122079389574E-01    0.405159577822455049E+04   -0.663195633965035203E+01    1
    0.125445011541863636E+02    0.389818190583770985E+01    0.604467346615398959E+01    0.257231110071276699E-01    0.405696881569931384E+04   -0.665195633965034894E+01    1
    0.176568873927695584E+02    0.211669933291711203E+02    0.225804961519324188E+01    0.224866897045398369E-01    0.406044413321800312E+04   -0.667195633965034851E+01    1
    0.145286942185245742E+02    0.171939540811866198E+01    0.110887572152560843E+02    0.249700434215107958E-01    0.407458410157234175E+04   -0.669195633965035075E+01    1
    0.188677809793742064E+02    0.904897006924383795E+01    0.192214196723526491E+02    0.242517468938941889E-01    0.409135261494771112E+04   -0.671195633965034943E+01    1
    0.277181542823593858E+02    0.131587267745821457E+02    0.467848319362921572E+01    0.238932887083823584E-01    0.409963871613263109E+04   -0.673195633965034901E+01    1
    0.127735778583714676E+02    0.480846678008908235E+01    0.643204987704578368E+01    0.225715598753496380E-01    0.413040941556271355E+04   -0.675195633965034947E+01    1
    0.190501342202119162E+02    0.726112982383835259E+00    0.129665488417641317E+01    0.203844307110172471E-01    0.413988542916696224E+04   -0.677195633965034993E+01    1
    0.214762173157636695E+02    0.106910703570074670E+02    0.108931249017440468E+02    0.218661338065934754E-01    0.414671908182754942E+04   -0.679195633965034951E+01    1
    0.143486244404582877E+02    0.194874839925783085E+02    0.268838911604564466E+02    0.211682479156933868E-01    0.416278940186460841E+04   -0.681195633965035174E+01    1
    0.513686331968479859E+01    0.970399777152010401E+01    0.519989515700579563E+01    0.208540107644067489E-01    0.416997662688941909E+04   -0.683195633965035309E+01    1
    0.947685946455707651E+01    0.447249638715666276E+01    0.174591512601441288E+02    0.204194594448144258E-01    0.417994985316889051E+04   -0.685195633965035089E+01    1
    0.196039922803862154E+02    0.321246753230439186E+01    0.136062770319617616E+02    0.204184236658502098E-01    0.417997352648520246E+04   -0.687195633965034780E+01    1
    0.186744582538232962E+02    0.164610989840597917E+02    0.608160902780509804E+01    0.199300098921574367E-01    0.419111184374525146E+04   -0.689195633965035004E+01    1
    0.156906643568590560E+02    0.105997291461564487E+02    0.261303978435760165E+01    0.191939749346025437E-01    0.419586653494180064E+04   -0.691195633965035228E+01    1
    0.382352235106811733E+02    0.121482254471414342E+01    0.140147078348776137E+02    0.190934105668581211E-01    0.421009291715561994E+04   -0.693195633965035185E+01    1
    0.407882223689871815E+01    0.125845573586941857E+02    0.813971072770905124E+01    0.188686010782243008E-01    0.421516745278283543E+04   -0.695195633965035054E+01    1
    0.183142705379360926E+02    0.179586288130019618E+02    0.838459377542313611E+01    0.186254037880121612E-01    0.422064429523180570E+04   -0.697195633965035100E+01    1
    0.154255714005203899E+02    0.906546980031805560E+01    0.443035081974070266E+01    0.185357177476159415E-01    0.422258068198805177E+04   -0.699195633965035235E+01    1
    0.245398698316370343E+02    0.137709713893345977E+02    0.812173747163466508E+01    0.184633366768538545E-01    0.422428638404403227E+04   -0.701195633965035281E+01    1
    0.168009659181966313E+02    0.764066785330877707E+01    0.236123023286028744E+01    0.172741621218483431E-01    0.423426371697523518E+04   -0.703195633965034972E+01    1
    0.283140753500192197E+02    0.817101732152397986E+01    0.686943073234326107E+01    0.177381255426845644E-01    0.424050391528221189E+04   -0.705195633965034840E+01    1
    0.380911864750641538E+01    0.147120625200365085E+01    0.684132185253514091E+01    0.171413915243610673E-01    0.425374306492865526E+04   -0.707195633965035153E+01    1
    0.235050239274998134E+02    0.673561429094186082E+01    0.157203749447047123E+02    0.171287904032225782E-01    0.425402162747763214E+04   -0.709195633965035288E+01    1
    0.216096367480267730E+02    0.523799316312378238E+01    0.149086099522647686E+02    0.170138037254720237E-01    0.425656047792472600E+04   -0.711195633965035245E+01    1
    0.173252483198459970E+02    0.120823084403201930E+01    0.422785483047987931E+01    0.168744270481361140E-01    0.425961737536032342E+04   -0.713195633965035203E+01    1
    0.548108663378946925E+01    0.102289978834056576E+02    0.457258471307250858E+01    0.166906814005862852E-01    0.426357918082305332E+04   -0.715195633965034983E+01    1
    0.294194716168146222E+02    0.965337507665392636E+01    0.102261464839177307E+02    0.161837658877789087E-01    0.427476507900948855E+04   -0.717195633965034851E+01    1
    0.117679326930477721E+02    0.908189278433831149E+01    0.814816288099499708E+01    0.155783752047346825E-01    0.428789650782340595E+04   -0.719195633965035075E+01    1
    0.268047021200364544E+01    0.105936578235617933E+02    0.980944262452623228E+01    0.155755641735418442E-01    0.428795719201546217E+04   -0.721195633965035299E+01    1
    0.282590368776880752E+01    0.260425323924181562E+01    0.378507718048430375E+01    0.150315723257761109E-01    0.429942170732608611E+04   -0.723195633965035256E+01    1
    0.297928078077088632E+01    0.439439307347967478E+01    0.464945065131754820E+01    0.149030176750031100E-01    0.430234076326804825E+04   -0.725195633965035302E+01    1
    0.222691470087573151E+02    0.160486682131675735E+02    0.319675927906391300E+01    0.147339535252416672E-01    0.430311523105936249E+04   -0.727195633965035437E+01    1
    0.127877845920282507E+01    0.216155748947753565E+02    0.623945766845541172E+01    0.147898052572068093E-01    0.430478650952597400E+04   -0.729195633965035395E+01    1
    0.897551730493520594E+01    0.368670497078477766E+01    0.638292771486342581E+01    0.141266303660826289E-01    0.431880883288461246E+04   -0.731195633965035352E+01    1
    0.776389137746324831E+01    0.379759558749662185E+01    0.174590506756719499E+02    0.140541188653013141E-01    0.432032962151472930E+04   -0.733195633965035043E+01    1
    0.928457088588245405E+01    0.896711097128279278E+01    0.739844246292993368E+01    0.140446269131382709E-01    0.432052838510877518E+04   -0.735195633965034823E+01    1
    0.300515056222205246E+02    0.127893665062828603E+02    0.116080955166573503E+02    0.137787489488692908E-01    0.432608150513894725E+04   -0.737195633965034958E+01    1
    0.119612172251670756E+02    0.424773360538812650E+01    0.177310951539588970E+02    0.137645310746615651E-01    0.432637751706967538E+04   -0.739195633965035004E+01    1
    0.416082376566399859E+02    0.519911978149162479E+01    0.449640741701588809E+01    0.136478038352255294E-01    0.432878168532084510E+04   -0.741195633965035050E+01    1
    0.415734637246616501E+02    0.792033179334955673E+01    0.112473329393219981E+02    0.134691759198214290E-01    0.433250462844484264E+04   -0.743195633965035007E+01    1
    0.475741394895596272E+02    0.829463308556231294E+00    0.232173421602500607E+01    0.131664675502838526E-01    0.433762660743894867E+04   -0.745195633965035054E+01    1
    0.280210920691486862E+02    0.102397353650245577E+02    0.410040784003111192E+01    0.130268684273895444E-01    0.434147283460849849E+04   -0.747195633965035100E+01    1
    0.413931824135787139E+02    0.195613886425434202E+02    0.909590585688081354E+01    0.129584042663783809E-01    0.434299724575266373E+04   -0.749195633965035235E+01    1
    0.386466190716659312E+02    0.902055747228953564E+01    0.184790060837825862E+02    0.121576950094176885E-01    0.435916272065895282E+04   -0.751195633965035281E+01    1
    0.104101175102636372E+02    0.660570838645022018E+01    0.200067905703696596E+02    0.121075418168387228E-01    0.436016303251044519E+04   -0.753195633965035150E+01    1
    0.101615515511637220E+02    0.114697036961303711E+01    0.114444815215056828E+01    0.604785566902222953E-02    0.436051822727613126E+04   -0.755195633965035285E+01    1
    0.680373831266959073E+01    0.548111016206425550E+01    0.168455044664962017E+02    0.120711806672985401E-01    0.436088732296317085E+04   -0.757195633965035242E+01    1
    0.148029754118501096E+02    0.532078844320847288E+01    0.732910364308731488E+01    0.120325340019352099E-01    0.436165622893074851E+04   -0.759195633965035110E+01    1
    0.447753871003512049E+01    0.341909458800817667E+01    0.840175973476927140E+01    0.115003050184982782E-01    0.437215243314075178E+04   -0.761195633965035423E+01    1
    0.285253350198484412E+00    0.103440693551869209E+02    0.979771175767647229E+01    0.113956218571532805E-01    0.437419576180055719E+04   -0.763195633965035558E+01    1
    0.171027661331637901E+02    0.751181934700333009E+01    0.153007936569302494E+02    0.110862202597853607E-01    0.438019266778970814E+04   -0.765195633965035427E+01    1
    0.194782608531250183E+02    0.949900661355627118E+00    0.179649082525889980E+01    0.106524120831534199E-01    0.438115446699088534E+04   -0.767195633965035118E+01    1
    0.117358559765424904E+02    0.101710910939763508E+02    0.124978810853347362E+02    0.109292407737629875E-01    0.438321046750735240E+04   -0.769195633965035253E+01    1
    0.157491700083450858E+02    0.139607625953816452E+02    0.141587626904398753E+02    0.108034178148777946E-01    0.438561693027353431E+04   -0.771195633965035210E+01    1
    0.359727601605741114E+02    0.545520990882227697E+01    0.760895114969256170E+01    0.107593994939650436E-01    0.438645615951406126E+04   -0.773195633965035167E+01    1
    0.179452572345517183E+02    0.854339242258323850E+01    0.146985861992808040E+02    0.106642360939695410E-01    0.438826581954873018E+04   -0.775195633965035391E+01    1
    0.246129100990419047E+02    0.667435920614784894E+01    0.181693930430959441E+02    0.104929532795208259E-01    0.439150644580873632E+04   -0.777195633965035348E+01    1
    0.199584524933132457E+02    0.161218209481132604E+02    0.119828191585239168E+02    0.104887121822289445E-01    0.439158641366365737E+04   -0.779195633965035306E+01    1
    0.676597392787889085E+01    0.321848485043218169E+00    0.207186251410259725E+01    0.103829741970270489E-01    0.439226634982910764E+04   -0.781195633965035174E+01    1
    0.539399630269931762E+00    0.128629017507332524E+02    0.824237858214630492E+01    0.101401194989097013E-01    0.439811313960432381E+04   -0.783195633965035132E+01    1
    0.115323022042876886E+02    0.513563569997397007E+01    0.805936511437470315E+01    0.992340491516156831E-02    0.440212375193579192E+04   -0.785195633965035533E+01    1
    0.202998684145803594E+02    0.122634370921606983E+02    0.702210627274726296E+01    0.986741708625372971E-02    0.440315373032199932E+04   -0.787195633965035579E+01    1
    0.182090838584981611E+02    0.115013338522104931E+02    0.224406914185352520E+02    0.963251034072637458E-02    0.440744822417286014E+04   -0.789195633965035537E+01    1
    0.216393890957324118E+02    0.699159670604254480E+01    0.112400522204552757E+02    0.946255929209667557E-02    0.441052681020123964E+04   -0.791195633965035583E+01    1
    0.159960234438746713E+02    0.130503468783759935E+02    0.606494637725868735E+01    0.926682660614665428E-02    0.441404115153638122E+04   -0.793195633965035185E+01    1
    0.126411691901999799E+02    0.157932541744400901E+01    0.570701865743076553E+01    0.919680620550860847E-02    0.441529142742965905E+04   -0.795195633965035142E+01    1
    0.185749883285893453E+02    0.476001240725558716E+01    0.568393266209389569E+01    0.899272158994028972E-02    0.441890836955690065E+04   -0.797195633965035189E+01    1
    0.306538363162556529E+02    0.157721712932040123E+02    0.118534996282677731E+02    0.877735674550932619E-02    0.442268602906601245E+04   -0.799195633965035235E+01    1
    0.117298029776526036E+00    0.114795391424745397E+01    0.425146722774758068E+01    0.872150225375862599E-02    0.442358210273099212E+04   -0.801195633965035192E+01    1
    0.419747746750852428E+02    0.117243244049951834E+02    0.292773863935188539E+01    0.850599249118791194E-02    0.442438162016275419E+04   -0.803195633965034972E+01    1
    0.133843919745956850E+02    0.397899207237595487E+01    0.118708962952145853E+02    0.846386211444959125E-02    0.442810695357910299E+04   -0.805195633965035107E+01    1
    0.717805672138210227E+01    0.731578414235094510E+01    0.734627616705737463E+01    0.834857880242616777E-02    0.443007683553509378E+04   -0.807195633965035420E+01    1
    0.112946118789299348E+02    0.128151081183794631E+02    0.256106256299249724E+01    0.734175714990815097E-02    0.443195198847227221E+04   -0.809195633965035555E+01    1
    0.177210431120415812E+02    0.116492387856097679E+02    0.513511259450587154E+01    0.822544636782300553E-02    0.443215988607736472E+04   -0.811195633965035512E+01    1
    0.377224766936751124E+02    0.431380726907849521E+01    0.588384179610702507E+01    0.821877728974698511E-02    0.443227903048288044E+04   -0.813195633965035292E+01    1
    0.266747752443882202E+01    0.750846304116335261E+01    0.115528026576614717E+02    0.820786597951613135E-02    0.443246373209477315E+04   -0.815195633965035249E+01    1
    0.182508230268134142E+01    0.894175621552950517E+01    0.108684369084256467E+02    0.799556072952796286E-02    0.443602763723554108E+04   -0.817195633965035206E+01    1
    0.161534040145140487E+02    0.669565127794804482E+01    0.106647801116171976E+02    0.785351879903502421E-02    0.443838642603907556E+04   -0.819195633965035341E+01    1
    0.271797995986747623E+02    0.492605298052309504E+01    0.363390784739974038E+01    0.768016818277058796E-02    0.444111398117016961E+04   -0.821195633965035476E+01    1
    0.599319614258515543E+00    0.686986583301632958E+01    0.399006574910497269E+01    0.747998368944962667E-02    0.444397106631868337E+04   -0.823195633965035434E+01    1
    0.351139782400768894E+02    0.334031188347378638E+01    0.453827618607223915E+01    0.739275280664635631E-02    0.444588575970650072E+04   -0.825195633965035569E+01    1
    0.361769159171599313E+02    0.688186841516970826E+01    0.189693193915465024E+02    0.735853481261979601E-02    0.444643968334129113E+04   -0.827195633965035348E+01    1
    0.309736521023439444E+02    0.960859645714749888E+01    0.100292579167864861E+02    0.699125307309479867E-02    0.445224047258395603E+04   -0.829195633965035483E+01    1
    0.704646545195804919E+01    0.207555719131897760E+02    0.140393563436889650E+02    0.695832910847899062E-02    0.445275290968117497E+04   -0.831195633965035618E+01    1
    0.481468123943711390E+02    0.697602711154082300E+01    0.135504595189894843E+02    0.692529817202051923E-02    0.445326573811759408E+04   -0.833195633965035576E+01    1
    0.301185927393112571E+02    0.562608851026157986E+00    0.370793713833119387E+01    0.691519322159614164E-02    0.445341358910878807E+04   -0.835195633965035533E+01    1
    0.198534672738628579E+02    0.179328474602076682E+00    0.174182857053792830E+02    0.650860607378667567E-02    0.445962330159162229E+04   -0.837195633965035313E+01    1
    0.946697921789591312E+01    0.184050533045929612E+02    0.752155330342900541E+01    0.635483199322018407E-02    0.446191568021568855E+04   -0.839195633965035270E+01    1
    0.194981046520245371E+02    0.850782421733409677E+00    0.323342183766003233E+01    0.630109621871254369E-02    0.446265455492953970E+04   -0.841195633965035228E+01    1
    0.308762742970596804E+01    0.328883591040513146E+01    0.115462573273428788E+02    0.622840046622837908E-02    0.446377810953691187E+04   -0.843195633965035363E+01    1
    0.442127053204171574E+02    0.279007363203534187E+01    0.409498480759318717E+01    0.582184817482689094E-02    0.446961545162203947E+04   -0.845195633965035320E+01    1
    0.455407077640590643E+02    0.356535225879157558E+01    0.100866472446753015E+02    0.576373674809278497E-02    0.447044360488795428E+04   -0.847195633965035455E+01    1
    0.383662342780772736E+01    0.101929067993758871E+02    0.256205357197107064E+01    0.435960407465058042E-02    0.447322103645517927E+04   -0.849195633965035412E+01    1
    0.174962112270502779E+01    0.128588679041240663E+02    0.675747085454673613E+01    0.543413766433550102E-02    0.447499327911214368E+04   -0.851195633965035547E+01    1
    0.189135125726246365E+02    0.255597649450251652E+00    0.761480947919584850E+01    0.532393175536631687E-02    0.447648086619949026E+04   -0.853195633965035505E+01    1
    0.101169798171444718E+02    0.148950688117644212E+02    0.856076279574481802E+01    0.527510577473786196E-02    0.447713412332411644E+04   -0.855195633965035285E+01    1
    0.276565255650117798E+02    0.170421148551704427E+01    0.470751382992088718E+01    0.510458093688980711E-02    0.447938740262107240E+04   -0.857195633965035242E+01    1
    0.125196539527040489E+02    0.290044609861658120E+01    0.158230771749865227E+02    0.448686508300286547E-02    0.448718329996810462E+04   -0.859195633965035377E+01    1
    0.297912219419178292E+01    0.247314570491342067E+01    0.890327201606352148E+01    0.434375224512862420E-02    0.448890300241374734E+04   -0.861195633965035512E+01    1
    0.117576001437967701E+02    0.720930543022581016E+01    0.137631966826053045E+02    0.431107466524913337E-02    0.448929095668274749E+04   -0.863195633965035647E+01    1
    0.372470904078709708E+02    0.151096047248992047E+02    0.384875418825891025E+01    0.428078195111263830E-02    0.448952990240508097E+04   -0.865195633965035782E+01    1
    0.381135805479542711E+02    0.868354997560759045E+01    0.945562253625657334E+01    0.428248416024594111E-02    0.448962893829054883E+04   -0.867195633965035384E+01    1
    0.147029740280436982E+02    0.948928126826187324E-01    0.303072073991177993E+01    0.425382060756074667E-02    0.448995803883263306E+04   -0.869195633965035341E+01    1
    0.179893745243991354E+02    0.105076741022814293E+02    0.517119362776546510E+01    0.405872505291371855E-02    0.449222649230855131E+04   -0.871195633965035476E+01    1
    0.240435959904085088E+02    0.331688725869990364E+01    0.605282172924075201E+01    0.404552772100540137E-02    0.449237737119728263E+04   -0.873195633965035611E+01    1
    0.280842619929164208E+02    0.128201937960260466E+02    0.963875200090985373E+01    0.398211580069978040E-02    0.449309660447538226E+04   -0.875195633965035569E+01    1
    0.205738621977017431E+02    0.927477059884162713E+01    0.118814497107397887E+02    0.389287497596236404E-02    0.449409706342870595E+04   -0.877195633965035526E+01    1
    0.472371396108648334E+01    0.723036655723757171E+01    0.961762331036031171E+01    0.379865417467409143E-02    0.449513821426642698E+04   -0.879195633965035483E+01    1
    0.230079546290098627E+02    0.488013938183045948E+01    0.326229309039804383E+01    0.376845589267605762E-02    0.449524630602813522E+04   -0.881195633965035441E+01    1
    0.291243379390412382E+01    0.158587709059101698E+02    0.683821488074578898E+01    0.372304710942351468E-02    0.449596224448918110E+04   -0.883195633965035398E+01    1
    0.244765703503104568E+02    0.170051875722141403E+02    0.113605096465062640E+02    0.370460371592097083E-02    0.449616178278894131E+04   -0.885195633965035533E+01    1
    0.747504198396347697E+01    0.122841230717067020E+02    0.114791198777523427E+02    0.357268116581506076E-02    0.449757070848678268E+04   -0.887195633965035491E+01    1
    0.161629672184357354E+02    0.633163832301084195E+00    0.139829410244596808E+01    0.206914236136678323E-02    0.449996284244398430E+04   -0.889195633965035626E+01    1
    0.156128195830964920E+02    0.216128007535505411E+02    0.131847716675864497E+02    0.331120395181798421E-02    0.450026870987341135E+04   -0.891195633965035761E+01    1
    0.205576691497542221E+02    0.728873851820943486E+01    0.140159814070531112E+02    0.325310039260747787E-02    0.450085082163589868E+04   -0.893195633965035896E+01    1
    0.103875713190492842E+02    0.697372546835687501E+01    0.566680879437604279E+01    0.324672899231741915E-02    0.450091452751847373E+04   -0.895195633965035675E+01    1
    0.416871563256897559E+02    0.131461481182050299E+01    0.123560773253265754E+02    0.320587940846789668E-02    0.450131916339605505E+04   -0.897195633965035633E+01    1
    0.145856519604562713E+02    0.206327533925331963E+01    0.939022159046452742E+01    0.316897877641745748E-02    0.450168216803224914E+04   -0.899195633965035590E+01    1
    0.213362863726571632E+02    0.552790466254916435E+01    0.514946139002657333E+01    0.285578508131267318E-02    0.450465687377227914E+04   -0.901195633965035547E+01    1
    0.108495381931780912E+02    0.104417185059949631E+02    0.736690578692653730E+01    0.280363955657405607E-02    0.450513224658942090E+04   -0.903195633965035682E+01    1
    0.579132713104606545E+01    0.574353125246015495E+01    0.900418221161815069E+01    0.280057676039182062E-02    0.450516001153198249E+04   -0.905195633965035817E+01    1
    0.877315826516958985E+01    0.253359322197701964E+00    0.124471535434370217E+02    0.278605031085682377E-02    0.450529159249989971E+04   -0.907195633965035952E+01    1
    0.943944697479883565E+01    0.221442799989882886E+02    0.447533393299518867E+01    0.259916365355006979E-02    0.450692549916264852E+04   -0.909195633965035555E+01    1
    0.518294452094743630E+01    0.781686092262233423E+01    0.865280228466786028E+01    0.253680505353663915E-02    0.450748175014601293E+04   -0.911195633965035512E+01    1
    0.827692530571808227E+01    0.937161322556283594E+01    0.150533697267192075E+02    0.244813781425524003E-02    0.450822960765781863E+04   -0.913195633965035647E+01    1
    0.370575665947209032E+02    0.128365328692436123E+02    0.711610996069740231E+01    0.242778850727940441E-02    0.450839894805950462E+04   -0.915195633965035960E+01    1
    0.291342672341518352E+02    0.115846445112576957E+01    0.104831371273087512E+02    0.236654913140473249E-02    0.450890298729388905E+04   -0.917195633965036095E+01    1
    0.956615814028999978E+01    0.157921403492322074E+02    0.718782018267836698E+01    0.234404306514441555E-02    0.450908631318369680E+04   -0.919195633965036052E+01    1
    0.147355576095279055E+02    0.179788986751890079E+01    0.175723357555450690E+02    0.224351511024136613E-02    0.450989128862351299E+04   -0.921195633965035832E+01    1
    0.165238583266477548E+02    0.190982451654786480E+02    0.140406152928250698E+02    0.218305200101737325E-02    0.451036486720862922E+04   -0.923195633965035434E+01    1
    0.219927507770268988E+02    0.839015320973493139E+01    0.341806409052495308E+01    0.212457961261648936E-02    0.451063398877531836E+04   -0.925195633965035391E+01    1
    0.415938975548298373E+02    0.544548426008310216E+01    0.956735554876407868E+01    0.192503444841187377E-02    0.451229429996956424E+04   -0.927195633965035526E+01    1
    0.669426689387872020E+01    0.171538019461618454E+02    0.137347413439273218E+02    0.186346347829943336E-02    0.451273242816502898E+04   -0.929195633965035661E+01    1
    0.916332151959464092E+01    0.176589816129465671E+01    0.171405994744160211E+02    0.178162072889244557E-02    0.451330126206700606E+04   -0.931195633965035974E+01    1
    0.154949579383769418E+02    0.216998461130744369E+01    0.512977737894298791E+01    0.177542250653924915E-02    0.451334436824297245E+04   -0.933195633965035576E+01    1
    0.267348555202558380E+02    0.187170848864193609E+02    0.163935703862736410E+02    0.172049629833219571E-02    0.451371591715691466E+04   -0.935195633965035533E+01    1
    0.166646608530740643E+02    0.615027627527556220E+01    0.568590014234979968E+01    0.170163722717810357E-02    0.451384282351893035E+04   -0.937195633965035491E+01    1
    0.265840739464584175E+01    0.223568963594670329E+02    0.119966459549920845E+02    0.167859603888828395E-02    0.451399508811375836E+04   -0.939195633965035448E+01    1
    0.115232346073553664E+02    0.879373508014436922E+01    0.751900912393454313E+01    0.167848433966092509E-02    0.451399585761836352E+04   -0.941195633965035405E+01    1
    0.344979397571642643E+01    0.165348170642373749E+01    0.122008679441165810E+02    0.166368984689949247E-02    0.451409340409768629E+04   -0.943195633965035363E+01    1
    0.217086403692006300E+02    0.101965865228523036E+02    0.146419542597310048E+02    0.161710510772124206E-02    0.451439726082170546E+04   -0.945195633965035498E+01    1
    0.274542090459326538E+01    0.993863554573569807E+01    0.361641360019258551E+01    0.152665848977688221E-02    0.451454281414467459E+04   -0.947195633965035810E+01    1
    0.297685964326691561E+02    0.131975329064576705E+02    0.420052632394445080E+01    0.148561357774321871E-02    0.451523597117654208E+04   -0.949195633965035945E+01    1
    0.269260402664502045E+02    0.693680358552454734E+01    0.151751417466519776E+02    0.147844916502896224E-02    0.451527089974832234E+04   -0.951195633965035725E+01    1
    0.144947631329061490E+02    0.115587853819491322E+02    0.111458811655294703E+02    0.144697735852130391E-02    0.451546271801858802E+04   -0.953195633965035860E+01    1
    0.175477011792759825E+02    0.703729059965287895E+01    0.130798675769961381E+02    0.140880379317235541E-02    0.451569213512146416E+04   -0.955195633965035817E+01    1
    0.159359291908687162E+02    0.608335564820722485E+01    0.644108699984493693E+01    0.140260724065773544E-02    0.451572922842336811E+04   -0.957195633965035775E+01    1
    0.207831994247659289E+02    0.641979961845867653E+01    0.926792033609230259E+01    0.139164994767580568E-02    0.451579406336913780E+04   -0.959195633965035732E+01    1
    0.246936879457752667E+00    0.929539053509141766E+01    0.102454328712940228E+02    0.137632130281293359E-02    0.451588453286942240E+04   -0.961195633965035867E+01    1
    0.160725368527335029E+02    0.104952576553900450E+02    0.120706445475341653E+02    0.137071284030120823E-02    0.451591748917337191E+04   -0.963195633965035825E+01    1
    0.105947402044405692E+01    0.979118249193614787E+01    0.118793210335401032E+02    0.136678269047383325E-02    0.451594053726004859E+04   -0.965195633965035960E+01    1
    0.606441570223244319E+01    0.474225026300733710E+01    0.812857758463801972E+01    0.134007705040831387E-02    0.451609614554922791E+04   -0.967195633965035739E+01    1
    0.438051702441629232E+01    0.657065407039171134E+01    0.363734458118796100E+01    0.131283064689277488E-02    0.451610801932562481E+04   -0.969195633965035697E+01    1
    0.674825434768133903E+01    0.546765865145831320E+01    0.972423561937099734E+01    0.132993593976931290E-02    0.451615476426936402E+04   -0.971195633965035654E+01    1
    0.162520489250113869E+02    0.683927761020084191E+01    0.708834518057378027E+01    0.132022941618711496E-02    0.451621069599072416E+04   -0.973195633965035789E+01    1
    0.190748566659252745E+02    0.119733298815120754E+02    0.119451342654025137E+02    0.130885924202944911E-02    0.451627578946818812E+04   -0.975195633965035746E+01    1
    0.159769816823810746E+02    0.203832204814198015E+01    0.759511788887831862E+01    0.130725163520994145E-02    0.451628498135352675E+04   -0.977195633965035526E+01    1
    0.155767947625288308E+02    0.106209281150687005E+02    0.170309596272367045E+02    0.129616854043831877E-02    0.451634812804961621E+04   -0.979195633965035661E+01    1
    0.146192843115975180E+02    0.666735119247051156E+01    0.384729520135243908E+01    0.123415210147669106E-02    0.451668824808377212E+04   -0.981195633965035796E+01    1
    0.544118304733278624E+01    0.766824116466317740E+01    0.726942266826794459E+01    0.121584130336926163E-02    0.451679671434587544E+04   -0.983195633965035753E+01    1
    0.311269665042919677E+02    0.723188753095317161E+01    0.879212449375233795E+01    0.120771885434541883E-02    0.451684110762594992E+04   -0.985195633965035888E+01    1
    0.202801359347335683E+02    0.808345548085635279E+01    0.551052031407585208E+01    0.116409114366808190E-02    0.451707862261568516E+04   -0.987195633965036023E+01    1
    0.360282981669775637E+02    0.102859443851698584E+01    0.295272134819190191E+01    0.112888675859479826E-02    0.451723501014962221E+04   -0.989195633965035981E+01    1
    0.353513301716434203E+01    0.284475917043625248E+01    0.650998214344263371E+01    0.113310315647142772E-02    0.451724170860890717E+04   -0.991195633965035761E+01    1
    0.410002219155319096E+02    0.100876189869326378E+02    0.108174353442276576E+02    0.113140851883736281E-02    0.451725055991894442E+04   -0.993195633965035718E+01    1
    0.931549945093493470E+01    0.554354891534290406E+01    0.449780194942007494E+01    0.113092243345350716E-02    0.451725679983513510E+04   -0.995195633965035853E+01    1
    0.128822799522646836E+02    0.202142198107152193E+01    0.508857106231752709E+01    0.111620154564096062E-02    0.451733125607059992E+04   -0.997195633965035810E+01    1
    0.465143838880379601E+01    0.141187948301296977E+02    0.912926717118188158E+01    0.111119755068876192E-02    0.451735652473030223E+04   -0.999195633965035945E+01    1
    0.687262983908874858E+01    0.269867820683605153E+00    0.112846735830964811E+02    0.111055227697364769E-02    0.451735988753123092E+04   -0.100119563396503626E+02    1
    0.207513316210837750E+02    0.257214500618989472E+01    0.773719428454149849E+01    0.107308790382231226E-02    0.451755348142051571E+04   -0.100319563396503622E+02    1
    0.242628702811827317E+02    0.118231573862997550E+02    0.884461401410302805E+01    0.104279813875520497E-02    0.451770735373714524E+04   -0.100519563396503600E+02    1
    0.206040560196631617E+01    0.178751934136412913E+02    0.109958303532914226E+02    0.103304964217064118E-02    0.451775637149272006E+04   -0.100719563396503577E+02    1
    0.288265926682176925E+02    0.115607919283409331E+02    0.115751441972282727E+02    0.100895904393037044E-02    0.451787645421378602E+04   -0.100919563396503591E+02    1
    0.184962548988683473E+02    0.168015620158652901E+00    0.671217892529033833E+01    0.996826936868620795E-03    0.451793636149241320E+04   -0.101119563396503640E+02    1
    0.208219666187433461E+02    0.939182922503279549E+01    0.638354164887407016E+01    0.986332535865551722E-03    0.451798822095843752E+04   -0.101319563396503618E+02    1
    0.229719542484365569E+02    0.632035248685741902E+01    0.114128502397954268E+02    0.962995245961179719E-03    0.451810138277289479E+04   -0.101519563396503578E+02    1
    0.130744950995420428E+02    0.192440483539914737E+02    0.177303418128335117E+02    0.952942478125868133E-03    0.451814984252767863E+04   -0.101719563396503592E+02    1
    0.199396739853724476E+02    0.120068214031107399E+02    0.585086319171364355E+01    0.931221230038616499E-03    0.451825498536486521E+04   -0.101919563396503605E+02    1
    0.399695543119121197E+02    0.698702797640299078E+00    0.504754891169643205E+01    0.885105268698911825E-03    0.451847028406861864E+04   -0.102119563396503601E+02    1
    0.145664232800255142E+02    0.164952110243285288E+01    0.479791754250032998E+01    0.884348515654389059E-03    0.451847471340350694E+04   -0.102319563396503597E+02    1
    0.345186721191623747E+02    0.187572181085623368E+01    0.799795715793268780E+01    0.881982630380174614E-03    0.451848436657944148E+04   -0.102519563396503592E+02    1
    0.167148998369508277E+02    0.724049563909393612E+01    0.164239192473574036E+02    0.876800922765017020E-03    0.451850827257519995E+04   -0.102719563396503624E+02    1
    0.110070309392652437E+02    0.518852798481478583E+01    0.328779502086952524E+01    0.839346591607109801E-03    0.451853394747899165E+04   -0.102919563396503619E+02    1
    0.415678311250343757E+01    0.647287200270059415E+01    0.117678903981699285E+02    0.870115163766677817E-03    0.451853901531484917E+04   -0.103119563396503597E+02    1
    0.204273448984730663E+02    0.988285542194496180E+01    0.462570655631748107E+01    0.854788746153844212E-03    0.451861878462302047E+04   -0.103319563396503593E+02    1
    0.277821016482538710E+02    0.197942577112498030E+01    0.345898261516613426E+01    0.797140944053935071E-03    0.451886844990136797E+04   -0.103519563396503589E+02    1
    0.401350058671725094E+02    0.772671704279474802E+01    0.110579521733036827E+02    0.764435299111847428E-03    0.451900916580530975E+04   -0.103719563396503585E+02    1
    0.872308994970243390E-01    0.351802857778900879E+01    0.573562095776294978E+01    0.757118041771335723E-03    0.451903877466812173E+04   -0.103919563396503580E+02    1
    0.909920365324194336E+01    0.626993204828876127E+01    0.143207138289138243E+02    0.749577295260363870E-03    0.451907287053045002E+04   -0.104119563396503576E+02    1
    0.296709469987935890E+02    0.402235011505027451E+01    0.415431207019973847E+01    0.736386538963468154E-03    0.451913789468112464E+04   -0.104319563396503590E+02    1
    0.199592740051444650E+02    0.173114463325191448E+01    0.828341481874768348E+01    0.732513370623993475E-03    0.451914530118956282E+04   -0.104519563396503603E+02    1
    0.309580694100145486E+02    0.943442826629379283E+01    0.108120176611487295E+02    0.725785882502054782E-03    0.451917363945710713E+04   -0.104719563396503599E+02    1
    0.316620386042035769E+02    0.903886118059917898E+01    0.156064665027132996E+02    0.713994132710107574E-03    0.451922301714890273E+04   -0.104919563396503612E+02    1
    0.128742163664855749E+02    0.135835202605391387E+02    0.693965497107755258E+01    0.696438698376691508E-03    0.451929602923441416E+04   -0.105119563396503608E+02    1
    0.235609829193487776E+02    0.198496381530755102E+02    0.148876143349072372E+02    0.695796374688638451E-03    0.451929848126324941E+04   -0.105319563396503586E+02    1
    0.433368171889768838E+01    0.898980319855428700E+00    0.688564869861481554E+01    0.694437585458201239E-03    0.451930409663552655E+04   -0.105519563396503617E+02    1
    0.270471861878106807E+02    0.630246101700880867E+01    0.799365740363282207E+01    0.689628468384938112E-03    0.451932386313426105E+04   -0.105719563396503577E+02    1
    0.598015381677311630E+01    0.955059435403856760E+01    0.938008174815900908E+01    0.678042086526119397E-03    0.451937124177124133E+04   -0.105919563396503609E+02    1
    0.149816383518507337E+02    0.118174678866366349E+02    0.614968673029545521E+01    0.667898823212364698E-03    0.451941324020327556E+04   -0.106119563396503622E+02    1
    0.711438682869388543E+02    0.168577438078418211E+02    0.672127230770600281E+01    0.626253030434362288E-03    0.451957885632942998E+04   -0.106319563396503600E+02    1
    0.194698348487082740E+02    0.119176923139932605E+02    0.100980619946969767E+02    0.617299954969322559E-03    0.451961367240490836E+04   -0.106519563396503596E+02    1
    0.333458952176245926E+01    0.612830728121615120E+01    0.863849570211531415E+01    0.608790803130762528E-03    0.451964683164650341E+04   -0.106719563396503592E+02    1
    0.272767104547284589E+00    0.106066367507512158E+02    0.136319443013069428E+02    0.607101805131067583E-03    0.451965338479661386E+04   -0.106919563396503587E+02    1
    0.188613742553448347E+02    0.517737852367882745E+01    0.940651888868300645E+01    0.593948615902804627E-03    0.451970418295998024E+04   -0.107119563396503583E+02    1
    0.969100506199806588E+00    0.187500714609449446E+02    0.109637488068949960E+02    0.592879558697491198E-03    0.451970829058753316E+04   -0.107319563396503597E+02    1
    0.694234874716500983E+01    0.130399033091109242E+02    0.801311317993799754E+01    0.590280713361215469E-03    0.451971828933726101E+04   -0.107519563396503610E+02    1
    0.922135799682184043E+01    0.128757456391318854E+02    0.149819581641740989E+02    0.589134603194143994E-03    0.451972265542579407E+04   -0.107719563396503588E+02    1
    0.145847659343360192E+01    0.489793963922034159E+01    0.540569986699429439E+01    0.585293063310701051E-03    0.451973665310894921E+04   -0.107919563396503584E+02    1
    0.344641518579586688E+02    0.554829866429564422E+01    0.270152097766904342E+01    0.222254869479860686E-03    0.451985753003799073E+04   -0.108119563396503615E+02    1
    0.175545152537227693E+02    0.218026852887188980E+02    0.485461897275719156E+01    0.557108617871791226E-03    0.451985962200753875E+04   -0.108319563396503646E+02    1
    0.435786466110871995E+01    0.219014470012684681E+01    0.118945585672017167E+02    0.541207768920208034E-03    0.451990307729518372E+04   -0.108519563396503624E+02    1
    0.667858911603849137E+01    0.422471520182373261E+01    0.276237518953843919E+01    0.211206836193307871E-03    0.451990506144968549E+04   -0.108719563396503620E+02    1
    0.961715756834466617E+01    0.165897141281473850E+02    0.575783301821985738E+01    0.536494118110452615E-03    0.451992308267263343E+04   -0.108919563396503634E+02    1
    0.190934374385958918E+02    0.826718891204374984E+01    0.115159212401416884E+02    0.533105899308938379E-03    0.451993294885304203E+04   -0.109119563396503629E+02    1
    0.197469741010342084E+02    0.960249439416564243E+01    0.731612430139164882E+01    0.519617556581964540E-03    0.451998233548155804E+04   -0.109319563396503607E+02    1
    0.148119442731972661E+02    0.158598760723521792E+01    0.110359967668350301E+02    0.509503619402906045E-03    0.452001893098990331E+04   -0.109519563396503621E+02    1
    0.229750411341312635E+02    0.186679322056369301E+02    0.714857505084536005E+01    0.491757280323397959E-03    0.452008271773728757E+04   -0.109719563396503617E+02    1
    0.367120575309579849E+02    0.627093525783086481E+01    0.147106793713119721E+02    0.465913822424790253E-03    0.452017364418872239E+04   -0.109919563396503612E+02    1
    0.287667011803007995E+02    0.199371846578498193E+02    0.499892526088816425E+01    0.452212110498668171E-03    0.452023327147657255E+04   -0.110119563396503608E+02    1
    0.237711587825296178E+01    0.172669233735211805E+02    0.178788390736966178E+02    0.448219223180347601E-03    0.452023492997099584E+04   -0.110319563396503604E+02    1
    0.140713157889390175E+02    0.165798853866407043E+02    0.853131759722679917E+01    0.444807901535469730E-03    0.452024665309716420E+04   -0.110519563396503617E+02    1
    0.266915304995814306E+01    0.630763792345945884E+01    0.178451854028407375E+02    0.443844276060453239E-03    0.452024994718734342E+04   -0.110719563396503613E+02    1
    0.741009199821398390E+01    0.641391231778574689E+01    0.811274845206904338E+01    0.420697237653835671E-03    0.452032851496493640E+04   -0.110919563396503609E+02    1
    0.187718052938608650E+02    0.664983856715882382E+01    0.322728274796576731E+01    0.358862205555620858E-03    0.452036558618396703E+04   -0.111119563396503622E+02    1
    0.129566350658619704E+02    0.245197034462442147E+02    0.480694184554656356E+01    0.411902854397346073E-03    0.452037667781043820E+04   -0.111319563396503654E+02    1
    0.374980508408047513E+02    0.124337210328799941E+02    0.912911047659926744E+01    0.405510981311153198E-03    0.452037922436304871E+04   -0.111519563396503649E+02    1
    0.257074513768964579E+02    0.188559722200130224E+02    0.804879836777270263E+01    0.395191934049084637E-03    0.452041333794798447E+04   -0.111719563396503645E+02    1
    0.174085878125998832E+02    0.232841816791290448E+02    0.121876279522967685E+02    0.382709616955068587E-03    0.452045415042725381E+04   -0.111919563396503658E+02    1
    0.262040941157257912E+02    0.923927364500185533E+01    0.825247562741001950E+01    0.381181480343829133E-03    0.452045912660704562E+04   -0.112119563396503654E+02    1
    0.140682625811573097E+02    0.192035520269048288E+01    0.195888074400966481E+02    0.374968068300041667E-03    0.452047925480941922E+04   -0.112319563396503614E+02    1
    0.288357695623942725E+02    0.859933639227850755E+01    0.762608847361101816E+01    0.367769563687095694E-03    0.452050247124685302E+04   -0.112519563396503610E+02    1
    0.249471514195828803E+01    0.610540895050135290E+01    0.195283493576419929E+02    0.363742022338193593E-03    0.452051535648105892E+04   -0.112719563396503606E+02    1
    0.324523505173350912E+02    0.120177195251712554E+00    0.301257754677649636E+01    0.351053178257824993E-03    0.452055594687022949E+04   -0.112919563396503602E+02    1
    0.117059503035605950E+02    0.365001861724701637E+01    0.312989380155770469E+01    0.302151572097462354E-03    0.452058431424335686E+04   -0.113119563396503633E+02    1
    0.772639875206430204E+01    0.162016205558319104E+01    0.979856105287406010E+01    0.329894984382229440E-03    0.452062203357263934E+04   -0.113319563396503629E+02    1
    0.137293216171968488E+02    0.176977138783072752E+01    0.130080755268761656E+02    0.326995446647882588E-03    0.452063102009259183E+04   -0.113519563396503624E+02    1
    0.625865073045143472E+01    0.288015193431932381E+00    0.566922538223284800E+01    0.316426076157169407E-03    0.452066363100815579E+04   -0.113719563396503602E+02    1
    0.852625086799481124E+00    0.138080206681499309E+02    0.681925625374334299E+01    0.316270494138626073E-03    0.452066411858197716E+04   -0.113919563396503616E+02    1
    0.840545360283912402E+01    0.500975306096945339E+01    0.128870819567817421E+02    0.304003475308365755E-03    0.452070142810644938E+04   -0.114119563396503612E+02    1
    0.175354254462489934E+01    0.678069898572255614E+01    0.733896810924298837E+01    0.300107095335324248E-03    0.452071326180971118E+04   -0.114319563396503625E+02    1
    0.324369265379438261E+02    0.185826757952727490E+02    0.963697579317365793E+01    0.299623853726929592E-03    0.452071466862816033E+04   -0.114519563396503639E+02    1
    0.619558738129895481E+01    0.128079925146324634E+02    0.374856950799472299E+01    0.241695238103678046E-03    0.452077216794595370E+04   -0.114719563396503617E+02    1
    0.333675387396472019E+02    0.740354199540234159E+01    0.496148715191368872E+01    0.277776247044696743E-03    0.452078519742552635E+04   -0.114919563396503612E+02    1
    0.359063720183471968E+01    0.206223487609766654E+01    0.365447082696351355E+01    0.258669468977329843E-03    0.452081286466574966E+04   -0.115119563396503626E+02    1
    0.191273520302214024E+02    0.604561305667849336E+01    0.465521080914702434E+01    0.258539218286793927E-03    0.452084373762519135E+04   -0.115319563396503639E+02    1
    0.178096133810637554E+02    0.746232939299737374E+01    0.527688501624576745E+01    0.248916627909637330E-03    0.452086702494930796E+04   -0.115519563396503635E+02    1
    0.790735238233684878E+01    0.103828323437267240E+02    0.780181851914675217E+01    0.246592197737536319E-03    0.452087064192542402E+04   -0.115719563396503631E+02    1
    0.136954051857346641E+02    0.134673034816954189E+02    0.336714032088396253E+01    0.100935155914715514E-03    0.452088149528814210E+04   -0.115919563396503627E+02    1
    0.123018830859150157E+02    0.143148479321866553E+02    0.646845106859141694E+01    0.238801574729419403E-03    0.452089343642923814E+04   -0.116119563396503622E+02    1
    0.302364277393957437E+01    0.237559126837303136E+01    0.916898752526978456E+01    0.238396062948556292E-03    0.452089398656528465E+04   -0.116319563396503636E+02    1
    0.732963704963971097E+01    0.816156754990302780E+01    0.148267822934097246E+02    0.230560261642783599E-03    0.452091615344190632E+04   -0.116519563396503649E+02    1
    0.211042863974673125E+02    0.412476475981831037E+01    0.140064536508562334E+02    0.221514940261103807E-03    0.452094152147334626E+04   -0.116719563396503663E+02    1
    0.107216055178483280E+02    0.865372337919287737E+01    0.147215549821381444E+02    0.220634546125875685E-03    0.452094397790864787E+04   -0.116919563396503641E+02    1
    0.548045646030436373E+01    0.177040938861932462E+01    0.948114049975205830E+01    0.217347144370760251E-03    0.452095313060067201E+04   -0.117119563396503636E+02    1
    0.117566889439513567E+01    0.183883471571769377E+02    0.812494427712048051E+01    0.213216305648271788E-03    0.452096461953649305E+04   -0.117319563396503650E+02    1
    0.112177818330173480E+02    0.100257518100781198E+02    0.575537364658783090E+01    0.211736012501079402E-03    0.452097041657268346E+04   -0.117519563396503663E+02    1
    0.320909514710352184E+02    0.129178643893851781E+02    0.140266061564168112E+02    0.210939207579445109E-03    0.452097088057294332E+04   -0.117719563396503641E+02    1
    0.130702373488628716E+02    0.783877847525047322E+01    0.108755241882424016E+02    0.205928969190939497E-03    0.452098467601184439E+04   -0.117919563396503619E+02    1
    0.192635705935622852E+02    0.538734907320071610E+01    0.137291260596011284E+02    0.203933820536154864E-03    0.452099014919599813E+04   -0.118119563396503633E+02    1
    0.376999643705852350E+02    0.283064629996859907E+01    0.101503726021814291E+02    0.202783255428052949E-03    0.452099330025629934E+04   -0.118319563396503664E+02    1
    0.258641838295210071E+02    0.915585667769891032E+01    0.586520138502961697E+01    0.200988208071547440E-03    0.452099937306616448E+04   -0.118519563396503660E+02    1
    0.822869523359077881E+01    0.473297481001873521E+01    0.214062863762900264E+02    0.191582336157838690E-03    0.452102377470535612E+04   -0.118719563396503673E+02    1
    0.259429716912057202E+02    0.291602189790173405E+01    0.924298464511494267E+01    0.188365487996903645E-03    0.452103245954605700E+04   -0.118919563396503651E+02    1
    0.854638381910213241E+01    0.239053106492515575E+02    0.892636849431971768E+01    0.187031403595907609E-03    0.452103605955671446E+04   -0.119119563396503629E+02    1
    0.202405754097794990E+02    0.128642005275728089E+01    0.110018258254664634E+02    0.173710364617777366E-03    0.452107164198925057E+04   -0.119319563396503643E+02    1
    0.167897652932829544E+02    0.369698085122489006E+01    0.673736586418759398E+01    0.173470487331901183E-03    0.452107236411323720E+04   -0.119519563396503639E+02    1
    0.138728891128516700E+02    0.562625691874281486E+01    0.125806055122013429E+02    0.173171733569086835E-03    0.452107307015462175E+04   -0.119719563396503634E+02    1
    0.815085548525326864E+01    0.145760780109393995E+02    0.937405387052817929E+01    0.171627552429170160E-03    0.452107716166219143E+04   -0.119919563396503648E+02    1
    0.114169020437868163E+01    0.156027108770971381E+02    0.735222208585850812E+01    0.168461386758212654E-03    0.452108561935675061E+04   -0.120119563396503644E+02    1
    0.428620480751809936E+02    0.300493157972636915E+02    0.558699952059246119E+01    0.170080249015056809E-03    0.452108750993684771E+04   -0.120319563396503657E+02    1
    0.216300645114217431E+02    0.158586446008888533E+02    0.858406643333490749E+01    0.160808693303602160E-03    0.452110562418260088E+04   -0.120519563396503653E+02    1
    0.312685707537536253E+02    0.563901132104521530E+01    0.118411526971089174E+02    0.154369613899206330E-03    0.452112239189601223E+04   -0.120719563396503631E+02    1
    0.420264063740927707E+01    0.194026575111195783E+02    0.103721226031708209E+02    0.148617823253422007E-03    0.452113727372896028E+04   -0.120919563396503627E+02    1
    0.396015373349238899E+02    0.135141300073011328E+01    0.964149653804413376E+01    0.147108985953641608E-03    0.452114116102866319E+04   -0.121119563396503640E+02    1
    0.439785189223474315E+01    0.959424563153444865E+01    0.100884561335498955E+02    0.141012698598268573E-03    0.452115680120890102E+04   -0.121319563396503671E+02    1
    0.985801149921062247E+01    0.141097801054253527E+02    0.146393514499641562E+02    0.137794564160393968E-03    0.452116501287447500E+04   -0.121519563396503685E+02    1
    0.409467549999745817E+01    0.176693994801535093E+01    0.853125407988549966E+01    0.133609967649279959E-03    0.452117564728125581E+04   -0.121719563396503698E+02    1
    0.422331783263320570E+01    0.812520222471084708E+01    0.971524876310080820E+01    0.129237813632895686E-03    0.452118670076862418E+04   -0.121919563396503694E+02    1
    0.685467816799018781E+01    0.524797505868880698E+01    0.640102116997624027E+01    0.129340542638658540E-03    0.452118672298490492E+04   -0.122119563396503654E+02    1
    0.117215378014528699E+02    0.113144519531455430E+02    0.844829490172379849E+01    0.127755861948316012E-03    0.452119044270507038E+04   -0.122319563396503632E+02    1
    0.587896835210977109E+01    0.337204250413916462E+01    0.117503209328625253E+02    0.125491486054686986E-03    0.452119612745918494E+04   -0.122519563396503628E+02    1
    0.263982202316299599E+02    0.682424224914552369E+01    0.882559395417361969E+01    0.117911955879171880E-03    0.452121507618149008E+04   -0.122719563396503641E+02    1
    0.147979401039641623E+02    0.101820861244051919E+01    0.311037073735140979E+01    0.112956046613983826E-03    0.452121968726667274E+04   -0.122919563396503637E+02    1
    0.922702758930619460E+01    0.961214144008220917E+00    0.924075284718102452E+01    0.110431028905269590E-03    0.452123360948843401E+04   -0.123119563396503633E+02    1
    0.380739826200093177E+02    0.142028221107290236E+02    0.818415200124514364E+01    0.109192588320049938E-03    0.452123667410464077E+04   -0.123319563396503646E+02    1
    0.648901081646989208E+01    0.280040738632112429E+02    0.968164905507847706E+01    0.108148812521302378E-03    0.452123923306390861E+04   -0.123519563396503660E+02    1
    0.800060876777360974E+01    0.585999306165246558E+01    0.475919944364789682E+01    0.110403940716246240E-03    0.452123937985430621E+04   -0.123719563396503656E+02    1
    0.396521543857845629E+02    0.245898239186682543E+01    0.603688473573145146E+01    0.107870099132783724E-03    0.452124013000266677E+04   -0.123919563396503669E+02    1
    0.104544440178699034E+02    0.104711980656925050E+02    0.454188165540964039E+01    0.111803031220943636E-03    0.452124415370758106E+04   -0.124119563396503665E+02    1
    0.271108733952827059E+02    0.292186810337808556E+01    0.753197465351504025E+01    0.102274690277922783E-03    0.452125364106696907E+04   -0.124319563396503661E+02    1
    0.117743588206177137E+02    0.270921887728400890E+01    0.114661545573857282E+02    0.102196618432809447E-03    0.452125382020970574E+04   -0.124519563396503656E+02    1
    0.190355503698917019E+02    0.120895342726618509E+02    0.493457948384358680E+01    0.100665137683267239E-03    0.452126710422509950E+04   -0.124719563396503652E+02    1
    0.456391955250560670E+02    0.138511085269998055E+02    0.692971666909092754E+01    0.957436561360734467E-04    0.452126969771882978E+04   -0.124919563396503630E+02    1
    0.688090164506522939E+00    0.198638007071371412E+02    0.867077089074639851E+01    0.943228471715306088E-04    0.452127297088887008E+04   -0.125119563396503644E+02    1
    0.172018760373472226E+02    0.164700345200812208E+02    0.735879250506868310E+01    0.909990154988348822E-04    0.452128108962575061E+04   -0.125319563396503675E+02    1
    0.216497621438044519E+00    0.439294856360802122E+00    0.997806788437396541E+01    0.909063497934588195E-04    0.452128120621432208E+04   -0.125519563396503688E+02    1
    0.467446011445005283E+01    0.103250565893291544E+02    0.658060443870645173E+01    0.901495614687410551E-04    0.452128343278574539E+04   -0.125719563396503684E+02    1
    0.579351443384210896E+01    0.564129941580980621E+01    0.434319236913896756E+01    0.903602900087681349E-04    0.452128839330319715E+04   -0.125919563396503662E+02    1
    0.158252182035201834E+02    0.812313635550390778E+01    0.657376002003149384E+01    0.867103002159519669E-04    0.452129156085725117E+04   -0.126119563396503658E+02    1
    0.209054950513147730E+02    0.344361742368568269E+01    0.549823174058585717E+01    0.826346346973269716E-04    0.452130199633888515E+04   -0.126319563396503654E+02    1
    0.115070994836907623E+02    0.120987276693736678E+01    0.691310419234003959E+01    0.794911476626896946E-04    0.452130853406553342E+04   -0.126519563396503649E+02    1
    0.424760841631725672E+01    0.416982575244332487E+01    0.190427963320410853E+02    0.787692878664931389E-04    0.452131022594295155E+04   -0.126719563396503698E+02    1
    0.600176214353882020E+01    0.144510355156529755E+02    0.724037791798958796E+01    0.754458295483071556E-04    0.452131825311871307E+04   -0.126919563396503712E+02    1
    0.418534185838194475E+02    0.154357401055727017E+02    0.474673071432629623E+01    0.792989796363212807E-04    0.452132537254891213E+04   -0.127119563396503672E+02    1
    0.183034213930110923E+02    0.302254007873865538E+01    0.630955112745161539E+01    0.713284240499880004E-04    0.452132797125781599E+04   -0.127319563396503650E+02    1
    0.137801963214946444E+02    0.299514013289710679E+01    0.970355505175697708E+01    0.684908976866968307E-04    0.452133446068906687E+04   -0.127519563396503681E+02    1
    0.278732340304557695E+02    0.504407194788959679E+01    0.150291296070503400E+02    0.642106256589298130E-04    0.452134446029573883E+04   -0.127719563396503695E+02    1
    0.338938471579649114E+01    0.209546581983409030E+01    0.128029838312571886E+02    0.637460040703330963E-04    0.452134554249457415E+04   -0.127919563396503690E+02    1
    0.102299639410694123E+02    0.976506958525820679E+01    0.153175234841278325E+02    0.628003709751113158E-04    0.452134774308791020E+04   -0.128119563396503651E+02    1
    0.105323809701041071E+01    0.625804572708973783E+01    0.500821172414563875E+01    0.580465421264793075E-04    0.452135453162087197E+04   -0.128319563396503664E+02    1
    0.143113420565848397E+02    0.313212526808769187E+01    0.753284651930392979E+01    0.580627056595535776E-04    0.452135874320796756E+04   -0.128519563396503695E+02    1
    0.569871950032058106E+01    0.543210798277071838E+01    0.554603393559975277E+01    0.583901978427794465E-04    0.452135938414234261E+04   -0.128719563396503673E+02    1
    0.866302433296185370E+01    0.604184558108370595E+01    0.783287685666699574E+01    0.567329092828464847E-04    0.452136181789486636E+04   -0.128919563396503669E+02    1
    0.488418041089316013E+01    0.102167386547009240E+02    0.203524637620103803E+02    0.565127072410511952E-04    0.452136230768038240E+04   -0.129119563396503683E+02    1
    0.269421209765558523E+02    0.962646145435172684E+01    0.106676561926108455E+02    0.561527807703563137E-04    0.452136313788345979E+04   -0.129319563396503678E+02    1
    0.722618550020678718E+01    0.704045493200332650E+01    0.731173606690679989E+01    0.547537681026855636E-04    0.452136642519182078E+04   -0.129519563396503656E+02    1
    0.368242556119353281E+01    0.122033806397848910E+01    0.577384311606570577E+01    0.544577500718806343E-04    0.452136723350006287E+04   -0.129719563396503670E+02    1
    0.631181473565164097E+01    0.153551112481924221E+02    0.169133283663885301E+02    0.537730555157298323E-04    0.452136861701903945E+04   -0.129919563396503666E+02    1
    0.716475645518247539E+01    0.804842755083226002E+00    0.128701432135291665E+02    0.526614193506831554E-04    0.452137117072470301E+04   -0.130119563396503661E+02    1
    0.206489797816511036E+02    0.529172898467241914E+01    0.114071043435613895E+02    0.525689760402118849E-04    0.452137138292798772E+04   -0.130319563396503657E+02    1
    0.908188619212712744E+01    0.495868546038212799E+01    0.113567324682183113E+02    0.515443328150537753E-04    0.452137373326037869E+04   -0.130519563396503653E+02    1
    0.313931383359145944E+01    0.830677023036915330E+01    0.137276978960324989E+02    0.511859217961328382E-04    0.452137455463832248E+04   -0.130719563396503666E+02    1
    0.103354386698041321E+02    0.172761126102249527E+02    0.105489622290525915E+02    0.503626898658680747E-04    0.452137643999113698E+04   -0.130919563396503680E+02    1
    0.265074177323884541E+02    0.452734532198305928E+01    0.789225712243001709E+01    0.497316471780585552E-04    0.452137789192790206E+04   -0.131119563396503676E+02    1
    0.707410613359536899E+01    0.888097974038301263E+00    0.297830193166873824E+01    0.317653453713315822E-04    0.452137945498792578E+04   -0.131319563396503689E+02    1
    0.923518379487975771E+01    0.556606412991736654E+01    0.107960113785707996E+02    0.468250773346838090E-04    0.452138451802022519E+04   -0.131519563396503685E+02    1
    0.618719959775750716E+01    0.112990464943177393E+01    0.529540490096561101E+01    0.452791784168512373E-04    0.452138850106208520E+04   -0.131719563396503681E+02    1
    0.627878734252691117E+01    0.539100594874398986E+00    0.657235130967566050E+01    0.443194655268043004E-04    0.452139023854691823E+04   -0.131919563396503676E+02    1
    0.638923686870668650E+01    0.772460774050234100E+01    0.147129464384803050E+02    0.434303327777722532E-04    0.452139223490512904E+04   -0.132119563396503690E+02    1
    0.158928880298286863E+02    0.753140588890203944E+01    0.465054848331200255E+01    0.476416931053179988E-04    0.452139262411235541E+04   -0.132319563396503685E+02    1
    0.149696197848600470E+02    0.430363969160376136E+01    0.640116360521042793E+01    0.429610904062564802E-04    0.452139350847631613E+04   -0.132519563396503663E+02    1
    0.807243255333255227E+01    0.565013703832894354E+01    0.204839988291499857E+02    0.428424699596083054E-04    0.452139356774909902E+04   -0.132719563396503695E+02    1
    0.220285122647931146E+02    0.703317228042784581E+01    0.849512378589497885E+01    0.421537224368862071E-04    0.452139513177405934E+04   -0.132919563396503690E+02    1
    0.274485426928484522E+02    0.927038244239732911E+00    0.775134681753281019E+01    0.420028673360038759E-04    0.452139547187941389E+04   -0.133119563396503704E+02    1
    0.192984252681115933E+02    0.543336364114392723E+01    0.647688548014938714E+01    0.419154123144733701E-04    0.452139588342647494E+04   -0.133319563396503717E+02    1
    0.213389263246187166E+01    0.128329211690718736E+02    0.862095441645390181E+01    0.404774714501524892E-04    0.452139893047266378E+04   -0.133519563396503695E+02    1
    0.985593336882933890E+01    0.132162028842116079E+02    0.559341604863523667E+01    0.403870054101227805E-04    0.452140238742943529E+04   -0.133719563396503673E+02    1
    0.255869362575890378E+02    0.213524001742756386E+01    0.406043616673900232E+01    0.395335375522058892E-04    0.452140898294874023E+04   -0.133919563396503687E+02    1
    0.317445911893408095E+02    0.687840144177115853E+01    0.972332427613115158E+01    0.330157888462279852E-04    0.452141569533162146E+04   -0.134119563396503700E+02    1
    0.159329526940833972E+02    0.251330764921658112E+01    0.102604709945424677E+02    0.322857696410366185E-04    0.452141732752205826E+04   -0.134319563396503696E+02    1
    0.971877244900971959E+01    0.216857051323302308E+01    0.790081885016175711E+01    0.321474495947732513E-04    0.452141764213288661E+04   -0.134519563396503674E+02    1
    0.662945032581218285E+00    0.729411775165150367E+01    0.689999267878510558E+01    0.315167033403255300E-04    0.452141907866686233E+04   -0.134719563396503670E+02    1
    0.984502762424090250E+01    0.703676776061475984E+01    0.564281998963129627E+01    0.305031290566960779E-04    0.452142290810177383E+04   -0.134919563396503701E+02    1
    0.363391630906242042E+02    0.129053716133531058E+02    0.119003279774713118E+02    0.295678433969209700E-04    0.452142339091887334E+04   -0.135119563396503732E+02    1
    0.138788372980172419E+02    0.377953919070146371E+01    0.787125842306649925E+01    0.290463111994823274E-04    0.452142456096568094E+04   -0.135319563396503693E+02    1
    0.421157524870288569E+00    0.409433708615460024E+01    0.539970741727796799E+01    0.271911475828280971E-04    0.452142658807088173E+04   -0.135519563396503671E+02    1
    0.146079637807630291E+01    0.168345838508484427E+02    0.836324752262242654E+01    0.272470937576177637E-04    0.452142857352588908E+04   -0.135719563396503720E+02    1
    0.155976344710174821E+02    0.834026272587177608E+01    0.130623097886174300E+02    0.267915462611289634E-04    0.452142956182627313E+04   -0.135919563396503733E+02    1
    0.224860738288697775E+02    0.216494458858603949E+02    0.653152745442337324E+01    0.259670732320704768E-04    0.452143213660787478E+04   -0.136119563396503693E+02    1
    0.321859271684642323E+02    0.278227381775432114E+01    0.120605457248971835E+02    0.241929915987793530E-04    0.452143531683228412E+04   -0.136319563396503671E+02    1
    0.126529806323817624E+02    0.139686491250126110E-01    0.111487601562308463E+02    0.240058064585067571E-04    0.452143573061236384E+04   -0.136519563396503685E+02    1
    0.160798552300095459E+02    0.810281886365810777E+01    0.944190838946550670E+01    0.237354454667952760E-04    0.452143632870902729E+04   -0.136719563396503681E+02    1
