    0.152905878149991011E-89   -0.352315434332575114E+04    0.971601639521569282E+01    0.805512880865859060E+01    0.599281279327484206E+01    0.105546282118569090E+00
    0.238655706473311607E-84   -0.354713725971843041E+04    0.159602355957031250E+02    0.296110689640045166E+01    0.252009153366088867E+01    0.103993773460388184E+00
    0.669294618162411014E-77   -0.358150252247589287E+04    0.368116075391688646E+01    0.820066327644122062E+01    0.326164136558031004E+01    0.429488697940536568E-01
    0.293874308842152177E-71   -0.360755406587028938E+04    0.848247929894084862E+01    0.703300861094345642E+00    0.772363101743606961E+01    0.436642734054026871E-01
    0.227700715864581853E-64   -0.363934668376282843E+04    0.341385527565450975E+01    0.391896171007198468E+01    0.447529483779005233E+01    0.981282530345120030E-01
    0.615517774778357735E-63   -0.364600738402918159E+04    0.974764864117468477E+01    0.802647415328612723E+01    0.168564098184899969E+01    0.463127842012061031E-01
    0.127149387070218564E-60   -0.365673535894885981E+04    0.103358712740591869E+02    0.575423745994115610E+01    0.671279561668364977E+01    0.451023715054796881E-01
    0.162170578034371238E-60   -0.365728859773705972E+04    0.814270968610604484E+01    0.490018742597440404E+01    0.893615733542903001E+01    0.969135573647417203E-01
    0.163222630150575816E-58   -0.366657853750761751E+04    0.507162758229438904E+01    0.801179344913571256E+01    0.915362620147623929E+01    0.962791575308692416E-01
    0.266407841885250989E-57   -0.367223020091364015E+04    0.605371257780919159E+01    0.683725339078761207E+00    0.918732258165251281E+00    0.465147148687052869E-01
    0.429560198142413594E-55   -0.368246267498332099E+04    0.142804010151459853E+02    0.154652709212261208E+00    0.725488179158400470E+00    0.923307063970739694E-01
    0.729518205906475265E-51   -0.370200926726210946E+04    0.149344587282324408E+02    0.778881400851864747E+01    0.968133067933513303E+01    0.937983882058623930E-01
    0.427456629540692210E-48   -0.371482238150178136E+04    0.156661335186443722E+02    0.608211925163073097E+01    0.237463170239527699E+01    0.471412794488197395E-01
    0.923987549819276870E-47   -0.372103590988536780E+04    0.194814621172273554E+02    0.255623568714906657E+01    0.622303968341131508E+01    0.924212777070030356E-01
    0.844483854667550539E-42   -0.374394848152301665E+04    0.123803254207199238E+02    0.783215922848599888E+01    0.369560121392467877E+01    0.907424222947093018E-01
    0.380936841501168528E-40   -0.375163330450805370E+04    0.228641605060294850E+01    0.636424260112464957E+01    0.635093906234073557E+01    0.484530000988485643E-01
    0.519395475440534884E-39   -0.375692520535474114E+04    0.131611809979962047E+02    0.303503992674074752E+01    0.548746995279366878E+01    0.897141329649875363E-01
    0.250187002828646739E-38   -0.376013612833038042E+04    0.275016447490121108E+01    0.988839368103247729E+01    0.894619553658405309E+01    0.894595675214255870E-01
    0.439007162305687481E-29   -0.380277394082780665E+04    0.157332389962211110E+02    0.443923237073940502E+01    0.728126685592192757E+01    0.859677572771864185E-01
    0.535339352499655115E-29   -0.380323737773759103E+04    0.557271172873106213E+01    0.821846557649021214E+01    0.848443067017796793E+01    0.507801124887277133E-01
    0.335513098647703606E-28   -0.380697473488678679E+04    0.130412498799178529E+02    0.553387270170176926E+01    0.841268887417943390E+01    0.856034863898005316E-01
    0.173976995278335263E-27   -0.381033309590266390E+04    0.109297958640928154E+02    0.271129222308835072E+01    0.109502080079380448E+01    0.657643979763955500E-01
    0.165079451578512807E-24   -0.382411028073388115E+04    0.127364981203184477E+02    0.113176436814271852E+01    0.245678183652940874E+01    0.840649252984859707E-01
    0.438362835814154938E-24   -0.382613018755453959E+04    0.398431944610652788E+00    0.341409471618247551E+01    0.456210805156913679E+01    0.838902730739474745E-01
    0.324980205492056644E-23   -0.383020345903635007E+04    0.212807355140478993E+01    0.801885674477661325E+01    0.695910582707641723E+01    0.522276462229649407E-01
    0.372204442255738247E-23   -0.383054148371295923E+04    0.889183801161835419E+01    0.308404060574938477E+01    0.514658246377026884E+01    0.522412187784762061E-01
    0.448469661808008819E-22   -0.383558611607813327E+04    0.163245854174656557E+02    0.418099573828391469E+00    0.917604508272106045E+00    0.791635251782352167E-01
    0.122187803329886898E-21   -0.383765738932507657E+04    0.116399768074307612E+02    0.804955315728690124E+01    0.473557293171949389E+01    0.828333875144124931E-01
    0.301538480262974918E-21   -0.383953073280123863E+04    0.468663587690922778E+01    0.968893461792290900E+01    0.755891949214394998E+01    0.826217760173044713E-01
    0.815186092882052109E-19   -0.385079677740904435E+04    0.869609712125607359E+01    0.458123024743331531E+01    0.496858740725611270E+01    0.815186593787335934E-01
    0.305272767152734642E-18   -0.385350419280865026E+04    0.667784186885717723E+01    0.406561392324563098E+01    0.701351284159141741E+01    0.536764068550199536E-01
    0.309914532080613494E-18   -0.385360104119736479E+04    0.635752307609342004E+01    0.758049838609916193E+01    0.183214435089014849E+01    0.761844624220073818E-01
    0.809751798602192395E-18   -0.385558857030949275E+04    0.103573048120978370E+02    0.842409279670901689E+01    0.396867293952255018E+01    0.810709942178757803E-01
    0.637480806470220392E-16   -0.386438717012783673E+04    0.102988804388904569E+02    0.499647655629774867E+01    0.785152294517368077E+01    0.544386967612706663E-01
    0.445256862760584329E-12   -0.388215677187094389E+04    0.139328843503489423E+02    0.543923083642823535E+01    0.152976730578421538E+01    0.623020929145126079E-01
    0.401074469234094025E-11   -0.388661960029070315E+04    0.224434868419027822E+01    0.496280567917136661E+01    0.605429796473707071E+01    0.562370093393596004E-01
    0.977833039403118731E-11   -0.388846865059782249E+04    0.261713751585659260E+01    0.118056538077531159E+01    0.226923700023809616E+01    0.565551556754197993E-01
    0.284443043374592341E-09   -0.389527604582723461E+04    0.177796341726494376E+02    0.122075038857677276E+01    0.500674596825819407E+01    0.570654913995278790E-01
    0.446007985759931669E-09   -0.389624232013922574E+04    0.139625264935946292E+01    0.381156805781455388E+01    0.312727759651446746E+01    0.760724421144525209E-01
    0.245157529683029071E-08   -0.389971728524201990E+04    0.167226380383743631E+02    0.275931569881484862E+01    0.723683345577719095E+01    0.575364465078092024E-01
    0.843242654921678749E-08   -0.390225465947117300E+04    0.186460611190794872E+02    0.493833019899096204E+01    0.384490765050820471E+01    0.577234983763075249E-01
    0.915271994562969897E-08   -0.390248525917675033E+04    0.530527528380840607E+01    0.527613341759390231E+01    0.212604858805705632E+01    0.594843601379311249E-01
    0.170991624317831630E-07   -0.390380188261297735E+04    0.862446599963294958E+01    0.636461308681327509E+01    0.250958473552609185E+01    0.744370282556032770E-01
    0.801359198673578943E-07   -0.390695793869892259E+04    0.109453018091390342E+01    0.530833129864526043E+01    0.910417963064620039E+01    0.746330972931543712E-01
    0.109378873384931945E-06   -0.390764679249859910E+04    0.172127638188045822E+02    0.725961354309743179E+01    0.712363868313804716E+01    0.745266846100660629E-01
    0.284256321395506815E-06   -0.390962357639203810E+04    0.441830447516833580E+01    0.884295373098558635E+01    0.344919342780857896E+01    0.741717631411915601E-01
    0.306684157212980064E-06   -0.390984212714449859E+04    0.690581188833110104E+01    0.237635340523063743E+01    0.776276341573199957E+01    0.741669352562102091E-01
    0.705971766702497537E-06   -0.391157630747526218E+04    0.183669508902002310E+01    0.653395000657335956E+01    0.625157516033642224E+01    0.589579770156425376E-01
    0.147802944561465418E-05   -0.391312075369738977E+04    0.833720610785402272E+01    0.860578683662726185E+01    0.930323624967341090E+01    0.736082291983830572E-01
    0.170896025233644137E-05   -0.391347777116621364E+04    0.274191242303907146E+01    0.566232536923208851E+01    0.418590355537002523E+01    0.735920241857161983E-01
    0.221400879169693502E-05   -0.391406227715132127E+04    0.832778083530684476E+01    0.706003453125286118E+01    0.676397617218202640E+01    0.734466167422518357E-01
    0.263042772073873980E-05   -0.391447362713637085E+04    0.774269123780665502E+01    0.496358713729002754E+00    0.437396090768869250E+01    0.733741467269890535E-01
    0.314687302885708838E-05   -0.391489881941527210E+04    0.149243546023959155E+02    0.299252138273243196E+01    0.362747056339314078E+01    0.593408421233707628E-01
    0.436576550802081373E-05   -0.391562025463691680E+04    0.172907148462196183E+02    0.332385974699481768E+01    0.827767775881094181E+01    0.595392152358991122E-01
    0.634320029209044141E-05   -0.391643410104556642E+04    0.399476673250629549E-01    0.732600695843635652E+01    0.392082420962421452E+01    0.729182438443896075E-01
    0.655878100660370211E-05   -0.391656761040123502E+04    0.543854986048780731E+01    0.202015023539805005E+01    0.554714296720213085E+01    0.596759000865063616E-01
    0.637615739570465748E-05   -0.391657779879451846E+04    0.973105358202759163E+01    0.799249995855063133E+01    0.789372761300981196E+01    0.729809205299096764E-01
    0.661947412710122357E-05   -0.391671936606711824E+04    0.155230971081166080E+01    0.740798846084796025E+01    0.460601723775261718E+01    0.596553244959812101E-01
    0.127549283652217472E-04   -0.391809783634491805E+04    0.605503852355039562E+01    0.450694945129014890E+01    0.365315572283235923E+01    0.727660877087734637E-01
    0.230000587867855151E-04   -0.391934366108459790E+04    0.425774446894500613E+01    0.683169002407745118E+01    0.440187401183455940E+01    0.725098584720478279E-01
    0.444655555957641338E-04   -0.392072876392331727E+04    0.316905341666399210E+01    0.104070577996515978E+01    0.184006601634882827E+01    0.615377573561017854E-01
    0.933092786192454295E-04   -0.392227783997859297E+04    0.134578017554315004E+02    0.487899542743713788E+01    0.958284248385815829E+01    0.606415959604926780E-01
    0.103382708560450894E-03   -0.392254954297978747E+04    0.815245088193872824E+01    0.309678751716844181E+01    0.869990143971887164E+01    0.717609988728098447E-01
    0.275233867065759143E-03   -0.392457457653142501E+04    0.179641368378396855E+02    0.540745067100708265E+01    0.838922232307075078E+01    0.712942515920225173E-01
    0.343832798154166373E-03   -0.392508631184885417E+04    0.117578161325000323E+02    0.549838520494695615E+01    0.717032621195420461E+01    0.711732669624156600E-01
    0.470346661458234878E-03   -0.392577960754164815E+04    0.461198102563074297E+01    0.919307306723288065E+01    0.349621791442607410E+01    0.709994186602318500E-01
    0.734072804133826585E-03   -0.392673655063129627E+04    0.181473515549666473E+02    0.635529995263333447E+01    0.212198477747111092E+01    0.647175341581198715E-01
    0.856397190507523229E-03   -0.392711146942643654E+04    0.837062978665655777E+01    0.536130429572744038E+00    0.475153448444629944E+01    0.616335030049195431E-01
    0.897552669698265405E-03   -0.392727201114793434E+04    0.101597061653690126E+02    0.993416459614486769E+01    0.904720924399434168E+01    0.706082421190121767E-01
    0.163360516373811659E-02   -0.392853642342424200E+04    0.469127774095626893E+00    0.804285365550403597E+01    0.387377450762495634E+01    0.701706243808775110E-01
    0.166047517668336891E-02   -0.392863571905699064E+04    0.102285773625712206E+02    0.825441630499700807E+01    0.598429507062003907E+01    0.619860009741817208E-01
    0.168160214149218660E-02   -0.392872767208806545E+04    0.292491808513928309E+00    0.330498837297888093E+01    0.381254664074336880E+01    0.701700946658494473E-01
    0.237277804923708736E-02   -0.392948296764820861E+04    0.912735793104722859E+01    0.228218972427842459E+01    0.637671946985943805E+01    0.699735306342559316E-01
    0.484219785104806483E-02   -0.393097624887037318E+04    0.120814579596864959E+02    0.530659241290784323E+01    0.529415468663069433E+01    0.695306251828076149E-01
    0.502625946929552946E-02   -0.393111753022520770E+04    0.606207819559799255E+01    0.855925109806466633E+00    0.633572318140015511E+01    0.694299632464532301E-01
    0.585305149175916611E-02   -0.393148877106102100E+04    0.194950428987219553E+02    0.651200798441984041E+01    0.592040004587189017E+01    0.693270811297537204E-01
    0.657676788963577983E-02   -0.393178859827709948E+04    0.235012246887902387E+01    0.268491651023615052E+01    0.871650566195376086E+01    0.629453472147523119E-01
    0.656137108890679673E-02   -0.393185057727596086E+04    0.711944394111501122E+01    0.867583865863641712E+01    0.719177290132907743E+01    0.629585276886166501E-01
    0.673083121840981763E-02   -0.393196824205638677E+04    0.170878036702155249E+02    0.796248303867931018E+01    0.334482254599791062E+01    0.626669704551425788E-01
    0.658311839080389944E-02   -0.393199052853744524E+04    0.156577166408109463E+02    0.868936542244040311E+01    0.842040118920229119E+01    0.630142751465725404E-01
    0.682066322752978259E-02   -0.393212809152794716E+04    0.571357602868029613E+01    0.681817644655858324E+01    0.864224412351189386E+01    0.690512917941954463E-01
    0.676961301330825452E-02   -0.393217973261207771E+04    0.953210708449960187E+01    0.399533540266088283E+00    0.691027132332491334E+01    0.630831771835456134E-01
    0.701902584686821436E-02   -0.393231876031246156E+04    0.732773992222247728E+01    0.495050209250313156E+01    0.521742657300608137E+01    0.690327414427420738E-01
    0.806617424970553464E-02   -0.393266353669722912E+04    0.185162229128432223E+02    0.282999973203222321E+01    0.585939038826216319E+01    0.688498472973153586E-01
    0.788782801664995523E-02   -0.393268548639328219E+04    0.642745715996239309E+01    0.512070859597065287E+01    0.529180469628871109E+01    0.632158734745829065E-01
    0.812012596442314091E-02   -0.393281020276597610E+04    0.712173718836196645E+01    0.678953580216770547E+01    0.879386729979245629E+01    0.633215360143559725E-01
    0.811737083090813966E-02   -0.393287619072370717E+04    0.104619584333800155E+02    0.310254204612739493E+01    0.524141246375278591E+01    0.633072256625712981E-01
    0.849686819289343157E-02   -0.393303424006089836E+04    0.197482412634978459E+02    0.417845622350784751E+01    0.804914917422189546E+01    0.686721115483837075E-01
    0.856944403646609128E-02   -0.393311791714671108E+04    0.135108299471543560E+02    0.317577133284865809E+00    0.176140426028105423E+01    0.636440168307235155E-01
    0.973188289224047494E-02   -0.393343899288197872E+04    0.120948142912397856E+02    0.745865533285876481E+01    0.752600770609964087E+01    0.684897659554619676E-01
    0.122471901790067225E-01   -0.393396543784055984E+04    0.927281152042072343E-01    0.175398866609118453E+01    0.511625666680176039E+01    0.638137852576214915E-01
    0.127425703120868823E-01   -0.393411140819442198E+04    0.168942935582299185E+02    0.317216523736023825E+01    0.883895723071245598E+01    0.639056173744558809E-01
    0.131527594993090195E-01   -0.393424144126774627E+04    0.837734868274536382E+01    0.757845219224592692E-01    0.572758565371168515E+01    0.639736070699328252E-01
    0.137076873513376687E-01   -0.393439075835748372E+04    0.113620723555730780E+02    0.108236636430697697E+01    0.953454967847412149E+01    0.679800238816783420E-01
    0.138353644239479056E-01   -0.393447596733938599E+04    0.142001089018639846E+02    0.594299976700047772E+01    0.881428180166073361E+01    0.641026169614868913E-01
    0.140024950073695253E-01   -0.393456664915591409E+04    0.187991507362724981E+02    0.309411855143266656E+01    0.416969544648352120E+01    0.639461108825405411E-01
    0.149485150889584664E-01   -0.393476406870498340E+04    0.472791061956430347E+01    0.440286984270701787E+00    0.291023951451318297E+01    0.642194890292395737E-01
    0.148255634297928818E-01   -0.393481421733123716E+04    0.313274115064277447E+01    0.949503414351215724E+01    0.738011402143064998E+01    0.677243675341372420E-01
    0.145508983077429661E-01   -0.393484348356096734E+04    0.196493265688754413E+02    0.590706720658204887E+01    0.717094333661096783E+01    0.677035907337013576E-01
    0.146013013144929878E-01   -0.393491706607722699E+04    0.154568495736389355E+02    0.962154365643599085E+01    0.290280813368480040E+01    0.666245793474276038E-01
    0.142018847462895021E-01   -0.393492826080097257E+04    0.687216841089676933E+01    0.109974561267932636E+01    0.962515257002991476E+01    0.676326098644899343E-01
    0.139351860187731900E-01   -0.393495701211857158E+04    0.448124653270550688E+01    0.403779639698564985E+01    0.654793982939554553E+01    0.676285442087649624E-01
    0.144136439408782645E-01   -0.393509119527325356E+04    0.934435519383513835E+01    0.491475274412690233E+01    0.825205011682143308E+01    0.675149535331560635E-01
    0.139833281891787731E-01   -0.393509724298488436E+04    0.432599960774754422E+01    0.533992568103671239E+01    0.934080838550364234E+01    0.645024350232186183E-01
    0.145727762826047373E-01   -0.393524648839868541E+04    0.148397223207535625E+02    0.328487927573489658E+00    0.761871203023154209E+01    0.646165318514761999E-01
    0.148061544430615494E-01   -0.393534493063564241E+04    0.151189118960673987E+02    0.705850629346722869E+01    0.865798230702951344E+01    0.646951791058736347E-01
    0.159703138488440921E-01   -0.393556297466101933E+04    0.811734306700097363E+01    0.326959004526507702E+01    0.708279023835999055E+01    0.671065099627297101E-01
    0.155150918593664356E-01   -0.393557180453594401E+04    0.394119566886831807E+01    0.248636265611994833E+01    0.569002577673048648E+01    0.671280416610493536E-01
    0.151804303661537219E-01   -0.393559485901034714E+04    0.145442093224040452E+02    0.215138183667033323E+01    0.285529829368634225E+01    0.644479448493153750E-01
    0.149563002331386825E-01   -0.393563177669483139E+04    0.156474544137926741E+01    0.143136106279425168E+01    0.760956389949635792E+01    0.670238647496324003E-01
    0.145921117540521207E-01   -0.393564914028258863E+04    0.550167702741951636E+01    0.662459730266972446E+01    0.313345107357730868E+01    0.666019399606825324E-01
    0.144658067682787630E-01   -0.393569842018686450E+04    0.145335315180954900E+02    0.468253651275935923E+01    0.845530628836051079E+01    0.650421321715195511E-01
    0.143017292845840898E-01   -0.393574227235004219E+04    0.190243230426516483E+02    0.606462520903208890E+01    0.781111390861880750E+01    0.668999214795118480E-01
    0.139810827659988778E-01   -0.393576358846857511E+04    0.176431629849282423E+02    0.823245387956918506E+01    0.577169341880639841E+01    0.649552086043774235E-01
    0.135748479611126956E-01   -0.393577128209716147E+04    0.711979037404034187E+01    0.957745824069666263E+01    0.671243622932113126E+01    0.650739805506146407E-01
    0.141163196723243546E-01   -0.393591617453545950E+04    0.628301149493313638E+01    0.510816372629774307E+01    0.381074852235446215E+01    0.647135228858619627E-01
    0.138090791881933690E-01   -0.393593883067485967E+04    0.188012805009621466E+02    0.556951582593020511E+01    0.709996945486809139E+01    0.666237314142639203E-01
    0.133928614885687903E-01   -0.393594428844603272E+04    0.145708405797614091E+02    0.194960014451885844E+01    0.495124116409431636E+01    0.667385410152092629E-01
    0.130294397739267997E-01   -0.393595593422238653E+04    0.175263642425224186E+01    0.102983791772668321E+01    0.314731682078827646E+01    0.654156973695676491E-01
    0.127768099628302462E-01   -0.393598344171105418E+04    0.141065038654670776E+02    0.473814299154205187E+01    0.653587503607110065E+01    0.654151150198418740E-01
    0.123747897778835828E-01   -0.393598616740681246E+04    0.852270008510896204E+01    0.904006107264402203E+01    0.798118159833968832E+01    0.665130475670550059E-01
    0.120638472680541491E-01   -0.393600193773423780E+04    0.119038080192932672E+02    0.874666159754202077E+01    0.754205295098142159E+01    0.654861872325933625E-01
    0.118717404475255639E-01   -0.393603649974604105E+04    0.180549225788727661E+02    0.668740741819924711E+01    0.488676968598791994E+01    0.650400224866953813E-01
    0.115401307661247617E-01   -0.393604650595062094E+04    0.174951923993131828E+02    0.333813041250831388E+00    0.488283034136714633E+01    0.655908488324328243E-01
    0.112335493481968453E-01   -0.393605932098877975E+04    0.914016581609757672E+01    0.231595635117903198E+01    0.971640146697356499E+01    0.662867876379449328E-01
    0.109310060087339494E-01   -0.393607138477683247E+04    0.178055978812454789E+02    0.944501516943381780E+01    0.905598825531526330E+01    0.657301320867829109E-01
    0.105878044014303535E-01   -0.393607425038665360E+04    0.805825341832702158E+01    0.886870909053414813E+01    0.578000264030487543E+01    0.665997112341312203E-01
    0.102487247085117517E-01   -0.393607581799047330E+04    0.967767556242529281E+01    0.994721299205870224E+01    0.852261961939615986E+01    0.657381287537572856E-01
    0.998241930654784893E-02   -0.393608982905167886E+04    0.793308713858287384E+00    0.361984087434401536E+01    0.672745661824975016E+01    0.662159195259002242E-01
    0.968192707323613060E-02   -0.393609536668406054E+04    0.113369636626688894E+02    0.107538630763450360E+01    0.854397088363873536E+01    0.660795481764944181E-01
    0.937428855804290848E-02   -0.393609745279581921E+04    0.543244119460605468E+01    0.697265231274073116E+01    0.873447791711587129E+01    0.660792628925996883E-01
    0.910949559253622192E-02   -0.393610681278120001E+04    0.118547301324069316E+02    0.294458881334838107E+01    0.715139087634540616E+01    0.659517333575896370E-01
    0.882643713401837227E-02   -0.393611034764069973E+04    0.178036960467468894E+02    0.422430850474597541E+01    0.620148070896453874E+01    0.657201313899371531E-01
    0.856639307197623427E-02   -0.393611720496334874E+04    0.768451572785171066E+01    0.350309569786458441E+01    0.554907610039516186E+01    0.656309496632323519E-01
    0.839968872602188388E-02   -0.393614456739628940E+04    0.347682620037254075E+01    0.547074779368014319E+01    0.601396828686551288E+01    0.661608362015879692E-01
    0.813383882184271455E-02   -0.393614691074933580E+04    0.180467597478863979E+02    0.840571174083508410E+01    0.660264149036717285E+01    0.660740285217042977E-01
    0.786814501056161235E-02   -0.393614715609370796E+04    0.156204089713122389E+02    0.116408289989508207E+01    0.444194258029302169E+01    0.663421183020713734E-01
    0.771529085162783734E-02   -0.393617458646802152E+04    0.149529874912920953E+02    0.328678336981637376E+01    0.457078083130293855E+01    0.665991629697137988E-01
    0.749245948427233743E-02   -0.393618263899086196E+04    0.719740064188064466E+01    0.719418770966096410E+01    0.365100324837129797E+01    0.671125469521010043E-01
    0.728985892584732564E-02   -0.393619447982034490E+04    0.255912472452526440E+01    0.207576894696092351E+01    0.454703240549246246E+01    0.661614234464369400E-01
    0.705921159708150329E-02   -0.393619684484575191E+04    0.845076635335379578E+01    0.419250992553765389E+01    0.545680756254581389E+01    0.660675062210018815E-01
    0.682960325400355783E-02   -0.393619737793182230E+04    0.764364272709709081E+01    0.385173774449919826E+01    0.447443224178217491E+01    0.653544519157533976E-01
    0.663698501768157905E-02   -0.393620682702568547E+04    0.104515598868482318E+02    0.937988612421431789E+01    0.516531019456339457E+01    0.653032863443547829E-01
    0.644314722626001223E-02   -0.393621421233975889E+04    0.577840553176314131E+01    0.842036138253644850E+01    0.573062707454317710E+01    0.662024211247145278E-01
    0.623308415091403632E-02   -0.393621458728269135E+04    0.286422699533780145E+01    0.929347685980316385E+01    0.584246390020208040E+01    0.660562135122968463E-01
    0.606135272646800369E-02   -0.393622537742687018E+04    0.133623573773357069E+02    0.702357791368130435E+01    0.507223458356559753E+01    0.665663844252997183E-01
    0.588551363661773182E-02   -0.393623316613052248E+04    0.684456637454804362E+01    0.821485670919967070E+01    0.500048123393309574E+01    0.666147931718810149E-01
    0.572817580381196692E-02   -0.393624563900787007E+04    0.104824900227567639E+02    0.752988195983782216E+01    0.510244155742164196E+01    0.665238198122721780E-01
    0.562089789709570038E-02   -0.393627449427077045E+04    0.179661363212775953E+02    0.916002802048019937E+01    0.451077233367257868E+01    0.649400478337074372E-01
    0.543690165768833007E-02   -0.393627459679960521E+04    0.648129202091671885E+01    0.126356365074016153E+01    0.380062239983899097E+01    0.660893480435245095E-01
    0.530840085917066735E-02   -0.393629342603234727E+04    0.119508292323520280E+02    0.458329439388399962E+01    0.318549121197231599E+01    0.669979306682142450E-01
    0.516102429139646008E-02   -0.393630378156390634E+04    0.118639564514160156E+02    0.595838069915771484E+01    0.386545062065124512E+01    0.670660734176635742E-01
    0.507698153248740264E-02   -0.393633761189576308E+04    0.393627771710768837E+01    0.577930063788673998E+01    0.358816090377917263E+01    0.654237565981634628E-01
    0.499474451463936386E-02   -0.393637161729062700E+04    0.119552561558933981E+02    0.335093614230012360E+01    0.295794864119135781E+01    0.667004619161202239E-01
    0.483698456519563759E-02   -0.393637409443784691E+04    0.633772384463617389E+01    0.593270882516740983E+01    0.465750389323213554E+01    0.663118336172128231E-01
    0.470073371980492694E-02   -0.393638361531307373E+04    0.560778445327699160E+01    0.445363087966189752E+01    0.443685211181453099E+01    0.661730420970154665E-01
    0.455734774385979906E-02   -0.393638832640386772E+04    0.866039294227607037E+01    0.777849048898749018E+01    0.467160472063597787E+01    0.665495668904534377E-01
    0.443325335950632473E-02   -0.393639977884652490E+04    0.658265722562944511E+01    0.331868392074183305E+01    0.418431256340896951E+01    0.658743884775525590E-01
    0.432844791659208784E-02   -0.393641859615668091E+04    0.130735632931718371E+02    0.639220431823773261E+01    0.481495956330218355E+01    0.661757511072298410E-01
    0.420143754966140464E-02   -0.393642569824639486E+04    0.111560067523124786E+02    0.323952305040470501E+01    0.305148537243104911E+01    0.652549829059285713E-01
    0.409133857422331725E-02   -0.393643925582469274E+04    0.647059177830674237E+01    0.932037151809989517E+01    0.500778254201876116E+01    0.659327102441689128E-01
    0.401016416383304531E-02   -0.393646584245700069E+04    0.142510597828065393E+02    0.763684271396427761E+01    0.489478295890599568E+01    0.659825676171634790E-01
    0.387969813029770492E-02   -0.393646635946376045E+04    0.867262560445042396E+01    0.658826065836487373E+01    0.344083204740715942E+01    0.667580668984024683E-01
    0.377496489190953495E-02   -0.393647829359715206E+04    0.192927700103154862E+02    0.647687792799934492E+01    0.394199738979277825E+01    0.669853371694357769E-01
    0.366147382619064514E-02   -0.393648390960103416E+04    0.420083922526034570E+01    0.955511086626770556E+01    0.440743775514132707E+01    0.654302706515617061E-01
    0.356517569332832603E-02   -0.393649727143646896E+04    0.116508694466947276E+02    0.572387643928581547E+01    0.305992083563209682E+01    0.660557593462145487E-01
    0.347198187445934029E-02   -0.393651096258473899E+04    0.725396999064660708E+01    0.520992041234601544E+01    0.421079764159514092E+01    0.656918167527429375E-01
    0.336032628422714514E-02   -0.393651225425413895E+04    0.122314580729744264E+02    0.570168584165700931E+01    0.373264465475207174E+01    0.650846389059285269E-01
    0.325231820897152468E-02   -0.393651358083975447E+04    0.122371603182067474E+02    0.474921694388347770E+01    0.428684575624599518E+01    0.662199371533485071E-01
    0.316471796013666684E-02   -0.393652563931115810E+04    0.139434355039225615E+02    0.590059086657849541E+01    0.308125352008666198E+01    0.665047424074425297E-01
    0.306234914412624503E-02   -0.393652654273000962E+04    0.170287124394346172E+02    0.145884449310295850E+01    0.285808487859635640E+01    0.663956653258526153E-01
    0.296291219404120178E-02   -0.393652719003350603E+04    0.155472284321087493E+02    0.124837574635380522E+01    0.290967049437999670E+01    0.658261667687285446E-01
    0.288869998666527574E-02   -0.393654312457078140E+04    0.725923316457459400E+01    0.927621703649111495E+01    0.409083560193922402E+01    0.667643350084710097E-01
    0.279859264227077945E-02   -0.393654641142493847E+04    0.199266919171302668E+02    0.116195012208555881E+01    0.282130974609396645E+01    0.657264396362540193E-01
    0.273842738782306824E-02   -0.393656961238464282E+04    0.155148475184690184E+02    0.335987799994686753E+01    0.395210678375094560E+01    0.659757473037521081E-01
    0.265553612795252749E-02   -0.393657480456363101E+04    0.124660797249545592E+02    0.836037318236027183E+01    0.465035501838044318E+01    0.662275666686773512E-01
    0.256902011674330468E-02   -0.393657522719615736E+04    0.570591436089219695E+01    0.854726249448648900E+01    0.440549552268722877E+01    0.656330571582945943E-01
    0.248666337623526653E-02   -0.393657672837011660E+04    0.115265461269110929E+02    0.366963679915040686E+01    0.296544330412713464E+01    0.660145114139942812E-01
    0.242399348604589292E-02   -0.393659234419400673E+04    0.115571894844713636E+02    0.500672269037069295E+01    0.387279727260058593E+01    0.654034309295377092E-01
    0.234773442603115759E-02   -0.393659507967703303E+04    0.819485099295400587E+01    0.310558354083725607E+01    0.344753974923463247E+01    0.660634979784757714E-01
    0.241000429582735511E-02   -0.393664780551547392E+04    0.192576069609121845E+02    0.468241454337439134E+01    0.328470135295523669E+01    0.668694290926321599E-01
    0.236821769804256878E-02   -0.393661282374765233E+04    0.836814178899228445E+01    0.531827130646672419E+01    0.375593806767497540E+01    0.654587385231844010E-01
    0.235120139441998997E-02   -0.393659840131384954E+04    0.931097000543865860E+01    0.808011275263879902E+01    0.386236856894027092E+01    0.651539946101060696E-01
    0.255623297457590812E-02   -0.393676561781641840E+04    0.182456227890289249E+02    0.531830453147821913E+01    0.356458716444161183E+01    0.666887394515569554E-01
    0.266339670219931665E-02   -0.393684775298325621E+04    0.131801702360158153E+02    0.550363739629534532E+01    0.360821175226039692E+01    0.663292296467843379E-01
    0.246253133228916234E-02   -0.393669092809098083E+04    0.164344749261105925E+02    0.634515669858465170E+01    0.426691042711989965E+01    0.661466485364041734E-01
    0.254295723896119175E-02   -0.393675520379767886E+04    0.940533404143299734E+01    0.619800300653543434E+01    0.339557925850172460E+01    0.660944096609292764E-01
    0.245809297057871055E-02   -0.393668732012366536E+04    0.152897795404103132E+02    0.831871217901280424E+01    0.321434156597495502E+01    0.656429147119534928E-01
    0.240824282668082503E-02   -0.393664634318348453E+04    0.928311848217581392E+01    0.438824761639253502E+01    0.385693765422298540E+01    0.660277410610827786E-01
    0.285175345800827524E-02   -0.393698441656250361E+04    0.135306727273547125E+02    0.724182004707551386E+01    0.353075535269613994E+01    0.662001753670213855E-01
    0.271427345490975061E-02   -0.393688559708244748E+04    0.111677872652743346E+02    0.979331642186306794E+01    0.392657149723062915E+01    0.654201250268615642E-01
    0.297375181424776010E-02   -0.393706819724091474E+04    0.178565672497278314E+02    0.920813874053634329E+01    0.340892320688844208E+01    0.657648528115650777E-01
    0.251501175545688471E-02   -0.393673310341082743E+04    0.189957180170529156E+02    0.389377603770578329E+01    0.376839822564344296E+01    0.661446395171028101E-01
    0.238232608062023156E-02   -0.393662470316585268E+04    0.114006844535148879E+02    0.537594293685431079E+01    0.407151141281825346E+01    0.656254900323227641E-01
    0.275950345462793595E-02   -0.393691864996707045E+04    0.161969159562474339E+02    0.523374983469360178E+01    0.342572106261171960E+01    0.663417710924731896E-01
    0.261033701038489120E-02   -0.393680750712697363E+04    0.119453599095045284E+02    0.531927949900412678E+01    0.378621488130171358E+01    0.659589700486962194E-01
    0.236941724283020209E-02   -0.393661383652709037E+04    0.475110415810729858E+01    0.983249933758497363E+01    0.394624823526209489E+01    0.655162686489367818E-01
    0.301709551611240847E-02   -0.393709713769342443E+04    0.167402295545519983E+02    0.820531306710027408E+01    0.370142745592270117E+01    0.662409017922815924E-01
    0.238929195114058728E-02   -0.393663054259006685E+04    0.986938501558005576E+01    0.658398856764798257E+01    0.399944549667485205E+01    0.653963696892836399E-01
    0.270899316907625455E-02   -0.393688170253853650E+04    0.132758721371612651E+02    0.960259000899332094E+01    0.356108511525146554E+01    0.665476998425420518E-01
    0.245757719616921050E-02   -0.393668690042552134E+04    0.604349337079929771E+01    0.755792558984352247E+01    0.366428725455244475E+01    0.660331548218167086E-01
    0.236583920584697771E-02   -0.393661081406129324E+04    0.750589100868739667E+01    0.828374400576465320E+01    0.448002054236504677E+01    0.658036572403930542E-01
    0.246765159305487470E-02   -0.393669508230812380E+04    0.971943401947854468E+01    0.526213330071978547E+01    0.326341340935471003E+01    0.658662075142948389E-01
    0.252584112238828746E-02   -0.393674169670553692E+04    0.198097510644013610E+02    0.705480146395671337E+01    0.411637497356250215E+01    0.665206805477189800E-01
    0.251957833553693566E-02   -0.393673673157617941E+04    0.786274452804516955E+01    0.892405457836136229E+01    0.358355106811450597E+01    0.661851870861995817E-01
    0.259605085503048384E-02   -0.393679653123230037E+04    0.120432260517665881E+02    0.670199111926212865E+01    0.383253017770308446E+01    0.664524811563618201E-01
    0.284162623339744664E-02   -0.393697730146683762E+04    0.162361925579877706E+02    0.951839842087399290E+01    0.370815392177830105E+01    0.666317989007314537E-01
    0.265893853133731661E-02   -0.393684440244503639E+04    0.174475304033039045E+02    0.839666273218037063E+01    0.377579318633249983E+01    0.667784934862984958E-01
    0.244716821432636221E-02   -0.393667841150583354E+04    0.150994644676615373E+02    0.769040370579836718E+01    0.417849466561628979E+01    0.665891653984465037E-01
    0.240703140375201144E-02   -0.393664533686658842E+04    0.844360328840911123E+01    0.924038293999404026E+01    0.418001516287125341E+01    0.666129474156214041E-01
